(0.2839315538722687,0.6484122087885758)
(0.11159372960744848,0.8550899221786831)
(0.9192403335543984,-0.10145221670670868)
(0.18736389040679655,0.7717697633653061)
(0.19902935509756772,0.7544798171837871)
(0.587784374352197,0.2803017756290281)
(0.8644735256752041,-0.09424250190702484)
(0.13465637889433918,0.8363519311972504)
(0.1806033889693385,0.7678435521051038)
(0.5233395348288219,0.34028840310228065)
(0.7553274607472056,0.06405356396370478)
(0.31210197390138683,0.6225623082049694)
(0.3460999409871844,0.5762106355317727)
(0.4059567852133517,0.4917215297903844)
(0.35014364000444864,0.5401003034755766)
(0.26979567466761495,0.6721689080246896)
(1.0217429138759881,-0.25080936877049576)
(0.29365286880019453,0.6347299355505174)
(0.39352445534546243,0.5165635269141824)
(0.5353508265953852,0.3441693246930248)
(0.14447497295219244,0.8154512892106874)
(0.29675623282382174,0.6137214889112154)
(1.160084662660898,-0.44052512456696946)
(0.6890680780112988,0.12402018603135512)
(0.29949117222956345,0.6273746022268629)
(0.5233820558971056,0.363867134884099)
(0.1812643713516885,0.7733511523261105)
(0.172270382048412,0.7850890920250204)
(0.33806693688058426,0.5869208921906478)
(0.19844536586923509,0.751985603842321)
(1.0841113173170522,-0.395097756652754)
(1.115845244319634,-0.3857848333773889)
(0.13644386700103084,0.8277621753693594)
(0.7133605978514286,0.12826467540557374)
(0.2767526923088928,0.6610324721101597)
(0.2126283127434239,0.7559320459839747)
(0.2727215604441169,0.6550231158236993)
(0.3591773152670335,0.5656087540889994)
(0.311471806194783,0.5948064786690158)
(0.3436743463053358,0.563755594912022)
(0.16380834718719686,0.7873878783514716)
(0.5666595704114253,0.27531672974895255)
(0.2523394880738697,0.6964791089046152)
(0.1748740040694278,0.7802322895476609)
(0.18861769055311536,0.7562346927621987)
(0.4643654232572194,0.4231414695657219)
(0.22536344180316448,0.7263620382088012)
(0.3968910812514095,0.5008612574478388)
(0.4775839610200404,0.3873953370395927)
(0.3068707492986472,0.6155083136632763)
(0.19171104088738636,0.7658286154579765)
(0.6073452153146186,0.23166429169201444)
(0.8539561770795949,-0.064957986179264)
(0.3075710187292921,0.6200689797211248)
(0.7176461533378667,0.1130384298189486)
(0.968121950879064,-0.15406356047806166)
(0.31208919002528335,0.6028440782705075)
(0.909405840325187,-0.13297715839343616)
(0.2388122955345809,0.7056449232831705)
(0.22583473407751228,0.7217750262026776)
(0.4153158156723639,0.46633505122111135)
(0.30715981602624165,0.61560034029907)
(1.463433255318649,-0.815416012597348)
(0.8699052373457565,-0.0875854428620014)
(0.5800641247717475,0.2902434450582687)
(0.30579460868290204,0.6229404794470058)
(0.3186772965042771,0.5978560886715422)
(0.4427989437212538,0.43841397984649294)
(0.4287787178994188,0.4430279775605941)
(0.3495911491067205,0.5716400782239602)
(0.4024563082989528,0.5066401175312598)
(0.21531117402979713,0.7237954381975447)
(0.5573269269764783,0.28013108335692916)
(0.23310406271466058,0.7084391606947337)
(0.13161581718040435,0.8239116546890187)
(0.5007269877813317,0.3646882988426644)
(0.2408871798530318,0.6929349638962143)
(0.5553075823563457,0.31239707630265245)
(0.11400430995136408,0.8550676622056375)
(0.2687172053687262,0.66933761911384)
(0.5319496985880603,0.34460100888181067)
(0.2659319411008154,0.6596298598059869)
(0.898831685303266,-0.1467902710815553)
(0.73194107988458,0.07988425843052373)
(0.8487777466430767,-0.07282319921847953)
(0.506774444992228,0.3569913031179146)
(0.5398794946510301,0.30824634623808544)
(0.3645340582057851,0.5428532349638346)
(0.47243504485491294,0.3732556245449498)
(0.7957529186035049,-0.0019403054846215521)
(0.46821194041025604,0.4064666679083427)
(0.6161136911111593,0.21535681857987307)
(0.25182493534479045,0.6894387573972257)
(0.4150489298098592,0.49829446752949236)
(1.2818712440697662,-0.5870289567894152)
(0.24465026654763708,0.6958073853302861)
(0.5442620229325694,0.3481179286949727)
(1.8629787468516137,-1.3408740235218868)
(0.8718399349698454,-0.10108428573261787)
(0.40336449980647043,0.47371184196047555)
(0.22975014982382103,0.7134126320003683)
(1.12617485932546,-0.4010867686263223)
(0.1982134595781524,0.7426832253497089)
(0.44364078450003386,0.43630325306813084)
(0.1796122707674684,0.770923729217547)
(0.5755436311747578,0.24752624858695782)
(0.5555966883944606,0.28378039688761997)
(0.19299567573154247,0.7646058104325844)
(1.9688440489434795,-1.416505671602178)
(0.19463278098801645,0.7585654007051588)
(0.25722629572290134,0.673055692867021)
(0.320663539408702,0.6187042878581119)
(0.6092225728728401,0.2308651779224444)
(1.3571776911501319,-0.6455241007655388)
(0.24589284737163306,0.6921390887054255)
(1.003362230721572,-0.21773503477232278)
(0.49957955288937894,0.3827120469864013)
(0.1351888263935121,0.8293775695490482)
(1.0419697259437857,-0.27311310187263355)
(0.19280396696565866,0.7550438969708668)
(1.355104004191008,-0.7174847830121981)
(0.4814026146286503,0.3920446983292918)
(1.6129316179241244,-1.0157932798276175)
(0.702469068116298,0.13950564247619435)
(0.3303500208467672,0.5743897094561105)
(1.3432648072678566,-0.605120244446961)
(0.2529391111639114,0.6858819621067166)
(0.28429109028690297,0.6528140574707896)
(0.14618194030515946,0.8178293987083922)
(0.24381414301149437,0.6882976930550709)
(1.0396423237936316,-0.2936244519643339)
(0.30692130578621163,0.6265656151775645)
(1.0732903142504255,-0.3430977709273107)
(0.5888609124534937,0.2799797754667284)
(0.1547268981294546,0.8120995363453386)
(0.22059686940458562,0.7186860132388303)
(0.6548845271495588,0.17353849880378144)
(0.23640707234645822,0.7141799651676017)
(0.1583767425867407,0.7916901481201362)
(0.6203576107731622,0.2370640603170021)
(0.4968896946496025,0.3927159416574201)
(0.12022890881972512,0.8542397262643895)
(0.3247806679440602,0.5746958640622226)
(0.3397907985950235,0.5727966574845629)
(0.2644591556667913,0.6587869799766896)
(0.1707094666366358,0.7864191159008077)
(0.21038674944687477,0.734772028947784)
(0.1995123270314449,0.7628777094858564)
(0.3006987382446858,0.6099345107428439)
(0.2595042167634636,0.6767163793668449)
(1.086131795441154,-0.33304344458523794)
(0.2532825497896565,0.6787559094245957)
(0.8125918621876497,0.03892103289500056)
(0.7990569166818499,-0.0006387429976634373)
(0.6137540279370227,0.23789718490877093)
(1.371535144279293,-0.7127637171609504)
(1.038289047854315,-0.3210410981260811)
(0.4454125791825495,0.45055383212887506)
(1.648669104585247,-1.091480740312229)
(0.6331492104693954,0.20016072429427922)
(0.11294641656912673,0.8496520475051318)
(0.5090846680568901,0.34762841487675056)
(0.28750141685188335,0.647547272622176)
(0.14057061130972592,0.8208141358398255)
(1.4219598357546934,-0.7445707650725846)
(0.17851113463885065,0.779818579471166)
(0.49819273185184304,0.38496613906421223)
(1.4308492625774671,-0.7424439485746934)
(0.2814039803932161,0.6496662718218346)
(0.9599663073733278,-0.15529931017752316)
(0.33820594450005365,0.5811504559294682)
(0.2474437719988152,0.6815351041600822)
(0.21473700798368806,0.7332279397865579)
(0.48970865767073074,0.40510421398069285)
(0.5776374476223921,0.29447142531249865)
(0.5843157704691868,0.2580006363092408)
(0.08272045182398646,0.8914566303846957)
(0.13738840088390658,0.8249788645969933)
(0.18830660518223222,0.7704702394625443)
(0.3136041511600047,0.5876551175079331)
(0.42692249657587067,0.46118480667974654)
(0.35072915947837,0.5724386201566374)
(0.2367778157931281,0.7076013376057866)
(0.7174336874748344,0.12125077907673441)
(0.460736344780186,0.4159097351257454)
(0.8359115143195504,-0.040147126189840114)
(0.6573284440888227,0.17827323598871503)
(0.2539971584835549,0.6804705289679579)
(0.2291156020714262,0.7053659500177933)
(1.59329619863847,-1.0244148664962482)
(0.8662853382779389,-0.06592616992597038)
(0.6804525817744088,0.1936963695067701)
(0.4978985833317737,0.39834823411769116)
(1.146298557288142,-0.42165395504266723)
(0.2190716003448851,0.730485632622861)
(0.5124931377778272,0.3717088171410032)
(0.5046375743066874,0.3762651331904391)
(0.8959053639354181,-0.16556523396885856)
(0.30352077115395554,0.6151060831115311)
(1.4506790732845682,-0.73238516867994)
(0.3695106289720534,0.5415054623258728)
(0.4652834789106686,0.43615516889464256)
(0.7723977795536506,0.04712805286699086)
(1.3855515942407497,-0.6466556161361209)
(0.7067325651492294,0.15151829842498413)
(0.5699770602843413,0.29564564640654417)
(0.30696888086476154,0.6322871165481074)
(0.617365121382839,0.2190469434676136)
(0.14615270008284112,0.8083574082111831)
(0.11635246030606014,0.850648482061076)
(0.3621630052803451,0.5325930492714193)
(0.18826750557448374,0.7586458817726351)
(0.3968684491296431,0.5107879007029749)
(0.45167694358154376,0.46262655399837854)
(0.3998911404749666,0.4992420477836241)
(0.7416346715597367,0.08477874828925358)
(0.20079218815007294,0.7467007205351152)
(0.7071909164676474,0.11720291712200473)
(1.2443909238279858,-0.5224830822926965)
(0.2199040025824595,0.708841763481495)
(0.7133437563127711,0.10013045978306541)
(0.7696898001246885,0.038820662131994615)
(0.9569067859736782,-0.2071446525509843)
(1.0500646037199843,-0.26608312563233916)
(0.4324510481870007,0.4722826877051486)
(0.5792046647958143,0.2718303490889211)
(0.9086010134322036,-0.14104024295264245)
(0.925753305308653,-0.12551331765254292)
(0.5680995438170277,0.30421844004157417)
(0.4240504812060143,0.4498849363027203)
(0.19339699865527496,0.7581300003401537)
(0.18802066092690314,0.7660893441076193)
(0.5797301765699436,0.28221296800399587)
(0.37965723871139206,0.5237485984019422)
(0.750063328681316,0.019648717613525157)
(0.4031667888559188,0.49526115344043764)
(0.38074122891638357,0.5343683263229658)
(0.23375873821169874,0.7223586571044394)
(0.34586577230193577,0.5498078277506137)
(0.48132285031162353,0.4073440061130538)
(0.25247834159713006,0.6938087294714568)
(0.6288772571122677,0.21339015305128392)
(0.677449618415791,0.14233582742090778)
(0.23494579914226935,0.7169145502703497)
(0.779558628263654,0.015091275360342065)
(0.5282562182038169,0.34133537591489294)
(0.1950782515494376,0.7558409356773401)
(0.19894887642239772,0.754682547664117)
(0.3842472950891159,0.5186974725730711)
(1.1200686642233861,-0.41514538196061657)
(0.5824159779293973,0.27949159980356025)
(0.13216076017003917,0.8321041006123292)
(0.2691871333630328,0.6488657797880564)
(0.27827205631949986,0.6266618443032309)
(0.16021621995230614,0.8151125335459348)
(0.359312664777744,0.5602566187438295)
(1.2223056376565322,-0.4796057260318781)
(1.6614918894128035,-1.1026445247908587)
(0.3167784678739197,0.6001638347144325)
(1.2556706602138132,-0.558453792543316)
(0.4944852737107383,0.405155030294748)
(0.30104713342235706,0.6129338270223014)
(0.13887120323831398,0.8267046049826048)
(0.3453441354577949,0.5652666569185849)
(0.2703220480825356,0.6716679008516269)
(0.3757124376773653,0.5479134467106749)
(0.31887406183552197,0.5971478312442349)
(0.6332452658775349,0.2612961514143772)
(0.6860881740074328,0.1395449812702721)
(0.641304364888912,0.24418521503534218)
(0.17149480495733277,0.7800346061664092)
(0.25197011490974797,0.6827573269821375)
(0.9848128855452153,-0.15441699009055818)
(0.38555101111859397,0.5205710497093016)
(0.45472158209561003,0.42504597585893594)
(1.1786184214128406,-0.4900226440027091)
(0.6669971183782241,0.14575360818907016)
(0.17860092229408586,0.7861552312480485)
(1.1763329283276405,-0.48050963947916897)
(0.6479070873056083,0.19979526076799228)
(0.19800868839125327,0.7376174109257011)
(0.2796959364687364,0.6530386779579724)
(0.4053446186273667,0.48418831024544245)
(0.8193039056707608,-0.006061449081615607)
(0.49710881090573167,0.39159345010745106)
(0.8226403451271174,-0.03668835849372881)
(0.5414401736383633,0.34127819994377456)
(0.8689091139712016,-0.08676261752355656)
(0.517048486500625,0.3276722368574329)
(0.7519506680687675,0.0683712373285892)
(0.20510763972853518,0.7495137899307256)
(0.5433292255975802,0.312821050023267)
(0.10666551498296799,0.864554672097258)
(0.41531476733325307,0.47421300562805974)
(1.1813620231366833,-0.4795991061736422)
(0.22170292567716643,0.72283284673579)
(0.5640999669349909,0.312408352970755)
(1.0076650865239674,-0.27017516709713874)
(0.9740194475723326,-0.186327968887001)
(1.6793546979959793,-1.0321651561532155)
