(0.4660579534556553,0.40862609464556693)
(0.42761028473885204,0.4717749066632606)
(0.5369899101401435,0.33286850210077673)
(0.24822396521599646,0.7059684190072324)
(0.4044154851072609,0.5083544081272502)
(0.5323175449325128,0.33164387247163896)
(0.6480184814186691,0.1849334355899244)
(0.8473105193877032,-0.06470198459308213)
(0.3572986103402813,0.5443370223649017)
(0.1920098346441706,0.7591065840618298)
(0.3053141420222566,0.6245275100564486)
(0.5174917434895268,0.36571840418848567)
(0.5623441386788155,0.29550040619601836)
(0.7866335452382057,0.007009288636843714)
(0.3462879308784636,0.5712710448671104)
(1.1255507417275818,-0.3993018952387052)
(0.21974926676717843,0.736525585187673)
(0.24304319765586951,0.707739957272009)
(0.7193442895338262,0.14178748342113748)
(0.6394208265486397,0.18908488896399547)
(1.2638096054837293,-0.6026760317709364)
(0.14829822475129217,0.8195297562093445)
(0.5841508319271157,0.294555507243351)
(0.5689146565565566,0.31336463740438353)
(0.2622489723974671,0.6740456559942457)
(0.9143398179666259,-0.11119485472704371)
(0.6090764931147804,0.2704142090477874)
(0.14964349406722227,0.8004576405184233)
(0.5017406771155453,0.39290561183485706)
(1.8632930451251069,-1.2625769616367877)
(0.9937620149046209,-0.25155949315579973)
(0.21778403906559657,0.7294719531411697)
(2.0735853782016775,-1.5178419387214506)
(0.5562992781659255,0.329378933031031)
(1.2656701099492929,-0.5359553930898314)
(0.9997800266098179,-0.24471874154528914)
(0.662756998687984,0.18688129455395092)
(0.1830632407266257,0.7784800202772055)
(0.35292366745994225,0.5736522542753758)
(0.6685139255015432,0.16430491971430308)
(0.43401552799916077,0.46783801131002256)
(0.4262304724351799,0.4515291813665557)
(0.8344834543286432,-0.010539621279605251)
(1.1929202566157433,-0.4682952585153587)
(0.3089358680786951,0.6391859762671867)
(1.158462593388289,-0.4602521880565484)
(0.7852659406037215,0.01832243388789361)
(0.23131871297277182,0.7129082494237978)
(0.43585587926341,0.4968234808983548)
(0.43586210616163645,0.4474515349206617)
(0.8493276263150349,-0.07569496881318515)
(0.28177980217108123,0.6555358172849991)
(0.2701484043141912,0.6760837866373381)
(0.5019687266029675,0.3515956642006339)
(0.5983563701612924,0.2821824218185082)
(0.8556207769412568,-0.09416789106408525)
(0.5596161476774677,0.31648440135335654)
(1.982165828290371,-1.4292788436930806)
(0.5791909965330932,0.27792836164605816)
(1.1545997299589903,-0.4482384763551505)
(0.604709643865366,0.24200035489608018)
(0.8813393233213211,-0.061911742788540676)
(0.4385024616755696,0.4457739839599599)
(0.11910326368858594,0.8492619921004823)
(0.7989907948056697,0.04593764565084658)
(0.433650341892846,0.4767987746412551)
(0.27067547111133167,0.6684602820240928)
(0.4775913154836015,0.39268966858982507)
(0.28460898286573044,0.6558903284424674)
(0.5671240139577672,0.2798594562702788)
(0.4708396096588226,0.41058931995737813)
(0.32222463720987427,0.6092222040159573)
(0.2980527839015808,0.6202506280132377)
(0.2467595388446508,0.6951424896894473)
(0.20177731593168335,0.7572014136835251)
(0.4949582496322176,0.37783592012155454)
(0.4115658919224678,0.4857195909737046)
(0.42199777324345744,0.4681298608730779)
(0.5009825599754391,0.39030929248536694)
(0.38024028531357523,0.5185946826414224)
(0.4187182061861359,0.48975197100006895)
(0.38675179961826917,0.5196482109733684)
(1.1784598051467066,-0.42909001811139535)
(0.7149267084814718,0.11973771421686503)
(0.7378641207655892,0.11091247581018038)
(0.25468117270551366,0.6941811994270016)
(0.7081528584584368,0.11721686244677572)
(0.2263438432211748,0.7083383487050798)
(0.1392424232934409,0.8222457888926737)
(1.1544851458780205,-0.46187705965745995)
(0.10776226060324894,0.8557165477184241)
(0.17037708070490165,0.7957043380158221)
(1.9618764986051038,-1.3952328878295495)
(0.3479111352021581,0.5501280688996643)
(0.29107733657410495,0.655630314390008)
(1.2018271426780578,-0.5097403924330552)
(0.31383527501839764,0.6154073890163642)
(0.2709577493319375,0.6703020651887387)
(0.2816097738736328,0.6497316320933263)
(0.31509783817446,0.5998622240845672)
(0.3724522524960915,0.555475868946198)
(0.30614573579890053,0.6224763401288349)
(0.3840859794431173,0.5379006192814877)
(0.5946129979312342,0.2701817602121708)
(0.30168090618056725,0.6390823280030837)
(0.3010336404380386,0.6299012698594595)
(0.17980292172625117,0.7807879268593314)
(0.4067462171189467,0.5037904353575441)
(0.8443591311538137,-0.03488761188134683)
(0.27958588122257116,0.6467951378636915)
(0.21454559185783853,0.7108185480261179)
(0.1551390809313993,0.8090183400670762)
(0.7138557685014334,0.14370081150129943)
(0.45293250676469016,0.4443344842826632)
(0.24948147854986039,0.6779508562891123)
(1.0256974538002732,-0.2658005123489726)
(0.49087826523769523,0.38230268565534115)
(0.16282778353671767,0.8022033894594444)
(0.9994905369042079,-0.22955850215177045)
(0.33364231675779593,0.5906188868467739)
(0.9927381437454496,-0.248166291400385)
(0.5442678062277828,0.28940346243649073)
(1.0648643667518964,-0.30883987699020016)
(0.3557071347547422,0.5578353958706941)
(0.272612473784088,0.6560504101512495)
(0.8990222851360036,-0.08014618733346182)
(1.0979418262543388,-0.3491404252467821)
(1.8775805399972358,-1.3240539864127787)
(0.4540909658259045,0.4368906764397043)
(0.22698718252714545,0.7151504406234518)
(0.7073319034953599,0.1208774435324765)
(0.5158996550278866,0.3631746026423869)
(0.2777301039253593,0.6528168835064657)
(0.14919658206991834,0.8156963948633422)
(0.3191250870997872,0.5947864419491311)
(0.5301276651702314,0.36003596515500735)
(0.6440498779276099,0.21662700431609225)
(0.7928980498032884,0.009741592973247884)
(0.6357640313488118,0.2034880103587912)
(0.6351438973178163,0.244450838803038)
(0.3282156541334679,0.5862846834471688)
(0.8012804296138808,-0.025015112500050812)
(0.9945318210247784,-0.23469913936950548)
(0.23609760621339412,0.7043627770368289)
(1.0185053295027977,-0.20450305610807668)
(0.46755359144565084,0.38684319817429197)
(0.36229458119768115,0.5446997872807642)
(0.5351786989813809,0.3338800964471329)
(0.5628488127291134,0.3084393784451682)
(1.562154948440656,-0.967426369210502)
(0.15367032496321076,0.8203213243578618)
(0.4324621695442922,0.4725350622425707)
(0.13364765873496548,0.8270088129756764)
(1.342508999222135,-0.6654408837913671)
(0.2047241388710085,0.7370109136879444)
(0.2374976374679574,0.7087455966836845)
(0.29352521438661994,0.6194934793080754)
(0.19930028168501474,0.7620986670235678)
(1.3058198420209763,-0.5731354045852648)
(0.8843412093578378,-0.039694139220987606)
(1.2181716360592152,-0.48932986788955224)
(0.5640990854861593,0.2736265945148088)
(0.4460336078632284,0.4495713782832404)
(0.2824789002853927,0.6596096339969773)
(0.30845418373679523,0.609229063935763)
(0.33594481193496334,0.5848585093812637)
(0.42434879490820554,0.49182639759514274)
(0.4819257117629022,0.4075762766466977)
(0.8298775163749517,-0.08716884457737108)
(0.4722434791513397,0.4226228532728216)
(0.6028367705277528,0.2545077347345362)
(1.4048946967812357,-0.7300704142378251)
(1.0907290082155954,-0.38280965138198014)
(0.2208462905279134,0.7156889966532911)
(0.7680368593490575,0.07220992315107895)
(0.2004863708235075,0.7414128935995707)
(0.6787655161759087,0.175052123758127)
(0.13931673687071858,0.8212444377108523)
(0.23343972530274656,0.7139239679995911)
(1.3253450350382405,-0.685320944620097)
(0.6089992580887357,0.27186872923222105)
(0.2737123140712469,0.6728171864469855)
(0.1397414157089931,0.8254852257410514)
(0.623731032285651,0.21556073415833796)
(0.5649001966611438,0.3213318307003775)
(1.5356928750606544,-0.9215930155338575)
(1.166706250156305,-0.4386817439502835)
(0.19547727797495126,0.7560125824651798)
(0.8974876341118204,-0.09808590281409271)
(0.30248936035878893,0.6209416458173318)
(0.1536762155558368,0.8097394007222473)
(0.5314631552963794,0.34924645483330113)
(0.4352384992857607,0.47202334274710306)
(0.2149325211172867,0.7313255957476452)
(0.23873281205955119,0.7059546855613693)
(0.968134297045214,-0.16736401206908977)
(0.7388576973372856,0.10132408240540476)
(0.29330421530016054,0.6556578422583957)
(0.4090497883515168,0.48191797191310776)
(0.5325846697027855,0.33920974679124405)
(0.30630178929740626,0.6258085561520054)
(0.1776410769087676,0.7816516625012937)
(0.44419569913720325,0.45161274453379774)
(0.3975936338791321,0.5101599297999521)
(0.5740048593612621,0.28009549960878594)
(0.2166289385657704,0.7265319017042979)
(0.4301887935166,0.4776426790364613)
(0.20493306798580105,0.7527491221901147)
(0.4478273452763877,0.43842342046321237)
(0.3241292987349126,0.6017587893733777)
(0.3710305808026959,0.5544638455370984)
(0.4949080312660618,0.3766434432121369)
(1.0693293075774728,-0.33905694421506327)
(0.6608773566394419,0.18348604988146597)
(0.23087161053298616,0.7193918777180465)
(0.34166475068430263,0.5671796779589587)
(0.4127127062837625,0.4757293198392396)
(0.30381570776437167,0.6415167706368508)
(1.529286023956919,-0.8459349666527867)
(0.43261117374265445,0.4825519576229898)
(0.4419127396673735,0.46203268397570846)
(0.431320557184851,0.45429814498802346)
(0.20134910222949998,0.7518611645456037)
(2.0521318766862904,-1.5354882183295333)
(1.6762752319718845,-1.0488225918944438)
(0.504484169806595,0.3862476814856966)
(0.2291588855493673,0.7296744312670089)
(0.6449293697651481,0.23547315100495086)
(0.6850915999590692,0.14958759487633808)
(1.2482463756175126,-0.5587848408379231)
(0.49027526490758744,0.3797472969372122)
(0.5123062353733754,0.37148533302272113)
(0.8982540043988558,-0.12710347840314598)
(1.8756726159323853,-1.230230025803566)
(1.1933600598426346,-0.4304562230125858)
(0.4583659024039865,0.4469095148735478)
(0.7907300620555536,0.02719450158089177)
(0.5445495960893614,0.2967540052678036)
(0.6854147885366684,0.1378090035513041)
(0.5544323510246563,0.3304612547280232)
(0.6119649459440594,0.24189328123584578)
(0.16857205354020935,0.7831486538007886)
(0.300086299979377,0.6167467116959884)
(0.482047025936436,0.40390338271376486)
(0.6674032144412361,0.17844428745609597)
(1.8259731424968844,-1.2155105999644693)
(0.2689941014718918,0.6639997527266787)
(1.5554471402991703,-0.8879403278937702)
(0.24254700769449672,0.7075834763341511)
(0.376029786831042,0.5244773900713475)
(0.2328905348628287,0.7168828964119256)
(0.1437804321866185,0.8182467149700289)
(0.17628654035632288,0.7731216340306083)
(0.9715205132456437,-0.20033665723008617)
(1.0406865434169639,-0.29192080106103485)
(1.939989193667692,-1.3585927750663003)
(0.2551513537525489,0.6862533072195588)
(1.0257364716684254,-0.20776397337800995)
(0.4977716858045928,0.38711838725190884)
(0.8848321025828794,-0.06741557775909758)
(0.9295610525541065,-0.11358374186350129)
(1.3082025461573406,-0.5979586014536665)
(0.8659274103501229,-0.03433364551092762)
(0.5594565501364256,0.27802870604514984)
(1.4100250355591395,-0.748696416504339)
(0.3888612211649776,0.5401227421893673)
(0.5134853618474954,0.35289895632952994)
(0.5943056931393689,0.26306783636019576)
(0.22379134121476993,0.7200880519887116)
(0.23567751871733805,0.7168513465822277)
(0.38801986925289117,0.5182118998095976)
(0.2600787279788187,0.6758389652659665)
(0.3024979495855416,0.6273885232290808)
(0.7908843148235656,0.05695125107915896)
(1.2750894353955564,-0.5700421040357274)
(0.24190045399682195,0.6940288579377432)
(0.5501896866463636,0.31008363396145455)
(0.40097731871786685,0.5180122648122432)
(0.17888583893434698,0.7894541634436538)
(0.24224307453209706,0.7114356498252967)
(0.6872661026720702,0.17247425732034377)
(0.6488632551891389,0.19236555108990439)
(0.16121759956230786,0.795604291514272)
(1.5861709373211523,-0.8888810650720278)
(0.3316647026952427,0.588392874168555)
(1.4515769446101003,-0.8197812783426588)
(0.18323760683686005,0.754507436240356)
(0.17996834789691138,0.7654279475127137)
(0.33879879276614744,0.5826325184717367)
(0.5290294344056631,0.35157044584495084)
(0.8943793677409919,-0.15030722100924954)
(0.9660281334792095,-0.1854537035981562)
(0.4262856199699667,0.47983411239775964)
(1.100038007394481,-0.36964954516124093)
(0.34238972107402754,0.5788615498502572)
(0.6877914238269619,0.15171108934012809)
(0.09752860335032543,0.8620584762662878)
(0.17217081774079157,0.7787099900347082)
(0.6456546036323657,0.1786747600854136)
(0.29274347936026335,0.6181495891115221)
