(0.9135385571031849,0.08801024607169641)
(0.8937213414588139,0.10256898745767223)
(0.9268659755705559,0.06691865835458097)
(0.902532493806984,0.09907743200770291)
(0.8579151993425713,0.13335983977504712)
(0.9156392968854759,0.08813024175357426)
(0.8295731862709006,0.1573096961264164)
(0.9912681567712355,0.007393061603091957)
(0.8303599556234745,0.1745553436779549)
(0.8993853286472527,0.10160907806480778)
(0.8730638868671156,0.13369282431502913)
(0.8491787291760751,0.15102930454521665)
(0.8493979251252614,0.15447804947329388)
(0.8177934594649505,0.1776816325191532)
(0.9007746884304081,0.09685031768575697)
(0.9698558792677714,0.04070920209463363)
(0.8751513854892795,0.12446234611344861)
(0.9160933813919335,0.08965982560187882)
(0.9131406995057766,0.08843939142822324)
(0.9366659907027856,0.06432919050044095)
(0.8950928701789912,0.10453380539527692)
(0.9361174000237266,0.05652046309532791)
(0.8838228916216816,0.11559538329225665)
(0.9209445767677285,0.08772431844433762)
(0.8820783757973668,0.1185977972956469)
(0.9579856790689063,0.04627142747298863)
(0.8364113705386322,0.15979113595807484)
(1.0183279174266888,-0.016043792931190997)
(0.9741262303743476,0.02511937481251751)
(0.8800706962875654,0.12034580459291815)
(0.8120969486471671,0.1901000503408353)
(0.8849309594328496,0.12061520402569684)
(0.8833298623837478,0.11169791139812998)
(0.8841630859180969,0.11098258133539264)
(0.9427170631742617,0.05991645049433052)
(0.8993158972071703,0.10321133985022575)
(0.8748750883560473,0.12196525939751478)
(0.915014360409179,0.08499872675043947)
(0.9150423231691375,0.08784178987246727)
(0.9315148742251367,0.06994700896131392)
(0.8946982543485149,0.10198594928921882)
(0.9062065392184522,0.0996845667240129)
(0.8568696982580297,0.14096327000906267)
(0.9100621015979461,0.09383161620951763)
(0.9228724321078505,0.08132574935693632)
(0.9043215580571231,0.09601154111952598)
(0.8734644618805035,0.13584501198274615)
(0.9418630729245492,0.05601036313275388)
(0.7878902783809055,0.21508893244616004)
(0.9114514176284823,0.08455668489956034)
(0.8696231593830314,0.12669453346956283)
(0.8545634118054861,0.1416590993260998)
(0.8579326899370416,0.13847420751391848)
(0.8904715001740113,0.11507119751224461)
(0.9322413886743153,0.06749632873359533)
(0.9322445139101789,0.07248979005791752)
(0.870771929635632,0.1236867704992852)
(0.9211596099348783,0.07594515338239786)
(0.931591866041939,0.060448725886575946)
(0.8783593843371097,0.12899904348461055)
(0.883720692842466,0.1119143391325215)
(0.8685003271542932,0.12737466044637616)
(0.8275852619107206,0.16492733869769424)
(0.8967727345946964,0.10045067649275981)
(0.9475057910347042,0.04825235499783591)
(0.8868938654744981,0.11753689731025929)
(0.9657487515880028,0.03582075031464905)
(0.872465012995595,0.13108561531518229)
(0.8893746034849678,0.10874517552040804)
(0.9248327159868099,0.08367538682892323)
(0.9906558437429481,0.009023264282857693)
(0.8523417385856624,0.15541570901501375)
(0.8766313033250331,0.1161177578406635)
(0.9652157493255475,0.03387527472648275)
(0.8822744411371284,0.11528943922358237)
(0.8935252509993937,0.10981550216089095)
(0.8636697081712645,0.14574558232003898)
(0.8620168191033719,0.12957101546745078)
(0.8957823900016538,0.10080311346285421)
(0.8699071957936224,0.13256863664230864)
(0.9439689008660526,0.05849207292045911)
(0.9230272617319916,0.07553840714223423)
(0.8843381771335445,0.12167663385913811)
(0.8927459006589237,0.10536773852013386)
(0.911781207861486,0.08750692010245004)
(0.9445637293025633,0.06105487550922887)
(0.9078377789604712,0.08588154596054835)
(0.9547537649648259,0.05536643266303986)
(0.8837452397828887,0.11180548412790434)
(0.9028911753069533,0.09968261704032685)
(0.9089260953974546,0.09497850065465864)
(0.8983139211499476,0.1034041233390127)
(0.9425899756485854,0.05592047519621758)
(0.8463269228507347,0.15016728873772917)
(0.8381894505951971,0.15258227943765698)
(0.8945242298246144,0.10503259057120234)
(0.923403615342576,0.07370151895949349)
(0.8640596126912722,0.12688230839425133)
(0.9182963808395826,0.0777076657288999)
(0.8681233685576673,0.12655330497008835)
(0.785250532286061,0.2192379665727068)
(0.8603465810755557,0.14490402815886824)
(0.9150917706905474,0.0761064891064757)
(0.8669260265748785,0.1351254405665399)
(0.9343686594090722,0.0633342213415807)
(0.8933059675257472,0.11042698935595044)
(0.8548740998656434,0.13747777754375434)
(0.9182683850853203,0.08222897856185667)
(0.8928001798079591,0.10311699722550419)
(0.9795296113856119,0.02694965427009799)
(0.8497325641965667,0.15492637326296257)
(0.8814581686248261,0.11713199984284824)
(0.8195237355867255,0.1780454971522996)
(0.8205492143959552,0.1800266159981579)
(0.9401539323851944,0.06172661563998991)
(0.9038742892667048,0.09078768572042895)
(0.9215700806604439,0.07707298792301481)
(0.9149349965241858,0.08555965892420485)
(0.8847773630973294,0.11401263076232582)
(0.8630142306897791,0.1376097235847024)
(0.9103738273838794,0.090991104059453)
(0.8577816216626178,0.1379702240739828)
(0.8839060565040143,0.11970618926289432)
(0.9147345523458803,0.08410951342641355)
(0.9146479786868135,0.08170864537084506)
(0.872613686565585,0.12630134629405315)
(0.9116335985338327,0.08505918153630944)
(0.7734198875301049,0.22313513859638046)
(0.8581469651511681,0.14143262061508027)
(0.8556397822214343,0.14189491740742324)
(0.9060867443860671,0.08401678547990847)
(0.8668052076359399,0.1301146660268732)
(0.9475288191164956,0.05694146120654137)
(0.942618835443248,0.061697051968057116)
(0.9774579653655324,0.021806677617842517)
(0.9239362459185619,0.07208122218165604)
(0.9207335576193543,0.08066801323245007)
(0.8682547179010673,0.12718828506336793)
(0.9101539576717275,0.08902236988979648)
(0.9058531035963978,0.09647471408236687)
(0.9456286792860551,0.062364524383337255)
(0.9142954973972528,0.09061255191576302)
(0.9000596108753749,0.11064421038031336)
(0.8730143386028529,0.1240841301926689)
(0.8287808899672557,0.16332936482922925)
(0.9758889451037648,0.032670053143624055)
(0.8883498536735991,0.11547688350831499)
(0.9017432915957472,0.09805632367522449)
(0.8474356876504809,0.13903264025600293)
(0.9425994810060743,0.06552656148279336)
(0.9075829045502991,0.0927429634836842)
(0.8350112183940086,0.16210467438097928)
(0.896757106577329,0.09622361332297251)
(0.9262169344300767,0.06503914654677406)
(0.8595812576176539,0.15565402894374408)
(0.9106423307966653,0.08078164573379472)
(0.9233495874488034,0.07420568509749285)
(0.8652919049642404,0.13852810609357497)
(0.8153726882851706,0.17844442628505902)
(0.8896145926285715,0.10665925230488757)
(0.9539165603574034,0.04219353202819938)
(0.861275876280512,0.13356654042718025)
(0.8826867624784707,0.120811229296528)
(0.8377838540160767,0.16385753835779238)
(0.8758038713949199,0.11958317978736552)
(0.8656858643152965,0.13129983398246575)
(0.8609825478414856,0.14355895009353675)
(0.944794859446085,0.055027871457448044)
(0.8328342375600402,0.16626651175278703)
(0.9429980121772961,0.05739582602955798)
(0.9333375981056226,0.05718669295872938)
(0.9553599341162714,0.0430900865227319)
(0.9103920766394195,0.09107851357459015)
(0.8802298096251241,0.12471886384213195)
(0.8735168121194727,0.11889326704770437)
(0.8860012333579006,0.10894524738252127)
(0.8858889990356584,0.10976530012146254)
(0.9562022751736542,0.049137623517447014)
(0.95937355116206,0.03982278062384496)
(0.9635145582765106,0.03725216272401477)
(0.8629791326049723,0.1365551530180868)
(0.8888849673426775,0.10156052892938565)
(0.852031279748392,0.14643952440139313)
(0.9171743881002685,0.0806135735757742)
(0.9042462613028674,0.09754265595470345)
(0.968846914385333,0.03400959287154573)
(0.86870147881148,0.13206888155207136)
(0.8658476539917191,0.12466120952207874)
(0.8669106446061543,0.12335321318285453)
(0.9107509925274557,0.08385334739999688)
(0.963541234392436,0.03426308623371993)
(0.9102654485948733,0.09283644524590665)
(0.8620911499678372,0.13336812905544576)
(0.868037065003043,0.13794132343688909)
(0.8410973812781729,0.14383397193718275)
(0.9098595387678162,0.09085707644932181)
(0.8611871245120791,0.13189015295375617)
(0.8424273470822645,0.1618165681969197)
(0.887578677278637,0.10366581527302235)
(0.8607384298068753,0.14511315189758847)
(0.7958035682049841,0.21091251663273447)
(0.8759400607869846,0.12659006247829704)
(0.8934335673783979,0.1030413003786815)
(0.864477117519834,0.12784989127209806)
(0.9084640764258928,0.08604993577956842)
(0.9442434196368559,0.05077159745474701)
(0.9080189543071909,0.10081602391653884)
(0.8524863606955971,0.153121184243847)
(0.947111493626962,0.047416717673518564)
(0.8931990610305383,0.10557572157059293)
(0.9082497163144072,0.09664169746712849)
(0.8737747842018305,0.12859409724076898)
(0.8523054799438448,0.14762653113957808)
(0.8805453130890278,0.11241352529516391)
(0.9012145549507566,0.09506659899037856)
(0.8532422056188544,0.14178519536380235)
(0.8496527492364587,0.1515159133799574)
(0.847469709811313,0.15027734528406284)
(0.8167068665693955,0.18630182700302653)
(0.8589501881556274,0.1445083890274431)
(0.8716640027042599,0.12138939436539918)
(0.8538823841739104,0.14743281986200213)
(0.8636862858800874,0.12624745139027632)
(0.8192718668738045,0.1803298310123649)
(0.8950115585359963,0.09903381231252417)
(0.8929048634784656,0.10023418625457414)
(1.00082071211774,-0.007876765666082506)
(0.8196133820148016,0.18459146474104957)
(0.8746421394377768,0.13388892238177436)
(0.9061346934629977,0.09666106425182523)
(0.9835063740198858,0.016601380725473753)
(0.9102586546804505,0.08930598415604353)
(0.8772537937435723,0.11686015878079412)
(0.9143407229663563,0.086681499877238)
(0.9209135366031248,0.07621325937948539)
(0.9179585089692657,0.0793997484530806)
(0.8215718995902577,0.1789935687921523)
(0.8950764693688738,0.09248991829520048)
(0.8105901807061435,0.19261960296711875)
(0.8456850537550027,0.15059754712838902)
(0.8315225214280151,0.16668300765181232)
(0.8940862919958315,0.10805477918769325)
(0.8893659247515229,0.1110158348484381)
(0.9042976717847556,0.09268668448673932)
(0.9241725053152918,0.07109525747063992)
(0.8716233637032945,0.12765068261728968)
(0.9279912717068328,0.07513426308905799)
(0.9141645542105801,0.08390635375236472)
(0.8593368869085679,0.13913696401198233)
(0.8639774762994881,0.14049436038967172)
(0.8640005074536217,0.1374247773505551)
(0.9096430157870974,0.09569703488999719)
(0.8304674448353861,0.16743295903990765)
(0.8333109723199355,0.16860707008830106)
(0.8849016574828251,0.11279389280524593)
(0.8964944973869176,0.10654216581646968)
(0.9401011039627202,0.057536978432417785)
(0.8515098111045243,0.14762571065236588)
(0.8945798330499481,0.10675622301313845)
(0.9420859187690859,0.06406977457658114)
(0.94145899783918,0.055037936961564705)
(0.892477467348677,0.10458828989394509)
(0.853140434133506,0.1482947808514888)
(0.8773089314136157,0.13083193882104363)
(0.8368628008701396,0.15722529412605035)
(0.8507622127262437,0.15416614750589996)
(0.91929733459447,0.08141272756573904)
(0.9265018859773826,0.07030519227374213)
(0.8617768150752722,0.13460221978107903)
(0.8856680072167,0.11559735815137602)
(0.8724424112935929,0.12623161649518785)
(0.9112786340596718,0.08279068525671208)
(0.9425818670734151,0.06449334279098053)
(0.945900111923452,0.059697011458998604)
(0.9102809357681041,0.08980810546590377)
(0.878548438852244,0.12216650559838363)
(0.8956152782765814,0.10152674944879839)
(0.9418108997536715,0.05446234633453191)
(0.8713380510719752,0.11867984748113829)
(0.8415999702602249,0.15554923235055457)
(0.9430579872160886,0.05930196410989469)
(0.9027676265608311,0.10294181414888164)
(0.8203572687442767,0.17034637389923535)
(0.822617320000962,0.1738887951105031)
(0.9440454944371084,0.05519260501257992)
(0.9134024992867921,0.08406256144563318)
(0.8546581572515296,0.13716697718555187)
(0.8905052812210797,0.09595303328763555)
(0.8803282609553233,0.11979655382806519)
(0.8295496622243456,0.16726681361102544)
(0.9270950453447266,0.07909052134805701)
(0.9258665916655219,0.05728104988490667)
(0.9235087851301595,0.07445305296567327)
(0.852809713300524,0.1477565574487482)
(0.8716998664770965,0.12342060964943445)
(0.8786905573686937,0.1187500680605775)
(0.8840265831926407,0.11186975374703852)
(0.8573545213810118,0.14916040459375968)
(0.9252459534425039,0.07679930100199217)
(0.8689231081114636,0.13747229337205483)
