(0.719099872087062,0.28210481683876426)
(0.833751400079828,0.16854995605128284)
(0.7016871006320393,0.3000111725631634)
(0.8497209781839284,0.11399384180501129)
(0.9707588685571719,0.04230853923976859)
(1.046306235842996,-0.055213425107062876)
(0.7809260733409834,0.23949051830386112)
(0.5983697937930885,0.3939507322533652)
(0.5565721424833818,0.4433967145704634)
(0.9418247317260258,0.06911096752620169)
(1.0452039712906034,-0.031750611884486454)
(0.9616224036856249,0.03952199102614763)
(0.8774401425133447,0.1257156957592299)
(1.313278666923546,-0.2666773468416758)
(0.8892100853254847,0.09378737582658885)
(1.219652146403751,-0.19310807168737623)
(0.899517938209153,0.10669525375207307)
(0.90340580103752,0.10803034196278931)
(0.8266463869181092,0.19246947076010895)
(0.6283886227300789,0.3668749816892341)
(0.667438578177071,0.3359333371815861)
(0.7660543272119167,0.2441442828125895)
(0.7644909284316341,0.24286403183310815)
(0.6447204601058778,0.3615563554787659)
(0.9932053836722053,0.03806068446754273)
(0.6668026464758419,0.31049916140238065)
(0.9487310673686054,0.045924304834392936)
(1.307493943069943,-0.30590034738570143)
(0.6134026944924063,0.3645947451709393)
(0.5723950320526383,0.42399901525631506)
(0.60578905255104,0.39344284617366615)
(0.7269737512454161,0.26575456021684746)
(0.866449525976265,0.11720767800937833)
(1.1545996906330012,-0.15769640169472174)
(1.1633026482549385,-0.18653163562447705)
(0.8638850689271378,0.13277568319620142)
(1.0355446880400208,-0.047040682021588516)
(0.5853457698986663,0.4074175218213616)
(0.9677550553999084,0.05073945847607347)
(0.8539333147849005,0.13359548969414373)
(0.9873345146560965,0.01222731152233511)
(0.8968825369093324,0.1042968904798477)
(0.6795851987660515,0.32175178612819544)
(1.0983704464665673,-0.08310780699709125)
(1.078194774102745,-0.06388242073303389)
(0.6970314793559137,0.30755036475350933)
(0.9451216374620954,0.06361768972719664)
(0.6425886026868518,0.3538118532333529)
(1.1280897243078243,-0.15523076741036768)
(0.869358455453874,0.14991672026080596)
(0.9116172730318579,0.09392024365126746)
(0.7384091974436657,0.25046169941529656)
(0.6399554318455851,0.34745302168341624)
(0.9170808111466143,0.077567687838374)
(1.207976707735589,-0.21900195014683282)
(0.865441811146051,0.10279093899350313)
(0.7747324017095267,0.22576821687591117)
(0.9301063334308696,0.08958400271916965)
(1.194124708290256,-0.1363627453650074)
(1.5533926580705715,-0.5388051655909356)
(1.1874436920483347,-0.16989842988596265)
(0.6284687190433773,0.36365409848972347)
(0.9392899132261687,0.09198095298717447)
(0.8452535942728271,0.15341088903003713)
(0.8443498808269136,0.16416929060068292)
(0.9431974572952944,0.077062012024775)
(1.351249949679251,-0.3725923974701922)
(0.6571613397312762,0.3679554751112739)
(1.1166670716550526,-0.10498994775859309)
(1.6026809683233136,-0.599047133618192)
(0.8169318042329481,0.18377188198890412)
(0.8173638985029511,0.18494049060542458)
(0.8563122556182492,0.1422480626820788)
(0.775082610741424,0.23141357444115085)
(1.0604139978524973,-0.035945392562449385)
(1.3089629371112521,-0.2952158914176266)
(1.130060737599036,-0.1311758761018436)
(0.8214786283211183,0.1536860877279846)
(0.837786222094426,0.15291963837683395)
(0.7983140747626486,0.1981769123142047)
(0.5638898219759684,0.4408397939940434)
(1.053339797918761,-0.01841776855573887)
(1.1735050053405418,-0.19610631516596813)
(0.8049016695200883,0.18898770207984666)
(0.633494591361392,0.36133906391589526)
(0.7832052045150842,0.24020536582294666)
(0.6414037791952742,0.3702573496791629)
(0.7597632738634965,0.23374250623216533)
(0.5980098417417559,0.3995307291376492)
(1.0010897515788044,-0.009636426855194672)
(0.9603135714498404,0.030617410455492957)
(0.9990155020065794,-0.0024650108040240783)
(0.7337175643947723,0.2766347474442426)
(0.5803407818539116,0.4000969721074791)
(1.804422449041464,-0.8004225566285997)
(0.9498462805217847,0.0476166057936902)
(0.946582441338607,0.03472760689955906)
(0.9080671808014327,0.11612873555471732)
(0.6245017913743975,0.37286182523231265)
(0.6727456081213508,0.3135693110914337)
(0.7645279476948801,0.2275775465749299)
(0.6394084457046477,0.36111438202663454)
(0.8346170997942715,0.17423996448950077)
(0.7590115583894306,0.23258414712088654)
(0.8416880617340009,0.16358345116575662)
(0.7518299897069877,0.23010641966772336)
(1.0888236967715565,-0.07639901494918679)
(0.8852686529560864,0.10050306332553115)
(0.8153841576252795,0.2028235387989007)
(0.8044911811407229,0.19477333184288048)
(0.6956285107177286,0.3038030079189809)
(0.9408932452226005,0.0514521442768259)
(1.0450378307741774,-0.044239907621005395)
(1.0238207971934232,-0.03861065444669054)
(0.7378432292711992,0.2685696578878174)
(1.1634543751017,-0.13307461170869822)
(0.9358081387071776,0.08361080886013755)
(1.0829558812340205,-0.0718913058230744)
(1.0342573620972504,-0.04885269248896849)
(0.4963033532618062,0.4935700471408185)
(1.3027163674499669,-0.3045737811467088)
(1.1326878959676676,-0.1165586195602969)
(1.0469978707953498,-0.04576097407582873)
(1.0516861808108475,-0.044484330071762744)
(0.7826678446634007,0.20885927266886412)
(0.8312768913288364,0.18345676960755822)
(0.7706563861753114,0.24116488109725676)
(0.8872475344659759,0.1158094463525268)
(0.7423982023606619,0.25193308856243996)
(0.687773262767149,0.3184614808618727)
(0.6741330768320382,0.29585420343747165)
(0.8787033509822743,0.14502921730288537)
(1.068042102867722,-0.05469431929884352)
(0.8346529679668137,0.16456979525385734)
(0.7114195056975658,0.2961048562941408)
(0.752553713618166,0.2582870284555506)
(1.349625442487496,-0.3357931961935315)
(0.8196711496267317,0.16122347190504435)
(0.8086196502167976,0.18728036532583506)
(0.9905493464135084,0.024568114060412483)
(0.5357333288321756,0.4754213897157906)
(0.8624680333064184,0.1379800350241413)
(0.7556231089268013,0.24330208354071714)
(1.4980939341755333,-0.5152502155199578)
(0.9465152146287948,0.027404448063340876)
(0.6464172319195942,0.34470430724113893)
(1.0647385757258967,-0.07495716982044309)
(0.6770959435286756,0.332906357788158)
(0.7394877555131093,0.26405461937541425)
(0.9596122925171678,0.04139873499431121)
(0.87996209402892,0.11240703469389321)
(0.758648000003669,0.20954895374443602)
(1.0281220807549458,-0.01974865826000458)
(1.0043779246895401,0.005942909553894008)
(1.117503092170127,-0.11706038956803737)
(1.1143409712533776,-0.1129953859265959)
(0.9638363443800821,0.010909366904563485)
(1.002346541176332,0.0018804913630724725)
(0.9848977886498151,0.01322328630756911)
(0.649874774046173,0.3515868571539545)
(0.7977373184781383,0.20781098950574303)
(0.5069239945936808,0.4972092769578068)
(1.282506358809381,-0.2755114565289756)
(0.7384439867845745,0.2601713094729786)
(1.0247189690556435,-0.023648259051946174)
(0.7844949452977051,0.22356297840526804)
(1.1250677461751286,-0.14324853168232707)
(0.635849818076051,0.3514591598061241)
(0.731561019926401,0.2654299308781902)
(0.7975339225310403,0.19813286325628743)
(0.7520484958561097,0.23982822749398547)
(0.778993473807426,0.21098711077769805)
(0.6782197358649172,0.32784404330944783)
(0.7653469289161294,0.22801021341240038)
(1.031065278928176,-0.010880612551095131)
(0.6751342520791159,0.32887451093944037)
(0.9218211150139816,0.07439134060805717)
(0.9277215475077143,0.08979249115055941)
(0.6246937821886872,0.36381224384580707)
(0.9262896887503048,0.07118340787914886)
(1.1604227513983867,-0.16277879842112036)
(0.6412187212540381,0.3526335172123937)
(1.1617699698912507,-0.17057259991762488)
(0.8474493677141134,0.11734405888889485)
(0.8729575300332929,0.13930591301620326)
(0.9356819346998541,0.05634437755684867)
(0.6757022178014049,0.3165441259743702)
(0.7757330898596039,0.24021148621924332)
(0.992602891246545,0.009893993642970153)
(0.7500078625363233,0.2444282260240223)
(0.7990497948454781,0.19389363604235313)
(1.0237252347812915,-0.011175727990450543)
(0.6038921949020819,0.40500673682889954)
(1.3207206510208827,-0.3141589226244844)
(1.0429381034695069,-0.033236892073841444)
(0.9934487722772761,0.021445609166053915)
(0.7170250421119435,0.258704718117266)
(0.9821099008345506,0.01768596087914611)
(0.8838621792656746,0.11345510485815276)
(0.6931175817472975,0.31302711483235146)
(0.8605855961540224,0.15976362403942956)
(0.7690052034316376,0.22372087193506002)
(0.9416354658774649,0.043112141410165526)
(1.244018763446537,-0.2469484336549226)
(0.8333057213493441,0.15931353552499936)
(0.9690787090886638,-0.009637447038294087)
(1.150093655230588,-0.13831620791258653)
(0.7827052647349816,0.20888795676150637)
(1.1644404802950452,-0.12219330513785949)
(0.7518837243120607,0.241463652722612)
(0.8656789355484825,0.1403757711063521)
(0.9434802812475084,0.05523123485890622)
(1.1924324946160054,-0.22299216991814433)
(0.8826585234796516,0.1316004175158018)
(1.087181281208339,-0.12155481323490776)
(0.870593943483269,0.14488141870835364)
(1.2371819847549304,-0.2166623559350748)
(0.6954822806512444,0.2900985371287988)
(0.8190410680475686,0.19173583193836571)
(0.9859530061425086,0.0089600434721607)
(0.6831649981058519,0.30451334478236936)
(0.8755300129002028,0.1292265593339626)
(0.9921461454106416,0.03532354630225147)
(0.5220868790293984,0.4444703962486372)
(0.7367972559678302,0.2340053822704596)
(1.0015651346336245,-0.0012525863082452527)
(0.7870919745953538,0.21968103249595494)
(0.8692799371718988,0.13176834871315019)
(0.7268033140410793,0.25887558079596634)
(1.0225285251485041,-0.024770755839759986)
(1.0953506831064304,-0.11386551546515458)
(1.0676252158700594,-0.026258712298905612)
(1.0066165993913714,0.004694514645103979)
(0.9853223618384177,0.0007479749466174346)
(1.1185484253688023,-0.11581979727467161)
(0.7656416265794252,0.2140663979514969)
(1.028264596492273,-0.02796788581961443)
(0.9399100605149873,0.03762858098844445)
(1.052802558373072,-0.04027898540884605)
(1.16990529440719,-0.16279756665076087)
(1.1983255986657966,-0.17687426594130726)
(1.05916050382106,-0.058497901551047074)
(1.159114003783164,-0.13493785527760474)
(0.7373463670554604,0.2499461547505236)
(1.0383506558500797,-0.03434591259642349)
(0.8128814820936389,0.17168940274856914)
(1.2998681117575583,-0.29718843443360704)
(1.1905100648575109,-0.17261021540155552)
(0.74947854540867,0.24047044127179637)
(0.6370635563575383,0.3536108978175081)
(1.8040768883799223,-0.7667692561988022)
(0.8542476797810723,0.13979272191146702)
(1.0556857814352638,-0.07698390614149192)
(0.7483483199941867,0.24828987103823122)
(0.6210328746385664,0.35743030284250005)
(0.7736024370463853,0.22296446844175366)
(0.7161144539493133,0.26812916058049585)
(0.7078228006093431,0.28921748963585614)
(1.3306250524365248,-0.31231014249188016)
(1.063010245514199,-0.09546933831634884)
(0.818544249714504,0.1754405628368011)
(0.9512947520028473,0.055722491311877835)
(1.4316001624019337,-0.4474840116932949)
(1.266246304196661,-0.24921905863641203)
(0.892511360552568,0.1344244749630633)
(0.8735504936704619,0.1173446044133688)
(0.618665345748294,0.37838895662108163)
(0.7673416597526979,0.2474047510234122)
(1.427417831044629,-0.41227902180051534)
(0.7325074742034747,0.2811686072917229)
(0.8923233750762608,0.09025196652457287)
(0.9711569791331842,0.05082897585119463)
(0.9306433280149624,0.06511513111789678)
(0.898712433306608,0.1094190170888652)
(0.8319211421573791,0.18742663785596012)
(0.6439659357943038,0.3471553301405192)
(1.1175225488696152,-0.09115230260963218)
(0.6654460334737407,0.32025783596948265)
(1.0596885166495782,-0.06615566223545148)
(1.1276774643464202,-0.11014088880139715)
(0.8446103044065043,0.17909583953857966)
(0.8418684347522551,0.15447353600242505)
(1.0537491814074995,-0.04957298497778546)
(0.5661518038740323,0.45827880724496833)
(0.6599668674221408,0.33994245457570077)
(0.956563274061439,0.03955349318933116)
(1.2011771904303865,-0.20996716473001412)
(1.001150418522334,-0.031681548414081336)
(0.8677209251629793,0.1451265419998265)
(1.1717657293804442,-0.15956587561100422)
(1.0788503522449915,-0.08316248149043362)
(0.7876562568099099,0.196199972053708)
(1.2860668842926648,-0.29950890094784766)
(0.552612172444436,0.45979429711300784)
(0.7565278538170402,0.2443205269008384)
(1.0502669820793196,-0.04757202636043408)
(0.917365968177241,0.08111654907580616)
(1.0153674136857178,-0.0030837769678689272)
(0.6639359458312137,0.3203377039998285)
(0.6796123559740265,0.28777356695464784)
