(0.933419854115346,0.06674799675289957)
(0.8891885972683345,0.11266564016900706)
(0.8271127950924103,0.16860950131400407)
(0.8759428282349179,0.12720354088538252)
(0.8133473652450749,0.18286130610045265)
(0.9077139652988508,0.09079671645080069)
(0.9078342497832231,0.09746665777937817)
(1.004624595964727,-0.0006606266864079763)
(0.8124589076229398,0.18884034191947777)
(0.9126657820496452,0.08425286159362706)
(0.9068631085858716,0.09540722842860108)
(0.9547861663140449,0.04338258700930225)
(0.8956467215737232,0.10262914292803199)
(1.00852206630076,-0.006421086038016022)
(1.0234883873367489,-0.026744988274493422)
(0.9681505599334616,0.026605646229320424)
(0.8341700638043138,0.16286325224676704)
(0.8999105680750513,0.10177351128075256)
(0.8997109023746572,0.10296738041757296)
(0.8357181452923401,0.174552697543316)
(0.9552884437321036,0.037113476655295824)
(1.0062960210228002,-0.013220708572281598)
(0.9414909932809751,0.06387534097994002)
(0.960123964953516,0.04591664637298446)
(0.8603579438197726,0.13816392849765544)
(0.9415287800811415,0.05251560422711084)
(0.908593137063139,0.09177495040046606)
(1.000839389895896,-0.00915820439167713)
(0.8116152186710841,0.1772954527103455)
(0.8221273455087836,0.1850434770849684)
(0.8939579627561335,0.09839939035938844)
(0.7845292530710044,0.22031492839011876)
(0.8811804324919231,0.11295852109697462)
(0.9293135648434523,0.07429225119641533)
(0.8291157109290769,0.15892677133073319)
(0.7745625153264063,0.2228369078284021)
(0.8632272392586321,0.1357042171560291)
(0.8550516632103411,0.1473337174845624)
(0.9240364440889762,0.07555758088011101)
(1.071693610193324,-0.06561343359846128)
(0.8644914377925674,0.12711117316941462)
(0.9634198570171787,0.038160806478820135)
(0.9185368727174339,0.07511111159051619)
(0.9524373245678707,0.05902592654190786)
(1.0360806223066261,-0.027109831927186294)
(0.898449600821349,0.09939869584139274)
(0.9576098744077168,0.05400689088941445)
(0.8435185963836618,0.1524974698203526)
(0.8758701235442409,0.1251962711379046)
(0.9076266811429856,0.09311339471136819)
(0.9497976113925445,0.05795956822409152)
(0.8369316913054186,0.16649228658385176)
(0.8731689032020473,0.13192935357108548)
(0.96058840445264,0.0388634180591025)
(0.9121759769656498,0.09385087348029165)
(0.9818643356579936,0.019930841012027137)
(0.9532200507861689,0.044473128761449376)
(1.0510171900335958,-0.04760578658702642)
(0.9047623148975453,0.09560267033702922)
(0.8595452106221316,0.13975100703096233)
(0.9010617683976855,0.0968159094393526)
(0.8461339708250335,0.16464344410175458)
(1.0034747769101433,-0.007780504879543539)
(0.8673323093910931,0.13702631767314238)
(0.9003335292657842,0.10041047693980304)
(0.8785291250374189,0.11027682050662524)
(0.9378379659542406,0.06784468407882142)
(0.8854210218954887,0.11629515924361832)
(0.8682866555415304,0.12492820366555957)
(0.8580589102762495,0.13895575040599462)
(0.957268875167307,0.03957872462465226)
(0.9362633884500385,0.07394898725424774)
(0.8524155066133098,0.14883890244919243)
(0.8574400503901319,0.13439282019135795)
(0.9338405342320721,0.06208198360212866)
(0.8325049596753399,0.1594098552269681)
(0.7919519663209066,0.2069278372325308)
(0.8682897162594383,0.13867325351921664)
(0.9457429542940772,0.05198388106903003)
(0.9922166568186528,0.01944483065822538)
(0.9516420481296083,0.05542210411251341)
(0.9736978157218555,0.024850296242418767)
(0.9602431067021697,0.03601671361256908)
(0.9786052079543811,0.028398528206010163)
(0.8253281694652371,0.1713652630314532)
(1.0276614472211032,-0.024869410547960918)
(1.003302719905344,-0.00022553353572487056)
(0.9285020993572491,0.07118610962319523)
(0.9083371181187249,0.08938061303501468)
(0.882275925552105,0.12403699478561385)
(0.8669142257312857,0.13546674827807964)
(0.9273733949257492,0.07173535598991702)
(0.8555081287196534,0.14644011944532664)
(1.0163857718278397,-0.014493010452031673)
(0.9029343933173885,0.09339980645456213)
(0.8730405458402716,0.13095734301407277)
(0.8162872492749815,0.1881010698186115)
(0.953406156887202,0.05582474075072144)
(0.8871002543360794,0.11442313802729183)
(0.9087833486252981,0.09602210406593278)
(0.8688792709289365,0.12872436615598223)
(0.8875167316343981,0.10605155342342243)
(0.8967486110927371,0.10691189827627438)
(0.8825728820203547,0.12160789385523503)
(0.9301940747783327,0.06707807683277495)
(0.8811335295159365,0.12523622746470592)
(0.8494599339762363,0.14652450217679633)
(0.9133923923695196,0.07832789009666553)
(0.8039193265227504,0.18751799341918665)
(0.9647843728883786,0.029995346805373888)
(0.8456770803418483,0.15051266629750992)
(0.9305920472767216,0.07778282492359224)
(0.9509380826449352,0.04298385500642604)
(0.836228268305592,0.16437061171108514)
(0.8645375914078658,0.14105305470418575)
(0.9515919218531397,0.04307771996685359)
(0.8451292573438919,0.15649758050832094)
(0.8200007676198918,0.18351876668833)
(0.8848678249498417,0.10768877247864655)
(0.9482833308065021,0.05734722202321262)
(0.918588647940716,0.08500837267354507)
(0.8899143796806316,0.1060483478276045)
(0.9676517348672293,0.03303339945929658)
(0.8460223249432564,0.14673466822929807)
(0.8301968102538594,0.16856856235487816)
(0.9384465171385203,0.05730199764646408)
(0.8362717599135236,0.1699682412201194)
(0.8693773344634105,0.1263121382504366)
(0.894444483138381,0.11690695718796568)
(1.0523200193604982,-0.06278852071047791)
(0.8523021977116183,0.14541337432803483)
(0.8239756533855092,0.1856287506133612)
(0.9379340313681218,0.0692917286675377)
(0.9107305325716287,0.08006282193131904)
(0.8404994348636334,0.16242052145185185)
(0.8903358881105652,0.12163771472676643)
(0.8392480244623803,0.1573404667051202)
(0.8815756542461556,0.11710758859840452)
(0.8795598515543356,0.12089070249959541)
(0.8076851357107026,0.1916062425886763)
(0.9200426787266099,0.08312038959911752)
(0.8731573895369302,0.12828078651904248)
(0.8642952067403045,0.12954198922138496)
(0.9983040125084172,-0.0017466822636592976)
(0.9451590271989354,0.05681452134787779)
(0.976932369603319,0.027624901893029418)
(0.9198057277242163,0.08013973873734419)
(0.8962437156195564,0.09334558070315316)
(0.9280873568952296,0.061125820364679284)
(0.92462160707192,0.08067271637599993)
(0.8387758978903292,0.1574227163412509)
(0.8987250819686081,0.10659251124289311)
(0.9394428581726938,0.06291310087830175)
(0.9167268221875268,0.0844121326102552)
(0.962309671748273,0.03978673909113032)
(0.8489240852632791,0.14931243916370893)
(0.9083087214448635,0.08783426238642222)
(0.8584734158613427,0.1471444005483591)
(0.8851960514719956,0.11790718964357792)
(0.9621557790849649,0.037149235651083606)
(0.9826772202185509,0.020060971718274947)
(0.839013304316868,0.15650947236163035)
(0.8869107568545658,0.1147974871694318)
(0.8565016018208501,0.1399719686368625)
(1.020943619754244,-0.016283529816342027)
(0.9776881611863089,0.016363523573593323)
(1.032470843660603,-0.032967931794839034)
(0.7754350448406798,0.2253574500393645)
(0.9456491043306834,0.05091318444499423)
(0.9269212154731088,0.07691922013082245)
(0.9545619618860023,0.049744162678006625)
(0.924279440327095,0.07986880888182232)
(0.9638650489828176,0.042736174400314325)
(0.9068179740747755,0.09394771879703985)
(0.872386436439269,0.12888004393517513)
(0.8145296703573844,0.18806914807728148)
(0.9039620844468919,0.09441484683359694)
(0.9610118444106464,0.041023256376669544)
(0.9126125112325153,0.08100377831809087)
(0.9267983706635666,0.0751600312916558)
(0.8647283049050489,0.1320244942734624)
(0.9349799994074124,0.05755623739653532)
(0.8938811090321119,0.09837211106891924)
(0.8815419506091599,0.1148222888463054)
(0.8662910495089141,0.14082388742874527)
(0.8499050973770893,0.14905599085724958)
(0.8495038355528561,0.15526207336533002)
(0.9237004946194628,0.07528990123698207)
(0.9396980970900481,0.06105844641898206)
(0.8032563194053165,0.18963710470310893)
(0.8811659912748364,0.12438723600367876)
(0.8773137289307967,0.12190931825650299)
(0.8829435566400349,0.11510253181524267)
(1.007494156903616,-0.003438372852724128)
(0.800228752616729,0.19533463457086533)
(0.8158756023448419,0.1831257766662508)
(0.8533419360598014,0.14666242954058298)
(0.8026569263705461,0.20509903622461706)
(0.9135239324480867,0.07735825971634155)
(0.8433413680929738,0.15891936723280797)
(0.8145779864489529,0.18681601425052374)
(0.821872413454232,0.16615830735168302)
(0.9614251457057013,0.04546591156047856)
(0.9429731435699176,0.06114729055487271)
(0.9112152603532835,0.08886791368406063)
(0.8648083708838443,0.1264676049261171)
(0.9362576294209515,0.06853554094670608)
(0.9024034256132899,0.0979525466292612)
(0.917320376221659,0.07661305767868874)
(0.9301621770837812,0.06593153831282282)
(0.8370533306499154,0.1608326839915285)
(0.8403767590187574,0.15781816719587638)
(0.8328076343672728,0.17397527785649053)
(0.8404116196003423,0.1628480024539551)
(0.9947877988484328,0.0050422799322436705)
(0.85104816586435,0.15276108095814137)
(0.9671087124945568,0.039205565048881987)
(0.8491181680313101,0.1552537247752488)
(0.9404242924670735,0.05461507642920487)
(0.9259278986554026,0.07659360653795262)
(0.8369374570414182,0.16596033774615943)
(0.855188166793178,0.13959813011719535)
(0.8983110296551298,0.10392443580921279)
(0.9444440267106671,0.06220672459795988)
(0.8319670454424486,0.16719004658708406)
(0.7814102791561907,0.21802487186742803)
(0.9159524556299228,0.08232243151242796)
(0.8800098242519969,0.1212594106729399)
(0.9292574051480996,0.06805791051551008)
(0.8460374164112386,0.16542698093646283)
(0.942978941972641,0.05320786640824507)
(0.9677218072164211,0.03305388730888779)
(0.8102527422275466,0.18519277878140353)
(0.950652778426454,0.05322473660822156)
(0.854319315220113,0.1446850716062976)
(0.8000210907583042,0.19956832683736936)
(0.9608711379817707,0.03788254104954718)
(0.8299898217119455,0.16925846088843427)
(0.820551784529111,0.17495549371233576)
(0.9307016573470431,0.06870906690393727)
(0.9499063751411683,0.0449320120489869)
(0.7865324828913413,0.20484780770782995)
(0.8174920185402589,0.18914120335153145)
(0.8671403440605691,0.13338013126801262)
(0.9261894164882843,0.07495009996502984)
(0.9236021778012427,0.07438652496605458)
(0.8992640373779552,0.11101342536834949)
(0.8543158906663665,0.14587938225000913)
(0.8869680438706906,0.11827489566187205)
(0.8525131955576553,0.15368927162205154)
(0.9466114674135735,0.047780825316841795)
(1.0152259273867446,-0.01737697131119668)
(0.8468299135420216,0.15462862573367794)
(0.8407483260303077,0.158727507935344)
(0.9172100009123655,0.086684497260959)
(0.9022458080713055,0.10378330777694253)
(1.0160420514523198,-0.021763462071020156)
(0.9114276666650655,0.08146175086765921)
(0.8564201614048996,0.14065377280059332)
(0.9523509499667492,0.050510344273159355)
(0.9204269407187484,0.08088108201562877)
(0.8620560852377464,0.1402561775911533)
(0.9521746897083099,0.0481077544093009)
(0.9819627506623432,0.025955099822623173)
(0.8367716657581177,0.16178539551662335)
(0.9448878445389273,0.046725980404272845)
(0.8903889787996119,0.10440256804509761)
(0.9474017539477662,0.04776741921288536)
(0.8643556592869903,0.13134189565627438)
(0.9172310536332589,0.07859193856700256)
(0.9099603200403029,0.08951015697794455)
(0.82467385123407,0.18231106143174958)
(0.9031374308007487,0.0886399671490003)
(0.9292237958734857,0.06209882395674164)
(0.9721351948121897,0.02418017975801166)
(0.806250538216791,0.1933605791282285)
(0.9839794796779674,0.008632993819940921)
(0.9393435806363155,0.062474167807823416)
(0.9661929853569677,0.029053443307832567)
(0.8898226459788093,0.11503738760102157)
(0.8821806161125596,0.12552992928169615)
(1.014457571011052,-0.013554361272718762)
(0.8923035627517258,0.10358652427748788)
(0.9144573170948145,0.0888514952620519)
(0.8611650107806259,0.14097588981331557)
(0.9131785259329838,0.08376578778154099)
(0.90444128768237,0.09497796101327777)
(0.9070915071775969,0.09998847487048323)
(0.9313150666713665,0.06452902528290201)
(0.9614024182190148,0.03040990669149074)
(0.9310581468470897,0.06375932612702996)
(0.9116311447845576,0.08510918567022249)
(0.9052303840625081,0.09398954055166296)
(0.8573269314013339,0.13755141738743454)
(0.9395773436891041,0.0544982298924777)
(0.8465040264080115,0.149154814908494)
(0.9420474900283768,0.052256753811870914)
(0.9028498501090156,0.09671016674507794)
(0.88426508533613,0.1141288180778115)
(0.9616051854412896,0.033865290346351364)
