(0.840261169614832,0.11573733850831558)
(1.020895171716936,-0.050371522924988754)
(0.527923268603252,0.48178824532172276)
(0.662674817736349,0.3324601410406571)
(0.6830784109151092,0.3185462382670562)
(1.2392858227231667,-0.2694404773249427)
(0.6818960108807761,0.3353837234079861)
(0.8770913996137565,0.10201104461876201)
(0.7512902416980785,0.20292571952418303)
(1.1454489879267282,-0.1483706977543589)
(0.89847126414109,0.10573821389031625)
(0.9485080787675,0.0803164348955397)
(1.2681155006466789,-0.25229458085246287)
(0.5320423199343737,0.43731552163559934)
(0.6404093886249146,0.36504990626188755)
(0.9315025890341785,0.07999500665380951)
(0.512599693824049,0.48385311687443766)
(0.9190315895122935,0.029735286043028903)
(1.5500350326237045,-0.551115333230883)
(1.0981624106834482,-0.12363117285129115)
(0.7262768787208355,0.2494877033696278)
(0.9615034583238268,0.051261720043509894)
(0.5634873785271223,0.43906835970071345)
(0.5458017937517701,0.454921545228079)
(0.7575865777853404,0.27484543130243655)
(0.9453011047078813,0.06503844586309787)
(0.8128788909984577,0.2046648092379166)
(0.535062709425686,0.4528235369058356)
(1.031881285862383,-0.03964630234052252)
(0.8245071813668348,0.1672795016888978)
(1.0388093400744756,-0.0723381190413942)
(0.6694152113195438,0.3006728902188285)
(0.8637944680661679,0.13540005553107468)
(0.6945152363852352,0.30375102976700374)
(0.8372776202538608,0.1802501930262489)
(0.7040527686829267,0.295899782683758)
(0.7475053556224165,0.2516110630581821)
(0.6592251871500263,0.3095207418233836)
(0.5977410721585616,0.4113428864271991)
(0.6534198759740465,0.3039962950128296)
(0.8558632392510748,0.1238233556605207)
(0.8777719413823688,0.12975043880489812)
(0.8531973466421414,0.15779701163078078)
(0.8716327199116478,0.14067544978210833)
(0.9052731491200208,0.05819110262951392)
(0.8152131687719572,0.1742249379267154)
(0.8196327167781975,0.18395614321114814)
(0.8259757091073531,0.16477812140861425)
(1.0822829623706907,-0.09657349114186202)
(1.0926265879198056,-0.08120365128221925)
(0.7531752115769018,0.23677238822640206)
(0.7843642684808354,0.18755628387965417)
(1.1623345874899131,-0.132789158798099)
(0.8138776851395426,0.1400933587249666)
(0.9143851556518842,0.09876096180593454)
(0.9268660011647666,0.09394593721673598)
(0.6993063404423405,0.30430152083612794)
(1.1310387250176475,-0.14279258414287968)
(0.5844749103278013,0.40312535638447494)
(1.333441214415485,-0.37925297492427046)
(0.5308968256595449,0.4421054812459234)
(0.8103119432347519,0.16810918149118462)
(1.3600919562625318,-0.36082957652820885)
(1.1933429388175258,-0.2085316613756303)
(0.7666905863783617,0.22287302403310194)
(0.6540743205380831,0.3623120539004081)
(0.7264567673430382,0.3034223497539925)
(0.7945662594972547,0.25176856743739734)
(0.5870406045361369,0.42267320378961937)
(0.5597930252581321,0.42247882927364117)
(0.7170705694426097,0.2547872591054374)
(1.0086651274124225,-0.0015859217121299298)
(0.8052116904662097,0.1852099158743337)
(1.4237752176577763,-0.46249614964363767)
(0.8358912076362316,0.1212219248596487)
(0.7553429628215808,0.2508734366722277)
(0.7807675511579982,0.2119253264391358)
(0.7056819468298993,0.33607014174712646)
(0.5249696126043762,0.5013167798241676)
(1.010612693691663,-0.017888744798075167)
(1.0907396267751024,-0.11524818217827427)
(1.0108204047211353,0.02276809427930329)
(0.7679593499001592,0.23099366021885054)
(0.8033300653973433,0.21626967848305656)
(0.9769391300409459,0.017145593318650634)
(0.5679204896585175,0.4063007979671498)
(0.7969501208364664,0.21995752871833987)
(0.5939213762309439,0.40203706926555993)
(0.7850182642767624,0.2093446431467056)
(0.7185886741759907,0.2794210209456923)
(0.6601995523628771,0.31482826795678187)
(0.658468960157971,0.32357764574299525)
(1.300786905087847,-0.28149199055783064)
(0.7926957340124636,0.21866658192814767)
(1.3758837451375525,-0.34747474170890236)
(1.2606257870657707,-0.26643343410481013)
(0.9437645172481844,0.07904665446522355)
(1.2666527760541646,-0.24163838496554274)
(0.9861818611661541,0.0029238510467047164)
(0.7750963286494654,0.20205263314561397)
(0.9312156979465586,0.06000188590999544)
(0.8580545873928841,0.14435098861187115)
(0.7573707592040547,0.2292372683016162)
(0.6388893979524964,0.36057327759491725)
(0.9358422664892053,0.04466649316706978)
(0.6697108619118702,0.326666120710965)
(0.8053018015761079,0.18203855400255206)
(0.46925173801868547,0.5296666750533507)
(0.7969301910016791,0.20569824590328487)
(0.9820974725519724,0.03396223744951509)
(0.9331896272036475,0.04671503846580897)
(0.5745661288767869,0.43387870102086357)
(0.874701487512489,0.14599400511566843)
(0.9118400010221153,0.09870331953247088)
(1.0199890639093965,0.046768230774349134)
(0.5480793626326598,0.47079763586629436)
(0.5851837267017304,0.45414923559415576)
(0.9601132527279226,0.07011572848140585)
(1.0150754953253047,-0.051667048370476004)
(0.5372580295579469,0.4379360443688248)
(1.8743779792939887,-0.7920759410525041)
(1.1708673576750586,-0.16866242181617352)
(1.018573237655061,-0.017442091094542946)
(0.7264648751019871,0.2660403362186461)
(0.6205844146502729,0.37622192433736174)
(0.6576585490863321,0.33872323084669587)
(1.2322809478199634,-0.21836935777761532)
(0.8902991990418829,0.14111618619952143)
(0.5152683496584398,0.503080826668015)
(0.7262804132498235,0.2852385678854364)
(0.49531017522218473,0.5059212926730825)
(1.006190724533683,-0.0224017796342886)
(0.6095424226448806,0.41152658509104345)
(0.8542097794767545,0.15881630045185735)
(0.8511897071244108,0.17563378784382036)
(0.9424948086367324,0.018779603611710903)
(0.9985999091688498,0.027143171277493116)
(1.1064639528244162,-0.09581766497569197)
(0.6333192082449882,0.33543030734511065)
(0.7492319634208039,0.30305779261372445)
(0.7884832406107567,0.20086713380325472)
(0.6830185392570526,0.3474863212850753)
(0.7816195461941547,0.20934898821854628)
(0.7100163683494641,0.2880508080025511)
(0.6042089703840952,0.3813025372760754)
(0.8005829215926955,0.18348290852429097)
(0.927254063562659,0.05710396852350201)
(0.8896202913199731,0.07055794114463004)
(0.5425638549399034,0.4473341954703914)
(1.3593000819204946,-0.3338146309491005)
(0.7941946306461721,0.18511771523281123)
(1.1232554398381611,-0.0937714666503328)
(0.5798249368549523,0.40684638485589786)
(0.6627620864680782,0.31054888375637846)
(0.8274490356350642,0.19679095574176486)
(0.7862470362401505,0.21173994182663097)
(1.0412208941491716,-0.011785288716087148)
(0.7038943943958685,0.28835733372225164)
(0.6151004734526001,0.38035371264245144)
(0.8597342188820616,0.13536163087101064)
(0.6972634902909153,0.2662136706703401)
(1.1175314251231276,-0.11241061839843863)
(0.9292142061746944,0.045235280696263744)
(0.8364009925752229,0.18661402263436666)
(1.1508489359622678,-0.15820249451042884)
(0.6755196742157223,0.3287412996510442)
(0.8630393223168036,0.15868342230129043)
(0.8126034556741724,0.19670545742253437)
(1.3093410589821293,-0.32799517790707367)
(1.2947973289179315,-0.24016892233575737)
(0.8795797687508841,0.09616710043436094)
(0.9228166221386133,0.08431291374340184)
(0.4924556543180352,0.5017223517797786)
(0.9155171610975331,0.09585488783441741)
(0.5991487013505328,0.46840616542569036)
(0.5373796192306592,0.4230747669907313)
(0.8841644080144742,0.1324875776412101)
(0.7014271600407445,0.28287657141113626)
(0.9940712131478415,-0.004790551827176007)
(0.8665329590777525,0.11087756108049496)
(0.7173378452370984,0.2765309872881194)
(0.9421437531895949,0.04630184272501305)
(1.5453825768655245,-0.5603660378975917)
(1.2245819893884422,-0.15895242516253855)
(0.9448486660053588,0.025107254432172422)
(1.342143585930655,-0.34104728720331723)
(0.9087628936893393,0.10106288424964485)
(1.1708254682479966,-0.15430882278801863)
(0.6556030991434015,0.3486471781636148)
(1.3973509234888333,-0.3826755470364631)
(0.7033748793676027,0.29290956108565347)
(1.5839250593095398,-0.5629810387845103)
(0.9155542355923336,0.045969463941626154)
(0.4940544393865696,0.5077323006745305)
(0.5588489125832756,0.40734254020971883)
(0.7684404668857283,0.19702735743315608)
(0.860639480924902,0.10298614491062923)
(0.7827143469252931,0.20577864539658178)
(0.6709829856812882,0.3063725910836977)
(0.8428195784899446,0.14953737018330468)
(0.6965066720972612,0.30262140553349665)
(0.7454455715610064,0.2265495353784569)
(1.1022056050903442,-0.1189403157154468)
(0.6695450756696255,0.29976574438032033)
(0.5315454974282399,0.48364427636920604)
(1.05894960514879,-0.050901036760786916)
(0.4433028628024111,0.5692139312625405)
(0.6440833413577206,0.3643579420896834)
(0.5482063101883298,0.4592265293800279)
(0.8229702677802783,0.1679723172232157)
(0.9629378593245161,0.04407188521971169)
(0.7232775443054994,0.25926639504160637)
(1.0428862257818592,-0.05065848520794086)
(0.713647714297313,0.34202049721939654)
(0.7178930628741584,0.2656471344838161)
(0.8911320530138723,0.04570448623497896)
(0.44050107471390054,0.5695277070034013)
(0.478152179897399,0.47627034492567405)
(1.115327703554635,-0.08744813430449018)
(0.7264757329236015,0.25501717768140597)
(1.620511201040578,-0.6199045362205969)
(0.8196133419885218,0.17517841871899784)
(0.86022626079994,0.16039172239846747)
(0.7873610903058592,0.19638979678045074)
(1.3321465178656755,-0.36532784168374827)
(0.8488221883926664,0.14063650245553533)
(0.6773602082512478,0.3203711595197966)
(1.1275312267249908,-0.1324572291235617)
(0.8351545196949945,0.151466597748168)
(0.9016331354358046,0.08995443933460336)
(0.9553518283014538,0.06313288726696084)
(0.5779004947833345,0.4453076588505481)
(1.137289175691714,-0.1100001942733767)
(0.9039524728991591,0.1431793157831235)
(0.940876503043388,0.04031670288658512)
(0.7059219890798321,0.2903270061674229)
(1.2669970527919783,-0.23600759065772825)
(0.7114580701091416,0.2894874813360617)
(1.1808357350185072,-0.20318006912570516)
(0.737744429425297,0.2840268719173832)
(0.6975801597671806,0.2775697438264998)
(0.7389732566115209,0.2528751560477279)
(0.6825494293770233,0.31459467243599826)
(1.9452428984844201,-0.9241470570740622)
(0.6559450677790223,0.37782417521173217)
(1.0059400277920172,0.007665501160000184)
(0.7999203630453674,0.22760571438676339)
(1.105747321716779,-0.15392418343681571)
(0.7116455026765383,0.27127507491190056)
(0.7585585593002261,0.22483804608967256)
(1.0713450813660303,-0.07815437067110664)
(0.8192192100005464,0.17591941526357288)
(0.8435214659648251,0.13914094185784354)
(1.0682665941692282,-0.10649506570928924)
(0.6901874390424778,0.313764319081336)
(0.9567101852855244,0.04056031322659754)
(1.0103967035782553,0.005668772635169263)
(0.6335065578389852,0.35477487416887266)
(1.0647331607458792,-0.0808121109848955)
(1.0133443546194107,-0.02920544012413271)
(0.7560836297662856,0.21514663932654965)
(1.0070736431551184,-0.011850674302128671)
(0.6905296858478795,0.30157637545575416)
(0.9780832453158474,0.059468905471312304)
(1.283504579141257,-0.26487906824691443)
(0.8348042581422489,0.17433577953290683)
(0.8567915994132871,0.1273896976089108)
(1.3883674399823,-0.43442473038362794)
(0.8480306475828361,0.1251303230654517)
(0.9296792374720224,0.07528745029397321)
(0.8845272180182303,0.13172536301437654)
(0.8910559604571434,0.10890352025520594)
(0.7211434302565866,0.2521254064382229)
(0.9822706251634372,0.027961866828443205)
(1.0407986809921579,-0.026249427979274192)
(0.7321103504514133,0.2966533861328459)
(0.5304507832989851,0.4878181625727876)
(0.8901203010812037,0.11927285108505287)
(0.7445163905578004,0.25230142472083744)
(0.6660206269636637,0.398361469627564)
(1.2640399359511456,-0.2608358528796172)
(0.9706135793625161,0.07825512729965735)
(0.9533820314201846,0.06246429449993334)
(0.80032561169915,0.20739118557794994)
(0.8425586299627447,0.17458643978778357)
(0.77522568507636,0.1919307544714285)
(1.4884931948624223,-0.4895285675035262)
(0.9574783019829866,0.08147159670747713)
(0.6072216452919584,0.3805112574385914)
(0.69614725322662,0.31459927365569434)
(1.0610887726802907,-0.08318569742887169)
(0.8056988408996472,0.2088822782965386)
(0.5485503329841641,0.5008184772859857)
(0.7167122976819084,0.28149172739538514)
(0.6512078485010893,0.3365500092434087)
(0.850360014836211,0.18067353463087066)
(0.8505804112459312,0.18644389133108938)
(0.6017033279017482,0.33434273636480716)
(0.8835118308979667,0.06290542879233851)
(0.730060266673401,0.28532280640765817)
