(0.9997584365472207,-0.015644793232166068)
(0.7991696404190547,0.19517371997874952)
(0.844125135651098,0.15119203040806364)
(0.8094796075182658,0.18473199849295655)
(0.9502110734617032,0.049133409931729904)
(0.9832846600922277,0.012596059211893265)
(0.8576179121320558,0.13829963473482754)
(1.005551299606931,-0.007030733498909897)
(1.0206130850288595,-0.008570118033333842)
(0.7399051772937384,0.2509818687871583)
(0.7737143589957798,0.23051821627870794)
(0.9621515753020886,0.03255975828035985)
(0.9308749989314163,0.062483790092421575)
(0.9677698997496436,0.02727921410361002)
(0.9399912697234056,0.06337149655558366)
(0.8754548116377392,0.12581320271471347)
(1.0913343804791864,-0.08384586283486373)
(0.8835704337766769,0.10887315386618868)
(0.7206648640363891,0.2766611605117342)
(0.8757563001067664,0.12040257903416159)
(0.742364117420247,0.2589307329105973)
(0.7652097403200122,0.2378917530499426)
(0.8236424915257775,0.16731870114637734)
(0.9762374297970691,0.02658420979676964)
(1.0662150608422631,-0.059704521204464296)
(0.930891536319722,0.06940336219337506)
(0.9098338240220729,0.09469259035149756)
(0.9547336235074605,0.03904721518988001)
(1.0040750321878316,0.0005913740296275931)
(0.8795192706496497,0.13235002601334572)
(0.8363095925630833,0.16828152759453444)
(0.9790780578185464,0.028551383403038682)
(0.8228895264433345,0.17631723191938584)
(0.8957167723966806,0.11397052464287655)
(1.0643679324045283,-0.06947814446831593)
(1.0744644469546258,-0.08051522897587601)
(0.914650385581334,0.08227474147612478)
(0.9737044850040947,0.0255712728626306)
(0.8982354897550054,0.10361587702411466)
(0.8624157820577626,0.14503528422387202)
(1.009748211647058,-0.012124876860201772)
(0.999543572396427,-0.0035217137872545854)
(0.8581878357056218,0.13828601068207727)
(0.8118951868014583,0.18963936313957433)
(0.9869824536717282,0.025961182543625935)
(0.9457331918869925,0.05283998720317388)
(0.927296284045537,0.08520509884934292)
(0.9277054027718356,0.06225800613603786)
(0.9205003315799565,0.08274190130825936)
(0.8971677197837354,0.11521878075604422)
(0.8780793395123694,0.13439484369465712)
(0.774779105153709,0.21304624725123783)
(0.9707394164322449,0.02625312547680138)
(0.9140367156835175,0.08824360204603854)
(0.9266696912360589,0.07773915546994419)
(0.8883890882809523,0.11023112328232049)
(0.8635665683010926,0.1404526700504818)
(0.8076328184036343,0.18608015946640002)
(1.0242189638824952,-0.019880308495653413)
(0.9436980856024801,0.05164592163504816)
(0.9720767930798679,0.03291491076140448)
(1.0014601170193749,0.0024642161084107253)
(0.9433414680962263,0.06042291668107656)
(0.8695275542631412,0.12632772397822606)
(0.84676774757662,0.15386954612021073)
(1.1349125801943645,-0.13267212422395497)
(0.8736173256213322,0.12784927807848656)
(0.8913778058635888,0.10062931573818316)
(0.9101377735912538,0.07648666303250319)
(0.8401487340229165,0.16430390288014324)
(0.8608260243578244,0.1327895488513482)
(0.7033742502826087,0.28688113645805957)
(0.9342546680561329,0.0765275140723905)
(0.9149682304788249,0.07752886593961072)
(0.8578844938563568,0.15235927946655223)
(0.8738613954132289,0.12618023249460528)
(0.8361589320618779,0.15589884765290818)
(0.9923771194565891,0.01647982138291799)
(0.8687238003850026,0.12962619477528164)
(0.9077585406479679,0.09304330966330966)
(0.8279159665809415,0.17085760693164498)
(0.8890085273409449,0.11180698348920026)
(0.8180030416502722,0.16969859802235646)
(0.9155673148863006,0.08214941046027463)
(0.9841138335562459,0.016789220989972223)
(0.8100226355924048,0.20237515576352347)
(0.8651361495625776,0.1424346427311201)
(0.8686063443924118,0.12901950464833725)
(0.9629021231532439,0.03800638681455712)
(0.9205692257013696,0.08221421688179026)
(0.7202373548296632,0.2614354407897179)
(0.7799888555548966,0.2079445900393065)
(1.0501101769118737,-0.05089020035700308)
(1.0217034894142045,-0.01593292362184086)
(0.9626115222909348,0.03314664540096932)
(0.9545990279881603,0.04806611977704723)
(0.8181202498135817,0.19150551592871776)
(0.7156110879348312,0.2880782022183003)
(1.0133021013986971,-0.019823846932396406)
(1.2065193194729298,-0.20510705059696163)
(0.8801467937643377,0.11752173939483397)
(0.9128480289425697,0.08672491293085377)
(0.7394835937415234,0.26485454723829865)
(0.9998904711633871,0.01255544786684555)
(0.9807587544756873,0.02590204799106615)
(1.029997322752788,-0.030237000650102732)
(1.0563900254149978,-0.05815141921068029)
(0.8726229759836037,0.12409581851607565)
(1.044304345134303,-0.046540358548875754)
(1.1720647476868058,-0.16487095994772735)
(0.9032034254555841,0.08908242261556398)
(0.8665332815770346,0.1340979074624497)
(0.9524282307883208,0.04767077623560269)
(0.9075506203402187,0.09986984844360812)
(0.8053569967751025,0.20671329834906232)
(0.9191872199410199,0.09433219556427935)
(0.9512173616095816,0.050294434246146415)
(0.9229676987977965,0.07558728651853036)
(0.8600338527339768,0.13603900743236141)
(0.7870724655360509,0.21721556216112015)
(0.8470137956191426,0.1561366729977011)
(0.8472302024358972,0.15704560528615136)
(0.8854360582796396,0.11420758381010569)
(0.8744948603834918,0.12871185617621403)
(0.9409726382293272,0.05695631784863151)
(0.9418123770562746,0.0661655201588378)
(1.0257150792120813,-0.03550668563597673)
(0.9270690516006426,0.07038290507573303)
(1.023854402459547,-0.020057947480655234)
(0.7862320495601008,0.2078475666130908)
(0.8847180421915167,0.12656777612585474)
(0.9639866555880583,0.03857749164370085)
(1.0609114057858782,-0.05530451439248396)
(0.9520430172050316,0.054243412195937694)
(0.9845797130737143,0.016933214507961338)
(0.9068040789128988,0.08369259809889557)
(0.9761561756142499,0.01591460023888914)
(0.9442699664727895,0.06005898620358792)
(0.7468482274067093,0.2579284924589984)
(1.0972822338122934,-0.09790983580861895)
(1.1149775700933777,-0.10676132754844805)
(0.8873770835776459,0.12083398827024312)
(0.8794424249934801,0.11570973474052133)
(0.9174656292959484,0.07874572724838404)
(0.8826846113856368,0.11908088885642558)
(0.9082483315238676,0.09127273058625487)
(0.8049330111911864,0.193261617954136)
(0.9710735054666457,0.030983173400492676)
(0.9402643583821081,0.061488469042702325)
(0.9101979880336426,0.08179584438693349)
(0.8173940628693619,0.17706941422783837)
(0.8249147503373846,0.17396698027720947)
(0.7290624695758731,0.27626749561693925)
(0.9464972771938385,0.06121686473098177)
(0.7596462638075813,0.24588327313094552)
(1.062765593883624,-0.05252365885442501)
(0.8768060735731301,0.1303151243092566)
(0.9334849440110969,0.06919593267037662)
(0.815159289699069,0.17624208794573148)
(0.999746332739774,-0.0017707372794869942)
(0.892499989027156,0.11538605076156418)
(1.0561608668225448,-0.059782077710667236)
(1.0598925740162228,-0.04950310593072944)
(1.0064639414441938,0.0025778791327470936)
(0.8358738013607289,0.16431456221538496)
(0.8898306964276468,0.11434753380170896)
(0.7705870049006809,0.22490003670801317)
(0.6651651048982176,0.3292218056381451)
(0.9090571599732028,0.09398313909098294)
(0.8173811409087959,0.1823528580810832)
(0.9894238971158666,-8.243563456845544e-06)
(0.8701777232706444,0.12441959758890678)
(1.005484956993073,0.0007867712496365733)
(1.0416135551004249,-0.03585813770088368)
(0.8382728718867969,0.15430225900540348)
(0.8883689698434922,0.11828068693635681)
(0.8893775698627253,0.11420966384577902)
(0.9666262946859823,0.033613916131978464)
(0.946366765765745,0.05907258746079453)
(0.912686216919334,0.07416458910018688)
(0.8577774363494535,0.1407242889937038)
(0.9683741825864948,0.02090232056156317)
(0.779383604737569,0.21953719203130714)
(0.8287344447639243,0.16498094771269095)
(0.8052934772026253,0.18185577508720596)
(0.8386881140925944,0.14609244596292822)
(0.8264484042575453,0.17743566614241935)
(0.9965055922710842,0.014448854560526808)
(1.15035332631277,-0.14226620546871316)
(0.922939250476614,0.08363163349667573)
(0.9688159369719573,0.032058556933210115)
(0.9443659740061513,0.045497653001408594)
(0.8036018406132751,0.20686394449827578)
(0.783108805989927,0.21735286127448197)
(0.95736748305428,0.040792780173466554)
(0.7826651175245601,0.22359438037245652)
(0.8727162231306481,0.11883028557751495)
(0.9528539235064921,0.04630543622309617)
(0.8515423184716591,0.15378778756407316)
(0.7595330557495781,0.245840788047522)
(0.953439292084874,0.04824932401813624)
(0.8586153629964519,0.1321201326888009)
(0.9210926073314941,0.06376528729441842)
(0.8710724871140463,0.13130083969852527)
(0.7381225435895289,0.26186831787806597)
(0.7868524652892938,0.22385615603059061)
(0.8372648479601079,0.15846735348380933)
(1.0067067969108734,-0.0020492723471818037)
(0.9497456235931149,0.05067628800664294)
(0.9746787809489006,0.029367245306913856)
(0.9955766055979564,0.006867264936204179)
(0.6727198338522323,0.33121066088526047)
(0.9745726585163229,0.02365471931042122)
(0.8074616103104594,0.19784042498442772)
(0.7992712760365455,0.20142889600882927)
(0.925197100136579,0.07846025631548628)
(0.8453806500788829,0.14411680978236818)
(0.7727953628240738,0.2223503295987833)
(0.991215020236826,0.016202533638008994)
(0.8123483510685199,0.1900025983928712)
(0.6685163510424574,0.33884773455526035)
(0.8668798649675087,0.1301209387436956)
(1.0408550162840635,-0.045032977189315496)
(0.7584773535950685,0.24320739620016182)
(0.9381949062027781,0.07031069945593638)
(0.7769589569975425,0.22960165011849634)
(0.8292682559158836,0.16796541441700033)
(0.8854429085580248,0.10654530202618467)
(0.9510244273571553,0.048227806077871437)
(0.9426237127932628,0.058861115281506754)
(0.8879217742640532,0.109688363120898)
(0.9972628877017331,0.007634459818769755)
(0.890895020487655,0.10003513472973494)
(0.8463471784268711,0.14745209275478358)
(1.0763581699036289,-0.08053418045576326)
(1.073417815195363,-0.08226085016546837)
(0.786978891190738,0.20471061278621436)
(1.0052761415411744,-0.004827009300613542)
(0.7754129885168736,0.2168168519413203)
(0.9024573847197124,0.0939747970007469)
(0.9421956610167257,0.06463404385042665)
(1.0022895422147509,0.006873048185773907)
(0.8739699186472558,0.12016583981652959)
(0.7555146381497414,0.2346783735563043)
(0.9313984118829562,0.0680976745173267)
(0.9019658723873684,0.09719623249128446)
(0.8127392830350082,0.18936875343339496)
(1.0600238772305106,-0.05783403208414512)
(0.9451157455186767,0.05831268876045086)
(0.7737458835468946,0.23025992807279064)
(0.8256611029955394,0.17491890394624443)
(0.990105590209312,0.00684590361739566)
(0.7527454025758172,0.24924345879671317)
(0.9397829289682181,0.0572255553071236)
(0.8572501009103758,0.15007482548096165)
(0.969643991178193,0.04539221234973079)
(0.8544232926238697,0.1508566435100251)
(0.8566863288199624,0.14755687002819073)
(0.8947321661051015,0.09575623018738852)
(0.8209657943450498,0.1734042083024458)
(0.9249998856678873,0.06840755389093758)
(0.7366476660268061,0.24746381604119638)
(0.9412560350132478,0.05364330774617471)
(0.8943488550049452,0.10349633817023333)
(0.8239031885177194,0.18091484880290593)
(0.974449667565616,0.03028558583759387)
(0.9560816471473921,0.053003384608815096)
(0.9731636794898678,0.02603368668699901)
(1.108603428880731,-0.10749373398632717)
(0.9704457254585954,0.02644584919031746)
(0.8592635406982693,0.12961181024290827)
(0.9660238878700577,0.019568861815285644)
(0.9732184837483278,0.0384855495766227)
(0.893190040156438,0.11933913135805588)
(1.0767404304791497,-0.08065804472883853)
(0.8023439310304123,0.20212061397058642)
(0.904750371916094,0.08843552025428883)
(0.9260227465849935,0.07768129893449016)
(1.0873589340231573,-0.08440275296064051)
(0.970996995024923,0.028096306349287448)
(0.9872228746555501,0.008700282523034054)
(0.8616954000017689,0.15079846768869)
(0.9261276004084233,0.08248045837005617)
(1.0405494417244856,-0.03628688051231235)
(1.1536233763733785,-0.15006553393401595)
(0.7632059795985005,0.2341849555489049)
(0.8280858687904603,0.18124873852615206)
(0.8493059564749698,0.14948634378433667)
(0.8042637781103373,0.1999951762310286)
(0.7757062864299684,0.22322787267035868)
(1.0330911448014788,-0.030805310002698576)
(0.8212098348765066,0.1725826774932732)
(0.9042369374479342,0.10011643586078749)
(0.8492291484927598,0.14903144876731894)
(1.0063898448997406,-0.006732318735842145)
(0.9377542637065934,0.05649865060010555)
(0.8410940981762615,0.1595049920469013)
(0.9897798157465881,0.0075272378122881786)
(0.8912152658316285,0.11418030388884025)
(0.866013569237931,0.12947739306801231)
