(0.7115662411577804,0.283589244537769)
(0.7087213530707498,0.29194294669203547)
(1.02754130086132,-0.02506489417786937)
(0.7511265981390256,0.24960727145133252)
(0.9014783947754199,0.08831803155935156)
(0.9100681378825495,0.08385690154718017)
(0.8433090121121015,0.15709326191518885)
(0.7569525405230122,0.24148904138914684)
(1.1031643654462113,-0.10196775964777362)
(0.8186505065296165,0.1846003023116347)
(0.8480720487204348,0.15343836270727057)
(1.3662031436173523,-0.3701117487277425)
(0.611349367723571,0.38003350327429963)
(0.6685983412504729,0.3303814462019463)
(0.6189639313679938,0.37627002953424166)
(0.9706884676808365,0.028408421406300243)
(1.1959045110849702,-0.1923995362422311)
(1.0164347370307996,-0.014677862693534148)
(0.7773487419649915,0.22129422293044887)
(0.9838271734593295,0.015559608104531893)
(0.7423971567046016,0.25823112085996747)
(0.802277275497403,0.2097869433439424)
(1.2696921319471635,-0.27131616602703335)
(1.1894450947777646,-0.17872443099524313)
(0.8140495442379011,0.19190408648720156)
(0.8992803261627936,0.10547057882628089)
(0.8907417495051133,0.1214119799581965)
(1.101117693200505,-0.10899577285465085)
(0.9018861934960677,0.09737864665701282)
(0.8355870286938699,0.16381056239674163)
(1.2617113164982274,-0.25643560543764826)
(0.966946867660421,0.035537967214967936)
(0.7187770677144082,0.278433441073239)
(0.8442094274188449,0.15749297618417898)
(0.8338272062274708,0.17081056391266852)
(1.0925322160646944,-0.10734957098342013)
(0.6853373955149634,0.3168809323387661)
(1.2037910997994234,-0.1972161689973661)
(0.8936230589405731,0.10871419584353889)
(0.8605434583644727,0.1414558354497532)
(0.8502498610585845,0.15084319011812172)
(1.3661138502328605,-0.35571028747235134)
(0.8649723921818838,0.14746078129499943)
(0.8881348710818943,0.11987088627833857)
(1.0674974034858666,-0.0650246698638015)
(2.2257635193492,-1.2073388940434389)
(1.14088452890609,-0.13368190651929057)
(0.7065810420426017,0.2900060123225558)
(0.8610446629435851,0.14288492885010176)
(0.6593104387188695,0.34152913748576086)
(0.7622806345984804,0.23352624139576866)
(0.9025810126458887,0.09189215198053038)
(0.9291296673100047,0.0743294397007517)
(0.748742386218857,0.2520146771625836)
(1.1039599774196225,-0.09377653355854973)
(0.6438835993741756,0.3541960582523121)
(0.7310824894885498,0.2647548187133005)
(1.0895684935935548,-0.08501574212448983)
(0.7421199646672669,0.2617678459209222)
(1.048873015216524,-0.042971781573330904)
(1.411726410873161,-0.40834310520443895)
(0.6630458402454484,0.34317335499639473)
(0.9048609141878649,0.09674679646839122)
(0.8288331291955555,0.1795104966703385)
(0.6395184039114847,0.3593703548289357)
(0.7449451926903207,0.2492974302347228)
(0.8454623351324794,0.15452772274119547)
(0.8184176820979222,0.17533451752897683)
(0.7669591661687456,0.23134333790980896)
(0.734521331536124,0.2663236451195446)
(0.727180887827193,0.27512739611461207)
(0.8655615960208841,0.13599726502521645)
(0.674202323648963,0.3296547809094032)
(0.785366953901744,0.20773403934185236)
(1.0456700065967672,-0.0507745791014998)
(0.92081776752633,0.07952273732620598)
(0.6535367965189246,0.3497056029981151)
(0.8133988482160421,0.19815916047601576)
(0.8073058320825987,0.18673965939541978)
(1.4436638294249402,-0.4688366729418407)
(1.1279995357509522,-0.11861072887068493)
(0.8685349256408934,0.1311912989947011)
(1.5457646357830985,-0.5365082810620075)
(0.9841368951276582,0.01145255493021487)
(0.49936761980677835,0.5000567245505564)
(0.790042444047351,0.21108237978679745)
(0.736836235670164,0.25227540891188677)
(0.8140059166110255,0.18228143113852466)
(0.6813017633198392,0.31700365276265263)
(0.757893162907609,0.24111026134541713)
(0.7657742377709013,0.2306263635023477)
(0.75574488964735,0.24699629688785588)
(0.9571494817697536,0.04418831760574825)
(0.803026047319685,0.2008370559474471)
(0.749805685696836,0.2399620009224202)
(0.6902832129206523,0.30557967034146677)
(1.3206195024669334,-0.3207529843656956)
(0.9244798986172659,0.07885469988411764)
(1.0356675228086443,-0.03772466851673739)
(0.9993812945825846,0.0050095280721109275)
(1.0731794016267224,-0.06332345947069737)
(1.220535324482893,-0.2032151912616876)
(0.9739130268949304,0.02375999189019449)
(0.782922608156104,0.21856771699224312)
(0.789659811966717,0.21034681539723551)
(0.6351499855683005,0.3690843885170584)
(0.844014713700297,0.16400034106264347)
(0.6282422497456723,0.3617896994359132)
(0.9403528336850785,0.05732902432437271)
(1.1395745090764466,-0.1426314336661526)
(0.9202926458059462,0.06584493840708597)
(1.1274667593982974,-0.1238982065046304)
(0.6532423524742782,0.3596652528032196)
(1.1124353165148018,-0.11652671175180726)
(0.9970857167235648,0.0076064214721281815)
(0.8882601576218518,0.10378043866830675)
(0.9126613922699568,0.09153531407651036)
(0.8070642381045858,0.18757554776457946)
(0.7926482359518724,0.20846310990704217)
(1.2074278713565316,-0.19839360134367884)
(0.7118971678065601,0.2831193014643947)
(1.7758947709180652,-0.7582450483269941)
(0.5702109194632415,0.4238633831533108)
(1.0187910332316519,-0.01589761035411049)
(1.0111169366607105,-0.027105972025393815)
(0.9892836280911137,0.008876117564262312)
(1.2654549976209408,-0.2519145162415459)
(1.124894801474543,-0.12841690705926592)
(0.7417618280097483,0.2584607261329242)
(0.6197723017670388,0.38349977205176383)
(0.6756956933986006,0.31813054901336885)
(0.600625253759696,0.3879480842705039)
(0.7036640964050727,0.29485905531863266)
(1.069757002199279,-0.08076304367898429)
(1.0414545329900673,-0.03143506062434946)
(0.7270408276140369,0.2808645233971802)
(0.8203603454809973,0.1797209999162752)
(0.8188861631302836,0.1846006671040778)
(0.8795671890309728,0.12435455942865714)
(0.6835834052328532,0.3097334395097494)
(0.669161769642939,0.3245344355532899)
(0.5232415101589731,0.46695187140676453)
(0.9883902142708435,0.008515337115854196)
(0.8584378750857695,0.13545847967472896)
(0.8732713173158041,0.13770465184133787)
(0.7279607838641511,0.27885676628442524)
(0.8056393320729257,0.1996356965513626)
(0.9387258531565953,0.05787746403757233)
(0.8471586778296435,0.15566577661363876)
(0.8009802410148115,0.19071052851625245)
(0.6445991731064047,0.35194018414265504)
(0.7132127504835055,0.28478966798309563)
(0.6821345952276424,0.31379875858515305)
(0.7079533339479646,0.2923239438197625)
(1.0059415935712561,-0.00320469552383635)
(0.9372654977368899,0.06563362328894526)
(1.0461773944261066,-0.038642759566346656)
(0.9515701774008184,0.047930247457264215)
(1.0099215525225658,-0.019883455215132722)
(0.884071428988637,0.114080141775601)
(0.9208597650178397,0.0771056887078914)
(1.25867298861717,-0.25744569663283084)
(1.5386643588184301,-0.5391739911057225)
(0.7137776749816872,0.29094059839325187)
(0.7867725498492701,0.21266482136716292)
(0.613682302372593,0.388179090559064)
(0.597345626043068,0.4123426299023386)
(0.7998304131159626,0.2003485385722925)
(0.8454334591737024,0.1543876114275702)
(0.7888124555761052,0.21555175659727652)
(0.8631559021130318,0.135878638668781)
(1.4371280545936278,-0.4609450471731455)
(0.9844377603976747,0.012666313331163463)
(1.3231706741206526,-0.31271301473583385)
(0.6534276782636642,0.345252727072269)
(0.7849445728323887,0.22072859795278374)
(0.657006006930416,0.34694603541326247)
(0.7410813161029073,0.2543793217314615)
(0.6624119104802519,0.3299714500309959)
(1.3696259874287253,-0.36968484786721784)
(0.6645546729425322,0.32831756403380036)
(0.838870799039711,0.1531777043771181)
(0.5531585523595915,0.4496273397232412)
(0.9113218863952377,0.09849601789022434)
(0.983152015394113,0.012891632233268486)
(0.9809829465071167,0.02117886161274041)
(1.1133277710942329,-0.12501317784482988)
(0.7900129217821887,0.20286755273251567)
(0.7052654731207286,0.2957524957009891)
(0.9265049844178576,0.06938023715927313)
(0.9666029117361188,0.03161766601084821)
(0.7454020554693174,0.2526646683709305)
(1.3443301239843564,-0.34104873610403147)
(0.719175639195883,0.2911567701856045)
(0.6183577220280964,0.37284125235919213)
(0.926533273649033,0.06340387253895556)
(0.9569730005319127,0.044121875281653004)
(1.0386642762633513,-0.04938845775427544)
(0.6811985883377896,0.3213676667332195)
(0.6923849003041613,0.3021791927593902)
(0.6581342343551562,0.33699340175604264)
(0.6142545934519554,0.373111346206295)
(0.8775953525541187,0.1325810951454599)
(0.9284535315636835,0.07246875414648751)
(0.7338824901047916,0.2697723926180187)
(1.001610455351998,-0.005265224877865373)
(0.7807061960535782,0.21637406130330505)
(0.7596188408848368,0.24088861568326456)
(0.8047167674061046,0.19027134618321911)
(0.6237025812608001,0.38222309543737065)
(1.0030805539666863,-0.003946682994061195)
(0.9112524101854498,0.08679503933491282)
(1.0217066295539368,-0.04280978280148974)
(0.8420425410657002,0.1501895837034998)
(0.6716424912805143,0.3347248546179269)
(0.7621190498232601,0.2468947322529834)
(0.7365307388677752,0.2646426861642789)
(1.0414092058790245,-0.0476694615024227)
(0.8701405689057632,0.1253860052816693)
(0.7908766195302697,0.20924359376436186)
(1.3040661172093173,-0.31233990979527565)
(0.769327035195763,0.23389476077454366)
(1.010223612180636,-0.0039805482836964366)
(0.6267750470476573,0.3659876932774112)
(0.8357588850193561,0.16284286918419916)
(0.912747339775828,0.07881436095233874)
(1.111705373465055,-0.10533943611525638)
(0.9463358338793579,0.04833889252425832)
(0.8636125215025464,0.14005991531197517)
(0.7249594099864237,0.27561872911731056)
(1.2913944200704832,-0.29025773814946154)
(1.0796464810637325,-0.07610441516189544)
(0.7315030081886088,0.2720505042086016)
(0.8969304978424694,0.11288612327966065)
(1.0634045213769212,-0.0532030291842468)
(1.1504094491632735,-0.14182775474350937)
(0.7920463268685771,0.21103366380660468)
(0.7226667179876227,0.28014601671720774)
(0.6542741100519269,0.34107974712206657)
(1.150152679218053,-0.14338143995519756)
(0.8169342663621747,0.18695582606446814)
(0.8632075621594316,0.1296384919144828)
(0.863163022386218,0.14827703477092857)
(1.2370559694213694,-0.24332077033014415)
(0.9585497709686434,0.045301551547614845)
(1.0019386853202135,-0.000391763039651769)
(0.7047288664362431,0.28311750066446834)
(0.7152281244213657,0.28434374106682564)
(0.7399201788521155,0.25729035319210486)
(0.8123326043539181,0.18653790762332334)
(0.848180184501668,0.16280840245519665)
(0.7315763355844961,0.26372929059644945)
(0.9274215727812515,0.06670798520662287)
(0.7720688488047439,0.22019003180784902)
(0.9426218633294883,0.05806890153159472)
(1.166985134048408,-0.16707878839406531)
(0.84217424896267,0.1681803502626648)
(1.1152113427583912,-0.11203313663738296)
(0.826686935637309,0.17945174910463407)
(0.7716835973431048,0.22579493243783175)
(0.6148718000094939,0.37810866562005285)
(0.8715024183046297,0.13205563565180775)
(1.1737426973095786,-0.17898487255572904)
(0.8866932632207216,0.11595894445749311)
(1.07355644816602,-0.06861943507325509)
(0.896039884906681,0.10609050756436633)
(0.7965448746830598,0.1958462771483741)
(0.6359520591373026,0.35919165091011834)
(0.684694470823081,0.3088505581486257)
(0.876739310213648,0.11832197049262143)
(0.902451011762909,0.09776770015359033)
(0.7613920809049721,0.24700055220908299)
(0.8574227210183872,0.1518481768422496)
(0.7874845974087912,0.2130313154941965)
(0.657535262681748,0.33607532959962494)
(0.9130311699071997,0.07977592533118019)
(0.898165533769093,0.11194140596726025)
(0.8277688726252803,0.1709765400488641)
(0.9376013354470802,0.061592201911941)
(0.6817342348544221,0.3137241857841739)
(0.7500830114516099,0.23945566237913557)
(0.6819781162962772,0.3194390610791582)
(0.7171036894081795,0.2798476360775738)
(1.0494407731062165,-0.045625328732995844)
(0.7985402964773644,0.19420315496790633)
(0.7418558740321188,0.26434175005859356)
(1.013932411521133,-0.01351591509855217)
(0.6906181104627435,0.305072050376611)
(1.7918851123439352,-0.7993211868383547)
(0.7835063293345699,0.22078743963127975)
(0.7903399747098298,0.21570118839742033)
(1.0380150712078655,-0.03948380732407123)
(1.0711504465266273,-0.07731225909341845)
(0.9023980762843588,0.10221028656224956)
(1.5430771394559692,-0.5318382372164726)
(0.9831144924757047,0.013241972399037728)
(1.5384189909252943,-0.5451936052341521)
(1.0265166989427146,-0.028941781259811665)
(1.0380575191416497,-0.035472890712724574)
(0.8177550010114476,0.17784891057341562)
