(0.3206039517496477,0.6744285301575448)
(0.25134908630307967,0.748033244257432)
(0.13728197039736661,0.8789930748810746)
(0.07907460001393632,0.9152620213322177)
(-0.03782213067419818,1.0552994143316177)
(0.15635903604327991,0.8367812281425083)
(-0.2180223513511799,1.216219205041823)
(0.07061588987801987,0.9093610480657716)
(0.10642435323960256,0.9015049398128391)
(-0.09784973448377172,1.0917094326299528)
(-0.14206155167870094,1.1596712807014007)
(-0.0027821556116342443,0.9903949851546606)
(0.1004170302622179,0.8867305411307004)
(0.03814682862272287,0.9744184204433368)
(-0.012824923218478135,1.0084567780364844)
(-0.0871821918230881,1.0775384365578595)
(-0.1289741822030505,1.119988659620886)
(0.1904264279489105,0.8142816239623348)
(0.03463316539964024,0.9677601079625107)
(0.1286498219746292,0.860469105850014)
(0.03932041259365109,0.9584169849785853)
(0.05061324647839267,0.9506771145986191)
(-0.06627265005114695,1.0654782165641978)
(0.06407370704423326,0.9255723396561001)
(0.2486816469209563,0.7620668332126365)
(0.21995055982738157,0.7920080815079744)
(0.12641471553124567,0.8746451018470803)
(0.03505201550948727,0.9647341977670325)
(0.0635020944834756,0.9471470645799226)
(0.08429993804153318,0.9052058677092746)
(-0.001044903827623587,0.9921270985817956)
(0.1983825860689401,0.7816918039876106)
(0.05675885271430465,0.9443239797925036)
(0.19114483546902575,0.7984184111115017)
(0.21907448723893122,0.7858584143311246)
(0.02514053996227666,0.9694978685255432)
(0.14186000137400345,0.8589850980905428)
(0.04830409628409411,0.9515680164957286)
(0.016658121682345223,0.9939256502177319)
(-0.08814822391921386,1.102415698189865)
(0.1316585908897046,0.8471423899690861)
(0.06855948404719257,0.9151985547329375)
(0.19160595639099653,0.8154418818104787)
(0.03542316625559371,0.9499073647389319)
(0.09255829252113625,0.8981533802449332)
(0.18159169758667115,0.8134888792689103)
(0.005237334269095074,0.9969833748213076)
(0.23572852075082304,0.7509581465359585)
(0.2982244295770678,0.705288226602161)
(0.026700176516907623,0.9617087268530002)
(-0.07341571602168119,1.0692393192538756)
(-0.08765606735728355,1.0748462156998149)
(0.18174574411594707,0.8068968105769615)
(-0.05236583987747206,1.0463689825018765)
(0.03906040854410835,0.9580624922575898)
(0.010762132125271476,0.9867213891173077)
(-0.08033080752073338,1.0825306388024043)
(0.07665351363434902,0.925062322155368)
(0.008333783361930082,0.9818899164395368)
(0.14934294850045024,0.8564707553873953)
(0.14665428494650132,0.8614604392691387)
(0.07737246557305039,0.9421831088997362)
(0.3133690139607507,0.6736438935828868)
(0.027982289246290454,0.9602947092291017)
(0.27413079510508664,0.7325498229114032)
(0.30694625876994913,0.7080060430522342)
(0.07179556600414404,0.9213718866859613)
(0.27495571423547127,0.7204919852222146)
(0.028678890678153213,0.9778754953613784)
(0.1278972906886907,0.8729567618499362)
(-0.16479534009607386,1.1646838407096376)
(0.2840479730767147,0.7282127080020274)
(0.11839958870668706,0.871262004724541)
(0.31580047459321775,0.6867850738811403)
(0.12310110421123827,0.868786769810515)
(-0.10678318698986758,1.1146651150516758)
(-0.08713473663470861,1.0954390077484244)
(0.0864656691526386,0.9155111457265371)
(0.15771829743643545,0.8277414857579697)
(-0.012567254771068091,1.033395639543107)
(-0.00792045503506827,0.9966467019623375)
(-0.04966161011009297,1.0564904586447235)
(0.13197092993611453,0.882749579248307)
(0.11588326285475893,0.8924530675994212)
(-0.1442101286338082,1.1451366932646805)
(0.08851395428374088,0.9137250680377789)
(-0.17115722493982602,1.1724609127069585)
(0.1272273528880094,0.8840849830715213)
(0.11148961269324191,0.8926025907058635)
(0.000761514023159689,1.0051844735046096)
(-0.09500448246787674,1.0989230918227788)
(0.12190011945783309,0.8679225545197733)
(0.0831588230264421,0.9385683604408189)
(0.23604729377989253,0.7607064120500339)
(0.08965811865732798,0.9163463548313896)
(0.07397524333084897,0.9325474672686115)
(-0.17459885544228057,1.1752386625785047)
(-0.14799472844290235,1.1441989518890916)
(0.05361497617104484,0.9479707648786295)
(0.07687590617193377,0.9227107768311696)
(0.050698255142775324,0.9524776405552683)
(-0.0043833527899086846,0.9950715458054362)
(-0.1253544528763402,1.123276497749127)
(-0.025851131898002554,1.0284668079151755)
(0.042578865079677335,0.9429826704035766)
(0.1903380577932032,0.8210329627345597)
(0.012707665135929346,0.9666616668322018)
(0.1326990463609813,0.8792217682816489)
(0.15676301669233803,0.8514383092632694)
(0.006569833235426761,0.9963422171492758)
(-0.04420728904179114,1.044612313372132)
(0.05828139033700468,0.9396025286558113)
(-0.07401444060256152,1.091508466444187)
(-0.057312672322123434,1.0595250466159465)
(0.05075201196116074,0.9525632627104876)
(0.17283733878480192,0.8234516247690798)
(0.09890957670788578,0.882968944501439)
(0.018321623174143407,0.9892868564159594)
(0.2784244506872546,0.7151053422289675)
(-0.12838974125369115,1.134102768632061)
(-0.021594779453991072,1.0183063612904923)
(0.15375539781537859,0.8349468792654914)
(0.10502320877298975,0.9006257981101361)
(-0.016322503382918588,1.0111975939245144)
(0.07775347172361344,0.9233545277113733)
(-0.0746793070088039,1.063536228955464)
(-0.03283178650573357,1.0241478579763184)
(-0.16336129772759395,1.155910809375901)
(0.1260258889863552,0.8735110386491937)
(0.25894697049372273,0.7448056839667634)
(0.1107431255370387,0.8836186403639844)
(0.2753497374992916,0.7245234787127367)
(0.07315745024253119,0.9440666911582952)
(0.11542902384802915,0.8643148745943605)
(0.04483633965560868,0.9593292373213764)
(0.37084016094937644,0.6290202593925242)
(0.3842779739936048,0.6258017033227172)
(-0.1606733377820655,1.1486219625432563)
(-0.001802188980061617,0.9812337191556201)
(0.07361536579154736,0.9264903062476971)
(-0.2462336256243421,1.2494581371009446)
(-0.13644153441791548,1.126806699628747)
(-0.09118667810354768,1.1011014799728434)
(0.14488646037701752,0.8592299132225467)
(-0.24660282124631297,1.257421702178837)
(-0.15142611475491913,1.1646474695642979)
(0.026788460774720003,0.9621728334626347)
(-0.07280307384982936,1.0823777640210368)
(0.12533105588611568,0.8800127533665908)
(0.16880397654662915,0.8229821281232224)
(0.06516700130073223,0.9502974977178253)
(0.17608969900464738,0.8231342585199805)
(0.24161041490508164,0.767003199414067)
(0.10552742090052168,0.9132749991276526)
(-0.03668026348879309,1.0412445877368273)
(0.10909367119570768,0.8887365828774932)
(0.423867570722819,0.5813308588879407)
(0.011484384968768883,0.9839527343209821)
(0.41648645220889624,0.5731244028300706)
(0.01707971486423804,0.9884885887828425)
(0.07197677835611281,0.9386452959699425)
(-0.011410156344705484,1.0222719188846956)
(0.15064136816100074,0.8683448995532262)
(-0.038343660917486866,1.0425272620997186)
(-0.13701900074835155,1.1436301033731475)
(0.11167988606980671,0.894704633783528)
(-0.01145412487740641,1.0034411324666952)
(0.2358175390883786,0.7662143041109268)
(-0.19025743282506474,1.2008960195746443)
(0.14501146320944452,0.8571047640581513)
(0.18232766478530818,0.8156705642273272)
(0.1736200998594776,0.8179197146416349)
(0.2460992348495217,0.7398260981258372)
(-0.11195441936554876,1.1149774226907034)
(0.14971211031965537,0.8571685138205981)
(0.16899560022280508,0.81675474358138)
(0.17114525933816097,0.8280095051562143)
(0.037328860922065873,0.9506408628558247)
(0.3444873613925272,0.6535677060142645)
(-0.17193083998808073,1.17298678493766)
(0.10185019345002418,0.9048970110099395)
(-0.07274783810572522,1.0702370986017962)
(0.026486672730461083,0.9609528250995724)
(0.20378710325795607,0.7931149928267281)
(0.1053764882418135,0.8982609080632791)
(-0.1895117261056481,1.18834354182883)
(-0.12192054787420624,1.1075641526465958)
(0.5447761080021545,0.48246380891684515)
(0.17246521396968803,0.8309296984652101)
(-0.06764608891590387,1.0542104788041904)
(-0.07332892420782065,1.0929726445997596)
(0.11362613114976196,0.8788937024701345)
(0.03307663784721512,0.956852008336388)
(0.007565368828911703,0.9922580970832705)
(0.3201402031377631,0.6729952500615806)
(-0.041040501109804055,1.0385586339801345)
(-0.052846417819276625,1.0403237133177354)
(-0.1316202444413755,1.1247380298844436)
(0.19330461183690187,0.8155443318484176)
(0.21941149924192396,0.7698147628538793)
(0.14526362804284373,0.8519859135793757)
(0.20457405805311643,0.7958416905276671)
(0.009136872614309649,0.9925636746299819)
(-0.23285066821715145,1.2306674356275855)
(0.3159896115220132,0.6901619418894265)
(0.008328029924826362,0.9917015224792862)
(0.13066132552430137,0.86510882050217)
(0.07929688435975003,0.917651603735522)
(-0.021780816228011337,1.0180427942242234)
(-0.14602710469985047,1.1443236781084274)
(0.02631553683861321,0.9742644147222437)
(0.1077566460915675,0.8959595131926565)
(-0.17457206551512175,1.1661594691894268)
(-0.06582899997659536,1.071776050153541)
(-0.14927879603299926,1.1567959480891303)
(-0.010607491723446374,1.0041354304185646)
(0.07128727097440037,0.9280932119757223)
(-0.08611129609840008,1.0883285322944782)
(-0.18183193706753092,1.1923604920424238)
(-0.14351620076697189,1.1432955397664164)
(0.20547370529810782,0.7883114184161101)
(-0.08420128026541927,1.0835867488864797)
(-0.09298274046912938,1.0720934307891907)
(-0.052377111759578175,1.0533733180526146)
(-0.03569115965130784,1.044484229272757)
(0.07845131798275466,0.9305140418000595)
(-0.20975134026733122,1.2141196398463603)
(-0.080609884010428,1.0850894464286813)
(0.026420015889164306,0.965639642711188)
(0.1309861002136076,0.8735617962340628)
(0.17428319582252877,0.8522734051124703)
(-0.0023911583613449956,0.9932634974111236)
(0.27193184199455356,0.7291613623260178)
(0.17369106857274128,0.8352884025921519)
(0.11096719794711589,0.8886992584959971)
(0.20460397621399792,0.7946369123274808)
(-0.18301449288768412,1.18934597445232)
(0.25626248513331995,0.7404805284917462)
(-0.049986895797999045,1.0446868989093554)
(0.1831954334127802,0.8268805007700998)
(0.013615944737543793,0.9816399477493981)
(-0.045719453484847836,1.0574561409987662)
(-0.07012434777534149,1.0750043898570563)
(0.05216319849947333,0.9564673971010584)
(0.21903283114787034,0.7822469994677694)
(-0.14119760496823844,1.1333903131898306)
(0.04585733861955674,0.9432804918857086)
(0.2008734161033428,0.8040405028232084)
(0.09985529071897671,0.9074672214674084)
(0.038355557058214106,0.9525136510861466)
(0.029832346927568927,0.9780901624739508)
(0.13745511310459682,0.8840938902429648)
(0.1742069088178268,0.8422164857071867)
(0.08915231023275598,0.8850534524447009)
(-0.007126009302128127,1.0065741915966089)
(0.007615228705624178,0.9903992995433782)
(-0.17320363888548806,1.1764953925567891)
(0.22458745034002575,0.7788905232808035)
(-0.2610660059896973,1.2494875432857229)
(-0.10848939012178042,1.1168110123070936)
(0.1590065544317868,0.8260815638341995)
(-0.012046774054347164,1.0156113789336176)
(0.07769295918364053,0.910154498197455)
(0.08271431846411514,0.9276696831421339)
(0.3104778371694892,0.6870755869664328)
(0.016162999356709035,0.9836224882459934)
(-0.009448788037107777,1.0007709376717542)
(0.2751619925403444,0.7163336247718833)
(0.011321076887619297,0.9982353418088149)
(-0.02015096545167267,1.0272859159089887)
(0.016003149089730127,0.9777247946357273)
(-0.18798967285011603,1.1859018263962722)
(0.37920660557787533,0.6501598213676937)
(-0.041671921459908313,1.0373971084165048)
(-0.11867029512900501,1.1400692559804781)
(0.10891799260917263,0.8740899828135156)
(0.17626192874423388,0.8355770804995426)
(-0.05450802399615322,1.0598594251829627)
(0.21005020583154949,0.7816775740990988)
(0.2209952378835904,0.7900947632800592)
(0.09837149265567692,0.8921820544081308)
(0.25596171773004706,0.7497144123857127)
(0.1930884762089543,0.808274179699032)
(0.014002934020978096,1.0044829012419814)
(-0.15552700879509657,1.1699670315961113)
(-0.16100629005879147,1.166664262067029)
(-0.030469538397320733,1.0252032826580793)
(0.09428039425384963,0.9008321530588713)
(0.11256116985383763,0.8895682514712011)
(0.14089893725489158,0.8446798852053115)
(-0.017629942535794415,1.0131188320646871)
(0.12482108907119153,0.8616771664660066)
(0.15645534500156802,0.8339957644480352)
(-0.06993921720632938,1.0855641699632053)
(0.09276418545462312,0.9333496934529338)
(0.00703086401297048,0.9821416663310167)
(0.11979628604461012,0.8682242273222791)
(0.23004540610680468,0.7891423611892194)
(0.25050665455628973,0.7460832015487193)
(0.11514236674862413,0.889730084095135)
