(0.10117094428736968,0.8979552236470032)
(0.06478259371653274,0.9334665948424838)
(-0.028034948052277173,1.0171935458623649)
(-0.002688137124165078,0.9983486490838086)
(0.06861562843163097,0.9266200566955679)
(0.06027605773485123,0.9474217964299205)
(0.07592787681184414,0.9260936405839433)
(-0.06227710205506233,1.064708029236264)
(-0.049672720233683,1.044981715666379)
(0.08124303093712636,0.9125411611856119)
(0.10170988169750698,0.9074190507034833)
(0.17123326574903125,0.8341529647240874)
(-0.0029673657032770937,0.9917391298084038)
(-0.0008709436590183696,0.9999321995722631)
(0.13334159163172646,0.8678126122634982)
(0.06771355917078478,0.9335618950872857)
(0.009004211382934035,0.9896855233264195)
(0.11521372277618411,0.8928266951806715)
(0.10979404508523606,0.8923343895890555)
(-0.04197078033884253,1.0403766395247136)
(0.09629988758103289,0.9004517902999861)
(0.21221660618800112,0.784059434633328)
(0.08485984946991473,0.9120936373070851)
(0.08507254868600381,0.9146561630175517)
(0.15620735601024682,0.8442868071051994)
(0.046287613877708966,0.9539727154220269)
(0.012666942484391628,0.9814787500470352)
(-0.016459616870478026,1.0211741215478722)
(-0.0023939043682299306,1.0054695263886053)
(0.0817104953705334,0.924392861849629)
(0.04114303245497784,0.9553723146328513)
(-0.08349281589206096,1.0793461051935307)
(0.09594444199519922,0.9110408807602163)
(0.027421274027809167,0.9699741064831028)
(0.00331149634731827,0.9902915865972409)
(-0.01839102197559383,1.0117242361724212)
(0.04970115582174766,0.9511265261794293)
(0.12329694359436723,0.8770623073662134)
(0.07163030604057358,0.9266841400316101)
(-0.015924145984610723,1.0262621015043827)
(-0.008906978314648836,1.0044611907813927)
(0.09501860123216654,0.9006108762518709)
(0.14465199672343176,0.8589819331270149)
(0.07057291209623894,0.9234569513547496)
(0.08344703777210771,0.9168569756603246)
(0.040561636459014117,0.9621865134345302)
(-0.02498934506186834,1.0187538312578315)
(0.021236310951649098,0.9827111115473957)
(0.08009892568944083,0.9243830389499941)
(0.09604073199110028,0.891161182355175)
(0.10824421385510416,0.8914070559082483)
(0.01142293908858403,0.9850583788374906)
(0.1540825475404013,0.8434516935848516)
(-0.031041772304016065,1.0307396694120292)
(0.11567374238973259,0.876318418428471)
(0.0670446411039643,0.9333833229004315)
(0.12807939023780898,0.866223947100779)
(0.02532282714706744,0.9818628448845945)
(0.05331843701628419,0.9485357269155632)
(-0.05152383770788146,1.0544076589026903)
(-0.08143730899759939,1.0737994766714276)
(0.0581414291947407,0.9401293254685342)
(0.028748835962971793,0.9740479614074383)
(0.003847201949115633,0.9945067524693166)
(0.005263770306858557,0.9969810484621795)
(0.06748427517247474,0.9325567964897317)
(-0.00812528977363651,1.008865819880089)
(-0.013784301766292783,1.0115477310361984)
(0.13228152371733662,0.8607170932795815)
(0.0639253683474962,0.9360163979755135)
(-0.05275331744510267,1.050821178929657)
(0.07405920779194909,0.9261493729217747)
(0.13351200455718,0.8625200469471981)
(0.1336274628155895,0.8684889648020939)
(0.11343685307838297,0.8850381966082173)
(0.12735371268183784,0.8767718328867599)
(0.0864162057526912,0.9043667295788741)
(0.038356914857947594,0.9581518931848569)
(0.11745402945106273,0.8862539403194257)
(0.17491295595258746,0.8218820544626156)
(0.05327799528248781,0.9473700184381709)
(-0.01670329248039936,1.0134868480973482)
(0.10612717037439363,0.8852026642384045)
(0.17458314961976923,0.8270328453454382)
(0.10152570926709252,0.8975675172410649)
(0.06917491227803084,0.9308367421036073)
(0.043463497603786316,0.9568864900348668)
(-0.0074845436037962055,1.0049100722314392)
(0.06781402084191114,0.9195343861771728)
(0.0848724864630763,0.9067265682897666)
(0.11531509479458282,0.883917769171447)
(0.0624276080309167,0.9366343584603163)
(0.06915511811281795,0.9318627549749047)
(-0.03714334133925121,1.0354469098007086)
(-0.06715433263562207,1.062980118061926)
(0.00620507007836377,0.9905265264361152)
(0.11614330478019477,0.8815859697183264)
(-0.09963709817261031,1.0954754779580107)
(0.0033418422274508067,0.9934090878776471)
(0.024252259042403138,0.9807658378727508)
(0.12035407889682974,0.8830983861647578)
(0.0167910383977282,0.9831276258946016)
(-0.05017525787060568,1.051700070273386)
(0.06544871138194525,0.9331797084177974)
(0.024158655309024574,0.9744978956949235)
(0.10244015417638827,0.9069298459631836)
(0.0472436165947996,0.9542968394491034)
(0.1259826725554613,0.8682219893858811)
(0.025537263242906366,0.9767661591415728)
(0.07562584991738137,0.9370556888371467)
(0.0581893627435104,0.9403548665215303)
(0.063005869956631,0.9318474721008522)
(0.091571844028256,0.9112707109589335)
(0.028446989623080676,0.9690052604321305)
(0.05591971727135207,0.9480491883958142)
(0.060619587076971494,0.941155415060284)
(0.07328722927797367,0.9231379056832195)
(0.05283857710710043,0.9571691651610352)
(0.039353735455237016,0.9529546367655631)
(0.08380231680564011,0.9150836106706863)
(0.12661224764727183,0.8745463052088844)
(0.023009526386956882,0.9785825396880233)
(-0.023580293572823728,1.0220450132570011)
(0.08515306688280783,0.9093515945492252)
(-0.002279359011701988,1.0041304607117565)
(-0.0237420822652006,1.0179613755026047)
(0.03691527710172952,0.9587890353765249)
(0.059070869517782246,0.9441054577142283)
(0.03595920006525825,0.968834825298665)
(0.10143277933430099,0.894420816997631)
(-0.009534576065982712,1.011012323826221)
(0.0028893836232203327,1.0003312062789178)
(0.005712868790029166,0.9895475441660015)
(0.03341171363211977,0.9703929701247089)
(0.07780621206391676,0.9263391072507509)
(0.026301066529491195,0.968836474541633)
(-0.04223135878390089,1.0358162564228552)
(-0.051949067667028635,1.0585294071561946)
(0.0833731725746928,0.9183517297073893)
(0.09509027382743646,0.9030168231860644)
(0.057723176405668965,0.9417375807488475)
(0.08068897973833053,0.9171387405937916)
(0.05289445229801083,0.9443076039864802)
(0.09191913133599174,0.9107498512256477)
(-0.08378862668346748,1.087629344468688)
(0.004641463731855336,0.9951876869114702)
(0.058959934689186,0.9407212483760468)
(0.023088207542646774,0.9801443886721015)
(0.05328276424618512,0.9443480087598387)
(0.04887105740896531,0.9493818933907523)
(0.13434488879807155,0.8678707576584138)
(0.13134059484539862,0.8820417127003504)
(-0.02913368421294015,1.0267845551669565)
(0.09034261365631811,0.9151616152392675)
(-0.009140835641326776,1.0036552287556584)
(0.1255372198766242,0.8753980988983123)
(0.08402363271551218,0.9193024164563679)
(-0.037635259387005154,1.0371477208895954)
(-0.046876667593155855,1.050567765382088)
(-0.05361544185439619,1.0580463281848964)
(0.18091230047603304,0.8229650894631535)
(0.008731615326790674,0.9886231191294083)
(0.009263936991116318,0.982315073308824)
(0.0801280468928697,0.9153229013810462)
(0.0757512925851193,0.9277541715137068)
(-0.00015828925059235968,0.9970696726295256)
(0.05740879447991232,0.9417137383382156)
(0.14226694044788765,0.859958398357647)
(0.0775224092030933,0.9226393757998645)
(0.03706144745524199,0.9630792898049154)
(0.023067543454522617,0.9646004118806888)
(0.012149785478798176,0.9913313732469402)
(-0.003459346886044897,1.0006504027551975)
(0.141701123002153,0.8613271617414792)
(0.021931499752233123,0.9788452168560523)
(0.04047826363288873,0.9611339308179325)
(0.0321277717203147,0.9696117989279807)
(0.08826515924803668,0.9093330807623543)
(0.1762473293346208,0.8247267417726876)
(0.02738028596644015,0.9652333015361175)
(0.07427292400092463,0.923158111088686)
(0.18572093609473647,0.8151675880611405)
(0.1187295644600309,0.8870952245873281)
(0.11170920460241632,0.893355969377041)
(0.02561685522849654,0.9720740006343385)
(0.12757499310155446,0.8675388198536629)
(0.04696374685004198,0.9444383156275024)
(0.06664491100920503,0.9375258326865491)
(0.10749306232977288,0.8902644055975233)
(0.025436047731521645,0.9777827650407821)
(0.0753845003205373,0.9209070830440135)
(0.08894650470649186,0.9124829999922555)
(0.05116165338355259,0.9443816598602922)
(0.11394107741094966,0.8872833126663989)
(0.1170728742866869,0.8932676545042387)
(0.11864445216494472,0.881383762088314)
(0.1578665929104615,0.8469759279056766)
(0.013087550666613039,0.9885808211437543)
(-0.0016120822201097292,1.0153858744932072)
(-0.008238104239898864,1.010281198596939)
(0.11849914812190993,0.8748539931041442)
(-0.013135198108167127,1.0095337950466414)
(0.04337650305097897,0.9544950428442599)
(-0.08811628260010135,1.0860048830896738)
(0.1824671470076017,0.8244459131803742)
(-0.024762916046595022,1.0280715789372525)
(0.005417212316193936,0.9867135252201964)
(-0.05836569913496775,1.0570183725297115)
(-0.0373277316307214,1.034734006399976)
(0.1320357501987157,0.8641685557441671)
(0.023362221591952767,0.9733944828626808)
(0.018662308776396817,0.9832828557912543)
(0.09405766312771373,0.9070727412985911)
(0.12848565613192284,0.877754479486916)
(0.1176244754396054,0.8820210200869327)
(0.06980179648853406,0.9184803823591339)
(0.027217639329541722,0.9682706179806465)
(-0.07002215941395251,1.0620851724084002)
(0.11115244852969985,0.8921470088726148)
(0.09440865045120288,0.9134925776439432)
(-0.005333745262879034,1.0079101799359713)
(0.01640636172819545,0.9888502438075606)
(-0.005404658790083425,1.0056631300106698)
(0.10038764355832175,0.9053509941346145)
(-0.051618515800652555,1.053042721042902)
(0.03186919833613423,0.966984346794906)
(0.022087865142217226,0.9834612513071961)
(-0.012375954898878416,1.0084307949140552)
(0.016710742156210476,0.9876769966071962)
(0.163934409155861,0.8394567549602264)
(-0.009471116505660009,1.0102555439987444)
(-0.05067605010069913,1.0567701269789893)
(0.0836189317853367,0.9173747155273275)
(0.06143868318943914,0.9440997682991348)
(0.09022053584765964,0.9094157713082653)
(0.10736240537620391,0.9010552737216088)
(0.07353904949429009,0.9255141278388547)
(0.02232798756907199,0.974086550236201)
(0.08749545760910424,0.9075452460566107)
(0.08529523296462703,0.9169486689254867)
(0.046813869055178,0.9568521686289653)
(-0.02097206889400518,1.0231558987450668)
(-0.016138471429329802,1.0098941668453236)
(0.15161201429290383,0.8534243075950306)
(0.033561828533985774,0.9676799135215757)
(-0.004331887098904449,1.002344985381095)
(0.10285096949972952,0.8968720474314928)
(0.1016336507296044,0.9006984517352623)
(0.0017451124177933976,0.9928305113207451)
(-0.008083138216608346,1.0113197671384129)
(0.040262118411274965,0.9663347827674633)
(0.08811804671401167,0.9155417964029388)
(0.05683349711720064,0.9493206451565321)
(0.006618038452939677,0.9884801606273782)
(0.005749609253209713,0.9912963725688668)
(0.1676255965658177,0.8332071325321506)
(0.006584391867251599,0.9939636555461289)
(0.08015246461397522,0.9194973688667015)
(-0.08109552306068361,1.089570100403269)
(0.03198927279255541,0.9708599144923662)
(0.032278394364729575,0.97240726303338)
(0.06999780343772266,0.9281679410148338)
(-0.005966499303898962,1.0002206678789136)
(0.0479723486263979,0.9487385925823321)
(-0.03491336217456507,1.0360401639032848)
(0.0013462881484241724,0.9946429401767033)
(0.08047502675402622,0.9303169459053175)
(-0.0484513881651041,1.0462629070433709)
(0.13975932220364048,0.8510453129893765)
(0.15143726777424213,0.8432471792831537)
(0.1762648582107183,0.8222177093410037)
(0.1159490774419748,0.8758583259500827)
(0.07733724984792985,0.9170955355125211)
(0.11261349887335777,0.8816287159921654)
(0.03836408644389662,0.9571830124897031)
(0.044852392345286644,0.9588004370266184)
(-0.002142911059115448,0.9984386857963113)
(0.03705067066426704,0.965507609280303)
(0.171595672981761,0.8387169278931562)
(-0.09407790337754199,1.0955165566255873)
(0.1226661393697008,0.882301522968555)
(0.10346467594730493,0.8943141538090804)
(0.04396601285119914,0.9481693321742611)
(0.0243186208421369,0.9785483798290631)
(0.09389936112938836,0.9108081037305211)
(0.042183609246995275,0.9595118505312797)
(0.006078066118105894,0.9952727971191039)
(-0.003178668582524208,1.0034275807207933)
(0.06789848541512536,0.9365296673229077)
(0.020977942689902093,0.975468126757619)
(-0.009063687231559528,1.0165329704119346)
(0.031490663818277774,0.9683007151642561)
(0.03413032446220442,0.9664510921792252)
(0.037478257376519254,0.9617472805272966)
(0.13619723114459076,0.8674456839991332)
(0.1611357915745251,0.845951182501013)
(0.10452373304026139,0.8982773530484559)
(0.011628261754076977,0.9932453118424421)
(0.1307195916570419,0.8726948338412855)
(0.01446152224253926,0.9771455641336729)
