(1.0431187858498665,0.07316345503501986)
(0.758616215292655,0.3069038170275482)
(1.1132198451481106,-0.025521403499117454)
(1.2434961258650752,-0.11994115943627989)
(1.0827837971866094,0.024228368784022052)
(0.8331449304824854,0.23306075202284876)
(1.5811325389990907,-0.41713534941698865)
(0.9122945336579339,0.17471614208546588)
(0.6727772575481541,0.3921568414431071)
(1.1824780506422583,-0.032447006647358584)
(0.767961908930923,0.31436942191895073)
(0.6717817323260581,0.40196783899035304)
(0.9983953311481715,0.13321268477292442)
(1.0482143962782053,0.06476163308844228)
(0.6913414059732577,0.3712074807539272)
(1.146992307257178,-0.016562979666614963)
(1.5798030396996936,-0.3976353611881574)
(1.4867152076132018,-0.3226484940711776)
(0.8391094845922779,0.24671129072770082)
(0.775600171446341,0.2999044036509907)
(1.1117831223315986,6.424599556591792e-05)
(0.7072698528570998,0.3723738632604413)
(0.9041099786565012,0.18468827720455952)
(0.9857779159727548,0.11405986955915058)
(0.5875255893115878,0.4945412884270921)
(1.1775617613661837,-0.044471239324590656)
(1.1359544307905585,-0.015016574138214386)
(0.8627617108225749,0.24405262149794393)
(0.727132251616803,0.33684173100314807)
(0.9359665119933142,0.1498325170128671)
(1.8419917793148575,-0.6495464723083797)
(0.9012994023752532,0.19126383651547765)
(0.7861583515864307,0.2812188662621738)
(1.2148588023021516,-0.10522701686561356)
(0.570708110620361,0.484476137982667)
(0.8379459199030066,0.2589763634306352)
(0.896438946994386,0.18009064160358074)
(1.5661108636668886,-0.4028855292352544)
(1.0872343182462325,0.009385936858663917)
(0.9945211789610573,0.11518129355003894)
(0.5112537478117357,0.5505252011450696)
(1.1885816734302754,-0.07075843574509327)
(1.1159328185867576,0.007636970921723536)
(1.0045852917602345,0.09200086602422175)
(1.073464581610409,0.024882489144549304)
(0.7570314878574749,0.3361842410219588)
(1.1316330833604333,-0.03140851633265433)
(0.7925740543662455,0.3023417067746818)
(0.7360191395500277,0.32978919304775256)
(0.689550567585532,0.37578933511619994)
(1.0154025276618424,0.08454933174920766)
(0.6019429208676398,0.4550173756492901)
(1.0857098255304067,0.007947560336658025)
(1.1420699604136837,-0.04005223076628397)
(1.061153657087362,0.05891996551292151)
(1.2081999261384342,-0.0869521612301523)
(0.840339969970132,0.23333229088912194)
(0.8899946259001904,0.1613513102432116)
(0.8904626617624309,0.209882470881311)
(0.9589212271683535,0.14302821264255983)
(1.169451269971931,-0.07422805934364139)
(1.4306203228212668,-0.28750401315080565)
(0.702071292806835,0.3729191888799539)
(0.7824716709484372,0.3019149263623106)
(0.6675433304595634,0.365613672167145)
(0.7532764378462724,0.3073785786517099)
(1.4754623972995387,-0.3176773969088277)
(1.2323874233802452,-0.1189172738358822)
(0.8843093210556916,0.20640321092089062)
(0.8089973634834985,0.260118097351337)
(0.9870899244238295,0.09726393815862797)
(0.6151874218347926,0.4572981621783887)
(1.353215066000282,-0.22654217199102925)
(0.877090329289189,0.20504952405494606)
(0.7649533207127088,0.3149668478271144)
(0.6528256512557847,0.41874643712004866)
(1.2259357119904757,-0.11132359424790417)
(0.75014694769766,0.3177283793166141)
(0.8008289776984824,0.26893496246249327)
(1.0146306647720866,0.09300182855764129)
(0.7674358759686838,0.3112339159155872)
(0.7877770570915331,0.3107781918980821)
(0.63857885192604,0.4522507094921081)
(1.018845680391747,0.1025241201848683)
(0.7333500351552582,0.311680965676812)
(0.9264799118613485,0.1679594784458871)
(0.788194364445463,0.27990016313413196)
(0.6107026815855482,0.4368372538427858)
(0.897701594261962,0.18840203370736497)
(0.8045009979431769,0.26353029548341445)
(0.6899295967384832,0.398833621275205)
(1.1222624019565628,-0.007320509648613942)
(1.9796009439765587,-0.7820940082248364)
(1.0349572683928059,0.06840291957455076)
(0.8073479290023647,0.25587996539683955)
(0.8595936798337885,0.21858574359809096)
(1.0661526566252444,0.03471645340348322)
(0.9425354109687523,0.1580683145804497)
(1.374480786023616,-0.23109464489766052)
(1.0968157795493998,0.035252299523345014)
(0.8072658281008831,0.2838542301407916)
(1.8195309984303283,-0.6185726463651846)
(0.9470383817140786,0.17136947886267884)
(0.9080276120677454,0.19483537795754505)
(0.8679133228067378,0.20171265159256055)
(0.8719919233320014,0.2004209757106655)
(0.7812127520556508,0.3011473725208884)
(0.8990143862031102,0.17331424892734482)
(0.9998360117320099,0.08317826823207337)
(1.3946424794920602,-0.25510160744293975)
(0.60400676919429,0.4334177954238696)
(1.5050156666663008,-0.3479390119301611)
(0.6794717886411489,0.37920622173796836)
(0.6278054926205197,0.421871563169586)
(0.8913833087344457,0.2013311553898517)
(1.0248078826966744,0.08480421670494347)
(1.381806520256149,-0.22931261101846576)
(0.7067952177744282,0.36203043281489183)
(0.8017454429463932,0.2883155367491012)
(0.7442531303970316,0.32277272474332985)
(0.6189150319994776,0.4401647598865615)
(0.7023865157973094,0.3546012461854943)
(0.8030188242342067,0.26541771092278615)
(0.8179241619920157,0.24056939089260487)
(1.1833288113840617,-0.05792622506320596)
(1.2943306182561019,-0.16089388931439086)
(0.929072101640929,0.15390769796949694)
(1.2041234378367325,-0.07791918712639666)
(0.5837525765733518,0.4771369608501722)
(1.435300327082923,-0.28198342473496346)
(0.8052027889076537,0.2845031299910757)
(0.6746466110715245,0.39705326657747614)
(1.313173841368031,-0.18483756697357512)
(1.1304828281181996,0.008792075510899887)
(0.9738938244505443,0.13821188983089075)
(1.0043464026933675,0.104360403391208)
(1.2981852166403955,-0.15269936491392444)
(0.6899538646447883,0.3826416107719779)
(0.9373494392203245,0.14488358161080328)
(1.0013419335416536,0.09800629169828408)
(1.190932221479204,-0.06376376399621211)
(1.009261833961895,0.09802071541483565)
(0.9062360095487043,0.18727395428552154)
(1.2811958293852972,-0.14707620932012733)
(1.138012554001514,-0.028444363255247133)
(0.828567726962888,0.2410952219125311)
(0.9070380860715567,0.19591117320563353)
(0.5641107973385278,0.48420678965088104)
(1.393492315681578,-0.2687866592620229)
(0.8378168540026427,0.250429809438372)
(1.1858481316403986,-0.054934328259572604)
(0.8825444025103201,0.18043972209615763)
(0.9992844078834829,0.11199262879779533)
(0.9709018249216161,0.10555697249848967)
(1.0252409731504455,0.06942116157982493)
(1.0050026032120165,0.10964951286677291)
(0.8063376939884309,0.2602193544792893)
(0.6139101052367432,0.4558199392678496)
(0.5958810248694524,0.4649391837283162)
(0.9579133308097527,0.1421506992871782)
(0.7859434897943492,0.29207174551254383)
(1.316520439639727,-0.21178364768455232)
(0.8653424480212016,0.22547810648396133)
(0.9242151445020051,0.15099930440874548)
(0.8828559307506674,0.22588020193326905)
(1.4471485908231079,-0.29619698712824066)
(0.9733830160294712,0.1472837460767323)
(1.0018087444985728,0.10441236690350181)
(1.0437348930737287,0.05712286403265094)
(0.7417385505111602,0.3531994243021594)
(2.8918801446898703,-1.6131035527543593)
(0.857986346706658,0.2391240661808272)
(0.9613154176062648,0.1288506622615592)
(0.8142430930948626,0.265471526615859)
(0.7468798996627263,0.3232131995953702)
(1.4741071545485622,-0.3142777516921758)
(0.8502408892435953,0.19155654520461654)
(0.9218477321107087,0.17504211478400808)
(0.9173667852327794,0.1835330496274624)
(0.6995133153718913,0.34760956682180577)
(0.8577243900983137,0.2314807342892243)
(1.1391860227459936,-0.010246501259025098)
(1.0663331247984495,0.04820656007045889)
(0.7983303457771489,0.2707043480738851)
(0.8153249251355693,0.27272073625122223)
(0.8383522919672723,0.24647914362867612)
(0.945093594123704,0.14276453400996406)
(1.2095763346012174,-0.06637075737301759)
(0.6942145893301206,0.37254507557361)
(1.7306826893395815,-0.5481336084124147)
(0.7515196237747253,0.3033404486105098)
(1.034369308591797,0.06743693590362901)
(0.9240126952820928,0.18718418299108816)
(1.6859617962171938,-0.5122096594276043)
(1.0983669404672964,0.0043067749735835725)
(0.6800013185837119,0.37078781287865425)
(1.0181493338651015,0.097315384037336)
(1.4646281304618878,-0.3359900514470985)
(0.8952401566740622,0.19375098653862757)
(1.0536759455082665,0.05005080044546798)
(0.8960839781174271,0.20924901980635396)
(1.2450679594497842,-0.10989862850116353)
(0.7972163035473911,0.295487962488547)
(0.9301048298166861,0.1650628614229012)
(0.9913028271360844,0.10416830208966385)
(1.6408066933635355,-0.4708360010491605)
(0.7682001938497494,0.32526208341686424)
(0.951928078964145,0.1322860987834016)
(0.7385517996848897,0.3068566111798753)
(0.7174962561641709,0.3579163351629117)
(0.9436151890348967,0.14753626518863594)
(1.187570391055962,-0.07620641769249907)
(0.9008408679019909,0.20346459508649625)
(0.785141627424095,0.2719444008117658)
(0.9856540530129793,0.10994002006794357)
(0.6646560535372081,0.41372019061494714)
(1.2508559522873133,-0.1417611574466049)
(1.5424846001541823,-0.4041516324249058)
(0.9709585644198777,0.1320257451700105)
(0.8300544915848235,0.2652933503136951)
(0.9959440214653971,0.08840635915791688)
(0.9796224369883517,0.14112198362672393)
(0.8551207268840952,0.2179795521720131)
(1.4572000222407002,-0.3381699140556139)
(0.8747589711306336,0.21720591892900937)
(1.1299980717092741,-0.011922036023375184)
(0.6209071011737672,0.4291448338442656)
(0.9914821959121997,0.09354806680885619)
(0.5378464082057881,0.5081890065744272)
(1.0073158308074677,0.0730578423941797)
(1.0251858420354276,0.07488793641922295)
(1.2149293485368398,-0.09914935763429807)
(0.82039513489115,0.28087052634737136)
(0.9576540390079266,0.161236846149466)
(0.6744896316993816,0.4076835483591239)
(0.9411925688965393,0.1735212138999029)
(0.9708159074013045,0.1103024016071783)
(1.2513931110057763,-0.1447549242721954)
(0.6362923013870515,0.41975147101910393)
(0.7892528302805607,0.2702144540078078)
(0.9023888782675914,0.18473030987246553)
(1.067902832020216,0.026938337692476697)
(0.7290696894218311,0.3533365762214659)
(0.8724305316464893,0.23316283630457804)
(0.7398394193156972,0.32352556222893986)
(0.8860521987319733,0.1899015264978601)
(0.4729153471398629,0.5774869873183359)
(0.9646213319222438,0.130067316399411)
(1.5017495509219096,-0.3551507103751465)
(0.9692773371874588,0.12047997462514787)
(1.0495221968287318,0.04251266545658134)
(0.7767667329779256,0.2933537258386793)
(1.0744069114860106,0.0399380139546295)
(1.190473598801526,-0.04931278617042326)
(1.1511505393062647,-0.037102809453597514)
(0.9638791287596354,0.13278588742854033)
(1.2938239627479589,-0.16548430840420492)
(1.1437219787759163,-0.03034496856809005)
(0.9632257916622212,0.10764930115536185)
(0.924111972474807,0.20426299248950203)
(0.8715154206219159,0.21523862936312385)
(1.281243491040345,-0.16876229068502255)
(0.8540248581980523,0.23171789083083363)
(0.9824416597829958,0.11382817462808245)
(1.1003811549388203,0.010385428580384555)
(0.5012237605587214,0.5407006110660867)
(0.904148536557041,0.1682095420986259)
(1.0740941547827731,0.043545255317128016)
(0.9099844161528332,0.17866337622503656)
(0.8834377984310712,0.18340991510230073)
(0.7623411731058268,0.31824862987584657)
(1.0190894228486271,0.07690854917757613)
(0.7343602204216505,0.3462527496750176)
(0.7522443038597678,0.34668632288827955)
(0.977843898019516,0.10917684769359853)
(1.0784811332812572,0.03725019870969464)
(0.8124434503952878,0.27469817338181124)
(1.2091116518808502,-0.09453313284937724)
(1.1746678425202126,-0.044866756550114795)
(0.9487747988269419,0.13977622431103023)
(1.188443202814811,-0.04175659501412376)
(0.8326917329770335,0.2509872222459262)
(1.0995798440843148,0.022890825276006232)
(0.5511037859558816,0.5187291078338742)
(0.9605227314412182,0.13438683566387125)
(1.1901913305290301,-0.09318060246664343)
(1.1677113893924878,-0.046325023857151953)
(1.2338122725576381,-0.11609425472120291)
(0.9812148151862988,0.12364557068073105)
(1.3149954606338357,-0.1749212225125289)
(0.9811086552721687,0.1363692217692901)
(1.2665797647858472,-0.13164124390475454)
(1.240057029338815,-0.12354185883012125)
(0.8251133839679674,0.29038570104494693)
(0.5163150797906799,0.5276283204845114)
(0.7635439462808089,0.29170855101309184)
(0.9441787947636773,0.15228166532862727)
(1.2773138798920274,-0.15398212898516603)
(1.2387323437601845,-0.11391459963852414)
(1.0619924475789415,0.022699707237089913)
