(0.9295165636616738,0.06702904287724334)
(0.9783077267436668,0.027618988006394934)
(0.887822448686231,0.11894946534628884)
(0.9537373809359342,0.048232285107717744)
(1.0434988173892608,-0.04853497727884137)
(0.7469666590541852,0.24589467555022293)
(0.9857714271439459,0.033070503342149504)
(0.6443132041155031,0.35280258768031025)
(1.004652146280166,-0.007515837029092703)
(0.7903922470970579,0.22648060725707328)
(0.8881166771160256,0.10519295693774003)
(0.8255587625150159,0.16399197006387028)
(0.7699593618460535,0.23225498143301895)
(0.7186722095422117,0.2848799601797072)
(0.9588447094558007,0.04234594721081485)
(0.9059790864435707,0.08371539305299404)
(0.9228314107194948,0.07894627742810345)
(0.7067821204846042,0.29402644745860007)
(1.0450309955269863,-0.031207236757011158)
(0.9486183134970659,0.04605623139946777)
(1.1065051993166721,-0.11545249967013527)
(1.030416061943665,-0.03862843181564965)
(0.9150734400601821,0.08336783814714302)
(0.8640730995851083,0.14062364277062897)
(1.110898432502006,-0.10206879728294824)
(1.0226239242831887,-0.02421395963822351)
(0.9523861679793548,0.048569478764280256)
(0.964902524280071,0.03343199068258881)
(0.9716799710618765,0.026073650693071673)
(1.1731063284126506,-0.17087373797151903)
(0.7305553699229042,0.260810070473682)
(0.8396552264384394,0.1572016521880436)
(0.9640241516309646,0.041689106260174635)
(0.8354318900919958,0.18365904131985614)
(0.8404601837786176,0.1686756067837307)
(0.9650460378268899,0.028140144156965387)
(0.7200561065289609,0.2705485027804236)
(1.0280688666876128,-0.02302688018995539)
(0.8785807963923249,0.11567005398757944)
(0.6656250530902199,0.32281404625789767)
(0.9138937787414738,0.08271863202939904)
(0.9132072316909557,0.08337486535143832)
(0.8146658462788986,0.19381725226756483)
(0.8475325226605271,0.14822957362035605)
(0.9013834364319608,0.08696299698394495)
(0.9379986789081398,0.0477124192676134)
(1.0499844454252873,-0.04811273288279052)
(0.8672047915565608,0.13966833592402697)
(0.7027913895634362,0.28781753696741413)
(0.9773238375052139,0.024465349739217993)
(0.9695246089493754,0.026851170533893062)
(0.7899801541993096,0.21366991208501684)
(0.9262199652050599,0.0825285540421985)
(0.9277870982571134,0.07405788383257617)
(0.8254809491438605,0.17737476554929824)
(0.7824815045273088,0.22886330175686354)
(0.9504359604013886,0.059181371058415706)
(1.0756945553488835,-0.08273019998144074)
(1.099193180245533,-0.10285451368024498)
(0.8252291309026262,0.17977854741236268)
(0.8653743433041583,0.13340421657994575)
(0.9544790274755443,0.03167359358510396)
(0.899038799288422,0.08663061406677007)
(1.1644026059258727,-0.16821492753171846)
(0.763335171218156,0.23466616172124236)
(0.8725068639800299,0.12748519240985445)
(0.6416046566708755,0.35633086444086504)
(0.7309964638495117,0.27319193811123116)
(1.0429388793220293,-0.04868745805407754)
(0.8317900565128472,0.15297039078093716)
(0.8827942813457762,0.13399499886979646)
(0.974953170062155,0.02419785933358469)
(0.9675266453945943,0.026187354599175493)
(1.076818392217278,-0.08305559437833941)
(1.2999654576781625,-0.30186673048338375)
(0.8405713522042749,0.16392611739044669)
(0.9812536967028492,0.007107289252155015)
(0.5350666822207372,0.45860868949476236)
(0.7216503411009221,0.28143468335026334)
(0.8345100191841136,0.16237769385301576)
(1.0229523724270086,-0.03501937346352398)
(0.8532923891447165,0.15513894966612465)
(1.0543417423895203,-0.059390130232063944)
(1.294685075743092,-0.27850132748658674)
(1.043197017016909,-0.04814439186696159)
(0.6768084578288918,0.324506265852858)
(1.0025125618805968,0.004961502868249576)
(1.0563978864074066,-0.0706516233172332)
(0.9363707257430207,0.06149984282459851)
(1.0099881138038596,-0.024647919854092433)
(0.8737626195957608,0.13710414391712525)
(1.008041322430726,-0.012204904927697803)
(0.9032244101185039,0.09785943901030364)
(1.0791995608565645,-0.08867146830424535)
(0.7180631338433805,0.28088682503632095)
(1.0174015095043067,-0.017320297121512698)
(0.8761441862764525,0.09942256364884625)
(0.807131895478829,0.18231169520385418)
(0.5853486672393945,0.4168037923143635)
(0.9111948597791637,0.09610797223885667)
(0.7119723451619253,0.2765357215242504)
(0.7815308958544342,0.2247704923778771)
(0.8955006926408681,0.09553572647264655)
(0.9236751641997386,0.10421699206261167)
(0.9426769592973606,0.0663155855488584)
(0.7077079802658176,0.29394930404301434)
(1.3550566535558766,-0.34626170039715337)
(0.5833428972486139,0.42236757836729427)
(0.996704750281166,-0.014016206882236882)
(0.9476104206533804,0.047369091355594556)
(1.0169360568682901,-0.018617056699612243)
(1.1325846036538643,-0.12790065576196494)
(0.9391123700206291,0.0657255597092404)
(0.9426940038449271,0.05579991580811252)
(1.2344443127129112,-0.2276583296347531)
(1.1179350612308157,-0.13773400904460814)
(0.854714717797083,0.14682245569839794)
(0.9160087327853608,0.0738524625256076)
(0.6912586889576344,0.3200282722145742)
(0.8017115087373021,0.20076880979784534)
(0.8622567445047118,0.14946706244744434)
(0.7975501977075936,0.1947907900009472)
(0.6122452869958425,0.3918744690785886)
(1.019795247397035,0.00836865303694752)
(0.8039384255277804,0.18613686018364525)
(0.8398562576328319,0.1649915950025424)
(0.9263839309882087,0.07069108142450527)
(0.6480084726333555,0.3556418416243523)
(0.8602780679844145,0.15752799806445744)
(0.8480848271830667,0.16710509590915185)
(1.0662750999165738,-0.06350168780852664)
(0.7937182002643688,0.201094493870936)
(0.9883132374758543,0.010110814727211235)
(0.6533619942666371,0.334253821852016)
(1.0955421423426235,-0.10794288282254264)
(1.1223726417874875,-0.10772948339115197)
(0.8885149166386994,0.1298194342317507)
(1.0088995619079455,-0.01510916382686449)
(0.9006398481821355,0.10855547177858184)
(0.971624770977591,0.013743613004433029)
(0.753279927803785,0.23929247422430702)
(0.8134715026354954,0.18687105270122245)
(0.9493330649684553,0.05236580359947799)
(0.6636645604412788,0.3208730571283175)
(0.8919947016935927,0.09953347494830245)
(0.8689802768454469,0.11896284846761158)
(0.7584056481182625,0.2462790656284341)
(0.8633161419153497,0.14496850636233116)
(0.9589281115980165,0.041154601408107255)
(0.9643825902845403,0.049369804680142675)
(1.3089885962387238,-0.28795389425842555)
(0.9747664420600238,0.01701289168736795)
(0.9420923686086208,0.05993333444221811)
(0.9032200279120107,0.0836391279870628)
(1.2243493134442023,-0.23398285954039247)
(0.9937896502526036,0.014790265628913576)
(0.9163564238925658,0.08765532763833551)
(0.9098973444042625,0.0814763454558088)
(0.9500227280296398,0.049818997133496586)
(0.8728189929735355,0.12344407837066362)
(1.0465820269102257,-0.046324603499226666)
(0.5957740432048367,0.39261888355846414)
(0.8592736714043823,0.14777568858231874)
(1.1597235807692183,-0.15089012003660207)
(0.8784464986098279,0.13105661925511902)
(0.5968583153051547,0.3921123336708565)
(0.8400760938963966,0.16698785940076996)
(0.8908364706704807,0.09094013733216794)
(0.9222176477750067,0.07157434464171705)
(1.0368239835394608,-0.03603755497305157)
(0.8872022552309956,0.09700860056080525)
(1.0633278968069493,-0.057212082422134825)
(0.9091735423421488,0.08672606832852058)
(1.1246158830508666,-0.11952985045604662)
(0.8776041968114516,0.12205377984609705)
(0.9698069464296611,0.02731745441536434)
(0.9305515435730073,0.06337382457116941)
(1.0415868074324586,-0.04313075058729728)
(1.302276103326804,-0.29554845426877635)
(0.9714850193508725,0.017457529511790183)
(0.9585291998166501,0.03889837678999076)
(0.8266758726847573,0.16458938802342424)
(1.0589091586166524,-0.056368296904703054)
(0.8324541358126492,0.1600798607089349)
(0.9416776990315027,0.06198703144959582)
(0.8450502143244715,0.15369720540776582)
(0.7057506340328032,0.3032305138866887)
(0.9825099703492963,0.018888752694383178)
(1.2051739657982672,-0.19064607640642203)
(0.7795606198894834,0.22877982202376235)
(1.0841034609779003,-0.09331936802693659)
(1.102273800498177,-0.10887212868828482)
(1.0431807862602094,-0.047689186860125764)
(1.0334390384562815,-0.02630958366580445)
(1.1133026206322099,-0.11242189196500832)
(0.9199020488299772,0.08760946157451824)
(0.9636195227200725,0.03201801814320254)
(0.6754405574920086,0.3348013874229392)
(0.8538157009818624,0.14944113832577005)
(0.9463243353733187,0.055271288266976776)
(0.9337560306579292,0.06097521970111309)
(0.8401161096615514,0.17871807362080355)
(0.6046922899568135,0.3989856855380129)
(0.991770580014828,0.01117007319157976)
(1.0243556221591328,-0.03700449539308832)
(0.9875860987003289,0.017517036796265612)
(1.0378232868015618,-0.03500601866693781)
(1.0442895385663082,-0.03252111930063652)
(0.9519267102564475,0.04895079341728067)
(0.8653411431530944,0.1294523050509015)
(0.5269254469240046,0.46422005846432396)
(1.104121180812681,-0.11454766426699958)
(0.7994362668887636,0.20722949833167667)
(0.9030249703546347,0.0955674668752719)
(1.1011201232913335,-0.09056431897488415)
(0.8799049880378784,0.09858079953524482)
(1.0767921838223316,-0.07076397013356332)
(0.9812551535991612,0.005730361033136164)
(0.9428812284195596,0.06829453712205985)
(0.9147119864813746,0.08566489761313137)
(0.8257985385910979,0.1808436575018663)
(1.0106624938134916,0.007023695561930715)
(0.9562478224487387,0.06646242759733437)
(1.0341032029063755,-0.05655241671768737)
(0.785122493749352,0.2198732560193605)
(0.7044632698174482,0.2991826379695711)
(0.8641173879651954,0.12268227132774497)
(0.816944378181771,0.1932219418633857)
(0.9855340834704809,0.01205162380775602)
(1.0394392024284054,-0.05612191562158111)
(0.8804740129123506,0.111075325067677)
(0.8670055031829124,0.140164258653744)
(0.8174936386249301,0.18507472862829655)
(0.8193093262452958,0.18508664191339586)
(0.9255406614917869,0.06968271666220945)
(0.7183816810786604,0.29000257503943955)
(0.7377553324886947,0.27657181809276005)
(0.8029365543525877,0.20688522193147027)
(0.7983621716732688,0.20651956505322533)
(1.1367604974140226,-0.12329102319718996)
(0.6999803482095937,0.28361076377551603)
(1.2251403227014455,-0.19417865024031916)
(1.1632631075430566,-0.17321507049563048)
(0.7315529161378833,0.2798097016468368)
(0.6811946678593612,0.33469613510019586)
(0.8710725713474088,0.12462722274556433)
(0.8237329852293976,0.1665702663060544)
(0.761042993214004,0.231112436945259)
(0.9962250607191819,0.005480966356853113)
(0.7224200168920818,0.2746577845800766)
(1.2030646400127394,-0.19742974932128154)
(0.5713376700068639,0.44060790322000504)
(0.40836976339968745,0.5801584992700117)
(0.6412971381131224,0.34737476399654893)
(0.8277626149156032,0.1726380262088149)
(0.93351425414809,0.06523767672238844)
(0.6695391736507387,0.33266408933760905)
(1.1173402609114902,-0.11766968196319745)
(0.9193378406764358,0.06764626651622874)
(0.7714831817570044,0.20128725699988742)
(0.8353357465794594,0.1709959067913472)
(0.836244407679023,0.16317218050581656)
(1.1418182414078701,-0.12861506283844573)
(0.9558033296787286,0.05509879345534158)
(0.7973257326935883,0.19165634751239252)
(1.0429190150154142,-0.04161689829693895)
(0.69581808199403,0.291154021837211)
(0.8838616037056491,0.11380094208252907)
(0.8009643192445524,0.19932258727611982)
(0.8400126866716457,0.1795768649518936)
(0.9715128340045625,0.019855510287662026)
(0.8878456562297332,0.09920890431218338)
(1.1806543995821712,-0.17765865375988812)
(0.8845422069289652,0.11671054096226946)
(0.7523762400020387,0.24119476144692895)
(0.7266297668473056,0.26005674920052424)
(1.0601515022018664,-0.06125001279936231)
(0.7820401958455474,0.2139317824838396)
(0.9235495412672757,0.09649702997078871)
(0.6046687790319134,0.3956159050662003)
(1.0883558558166841,-0.09723784939903987)
(0.9700600929065909,0.04274010619048253)
(0.7728712499569063,0.2290722081052075)
(0.9526355893466467,0.05282819283279892)
(0.7186855345891334,0.28915143267803184)
(0.5803953957234892,0.42516336252037873)
(1.0010340299786387,0.0017920827143159954)
(1.007522925072032,-0.01949784255303938)
(0.8875376943597055,0.10806850317319226)
(0.6799772645820539,0.3202944020942108)
(1.1318053323227633,-0.13344001800722502)
(1.1173762400609109,-0.11821510170192004)
(1.1581725220427357,-0.1669189699225997)
(0.7407741702062122,0.23481884619330246)
(0.8197923498099636,0.19065701266555535)
(0.807364736209377,0.1905940444020857)
(0.9512724190903439,0.04521918619657143)
(0.7417767220978061,0.25855523417430853)
(0.7450433107785618,0.24224175104850232)
(1.074949324916987,-0.06674364170070785)
