(0.8965008385129901,0.10847042513129322)
(0.9200273553822451,0.08047386197008947)
(0.8924813558216659,0.1056911819465862)
(0.9011661531861144,0.10037162961321547)
(0.916134248275365,0.08168294378568754)
(0.8754766786535347,0.13038262431841927)
(0.8824597095381355,0.11223492392435426)
(0.8919259793298259,0.11054378537585985)
(0.8796246653711952,0.1212084679439193)
(0.9235124467824308,0.07474070710989059)
(0.8566342259193418,0.14663231176086694)
(0.9289172225216382,0.07334958102420712)
(0.9004793515027215,0.10063176912110003)
(0.9415464846764146,0.055834266421271504)
(0.9064347355786982,0.09493303426105505)
(0.934218697450007,0.06422575373499723)
(0.8903848936883457,0.10766522526355699)
(0.9319364050591382,0.06804543917532778)
(0.8894125969024868,0.10576859397553269)
(0.9136138559084459,0.08783936793826172)
(0.8269585370945077,0.1644901592713966)
(0.8613720584694818,0.1341582483251597)
(0.8608211086600136,0.14296078243597685)
(0.9107841842507853,0.08810425407816655)
(0.9238946337111779,0.07670438314833412)
(0.9051701698523845,0.09354690648300949)
(0.9357492750112303,0.06923536210620704)
(0.8841631009313381,0.11490427823458703)
(0.9570764588693392,0.038998382824448806)
(0.9033029766047866,0.09779676369961354)
(0.9343650682347743,0.06956066864692372)
(0.9078812449831104,0.09438019946376265)
(0.8886835977677682,0.11456064716857393)
(0.9433593114829578,0.06016172344344121)
(0.9802233702099615,0.01989985998261096)
(0.9302769755856174,0.07134805918369233)
(0.918595760753888,0.07949123298743219)
(0.9102578442406339,0.09314918787246962)
(0.8917353552440866,0.11020539576081058)
(0.8544749948095093,0.1425967927707335)
(0.884803190301377,0.1150864019393449)
(0.925173515982396,0.07542960669146295)
(0.9096195755331083,0.09435343284945692)
(0.8886784362949439,0.11547507439234657)
(0.8764126797656674,0.11834056798957508)
(0.9076177371926499,0.08704918926392685)
(0.8921850279491593,0.1064762106538782)
(0.8399465967621581,0.1587465485752129)
(0.9147518678362879,0.08431982003203746)
(0.9532083194489936,0.04754533115219678)
(0.9446046246873254,0.05341743919020858)
(0.9325619397072351,0.06276218613017977)
(0.899158456175484,0.09910275502278856)
(0.8886385074766954,0.10988157400608162)
(0.9742053537605939,0.021971963085875255)
(0.8637651288439905,0.13767558534601676)
(0.8933649046482162,0.10779598674003184)
(0.9087471864507664,0.0914381882666121)
(0.9186225172519987,0.07878966715050117)
(0.8549602928917627,0.142159237268246)
(0.8788973118346373,0.1288612078018255)
(0.8990766525518217,0.1029824544536287)
(0.8925947351346484,0.11048243428151786)
(0.8993508696684095,0.10679417947347582)
(0.8821911042463322,0.11704444794893386)
(0.8955268890881994,0.10630119356121007)
(0.927554244646879,0.07054037544192726)
(0.8756194189819656,0.11720060951579855)
(0.9411211827945725,0.06170252833145177)
(0.8808754544098666,0.12509501159233297)
(0.8705893788219293,0.12607365920956612)
(0.9175951391836519,0.08218025392515176)
(0.9237740035122616,0.08268658224125988)
(0.8751524693942437,0.12212866915878065)
(0.8773903003075944,0.12485415764971898)
(0.879467433314012,0.1224955326796887)
(0.8876073895398231,0.10953540730533982)
(0.9299886553332073,0.06773930654114849)
(0.911264219609976,0.08623935474865743)
(0.9125546636174329,0.08767699191403489)
(0.8940139110285645,0.10862887863054577)
(0.9221665290743883,0.07422518429679824)
(0.8553808835592909,0.14715886464013542)
(0.9109925106204607,0.09000279621546055)
(0.9110605523283393,0.09211491307811046)
(0.8694403539477016,0.1280144371538194)
(0.881036852280121,0.11668397069025688)
(0.9035915195919046,0.09649932695367919)
(0.8947736722062122,0.10687966474777137)
(0.868911891444445,0.13117626137606805)
(0.9263040581066196,0.07483978896964079)
(0.9008801572355585,0.10333731108360536)
(0.9306812580521328,0.0700063828047266)
(0.9080582777695734,0.08984920637996476)
(0.8782738692793108,0.11925812746303532)
(0.9195277103746022,0.08218859548730785)
(0.9067900916705659,0.0911084762811304)
(0.9051905125801695,0.09404852393655272)
(0.860945763746563,0.13621328108056638)
(0.9095919491947299,0.08819822347385035)
(0.9065127220126783,0.09590648287320319)
(0.8716341275297048,0.1224537351438687)
(0.947811684280959,0.056392237965882774)
(0.9003592054767716,0.0980567075133808)
(0.8764188323480211,0.1227332610398711)
(0.8964703860932154,0.10256083605896357)
(0.9011645746432291,0.09724877533356933)
(0.8936370333745731,0.10920109564398606)
(0.9018383473320979,0.10254106217811887)
(0.8868273453401412,0.10555125601171758)
(0.9023831723571931,0.09848845220586944)
(0.8776957117868107,0.12331315051124757)
(0.870567163235586,0.13001403125866678)
(0.9053954252711974,0.09616720789231377)
(0.8754196542008865,0.12252223158036794)
(0.9725808217688104,0.02628672912205546)
(0.8369405868506865,0.16133442060752462)
(0.8663292343388556,0.1341515234554249)
(0.9106210823061075,0.0939607109305984)
(0.8953082137639095,0.09984088067198886)
(0.8942503236084592,0.10773394947081669)
(0.9607246670286742,0.03272439492994565)
(0.9016938888812165,0.10017802875484352)
(0.909288239249809,0.08579963235067072)
(0.8571440606018407,0.14425556312280782)
(0.9057262620081096,0.08746687589850252)
(0.8849139624374892,0.11365379366418908)
(0.911715545885383,0.08765347248256325)
(0.8862520498837926,0.11575040319808279)
(0.9390194047352495,0.06060618208832185)
(0.9404580496052444,0.06530327276472171)
(0.9109435977938296,0.08786252513405042)
(0.9338044155968042,0.06659256428572055)
(0.8985407357982832,0.1026306138105078)
(0.8959279676926555,0.10172384571733951)
(0.8340748282818335,0.1637467864220963)
(0.9154478558790516,0.08568355263884052)
(0.9116892970961311,0.08913263399885864)
(0.8790425613422823,0.12156584609009154)
(0.8886529637732682,0.11117198677981416)
(0.9702487018077375,0.031236244509864362)
(0.8968366295092648,0.10947027149225715)
(0.9341352925724185,0.06464282214336987)
(0.8459364608302552,0.1530902631670952)
(0.9462572275531878,0.05581016313470263)
(0.8582198355433278,0.14083696613393654)
(0.9050756920031924,0.09957113268499557)
(0.9202429485402633,0.08077751182665621)
(0.9063719296649159,0.09912397621804114)
(0.9141324379024365,0.08548630491699753)
(0.8734924342866318,0.12440142663929246)
(0.8778464261023001,0.12077716552206975)
(0.9105750826095332,0.08887684109391283)
(0.8465272592742293,0.15480790293108948)
(0.8555850037160395,0.14049099123395037)
(0.9171054024026418,0.08772783215535486)
(0.8712020152544618,0.1297041151942403)
(0.8654951621548124,0.13854053622271095)
(0.8807851796639444,0.11735663328207699)
(0.9025216983428755,0.0969347479265823)
(0.8706580962345339,0.12917919242797513)
(0.8788625111842947,0.1204383211828839)
(0.9230164153511905,0.07495714788378327)
(0.8895165381753238,0.10857722931362519)
(0.920198190675366,0.08016934195633958)
(0.8516946465512418,0.14797408963757866)
(0.9405825814272226,0.061972315788326945)
(0.934851517044607,0.06774009039980244)
(0.939166300789815,0.05611111864482681)
(0.9578845221507448,0.04582571024115061)
(0.9011090836287575,0.10194104924306026)
(0.9149579323655448,0.08073660676890615)
(0.8810002247053103,0.11689974544809498)
(0.8852633882189597,0.11774775542613783)
(0.865836683340121,0.13828231142168967)
(0.9273906897704317,0.07512717544970224)
(0.8987068788483478,0.10739458874890112)
(0.9351018034532791,0.06507151026413122)
(0.9677339592393054,0.027734111522900888)
(0.9631489835784962,0.036346626477539515)
(0.8830909437705688,0.11198748142734462)
(0.8655093111439806,0.1369923571979124)
(0.8999298838587303,0.10554262924214494)
(0.923623322277633,0.0717609576724125)
(0.8978912407733647,0.09861060472389106)
(0.8955299954128748,0.10783899275073658)
(0.848772707980546,0.15010960900632353)
(0.8896427151279842,0.10820617074025046)
(0.876496396505569,0.12694169913289577)
(0.8847309391647011,0.11371409409934043)
(0.8558404304532845,0.1404008930913314)
(0.9773099905503269,0.025065552336374475)
(0.9086834670024302,0.09316310153850102)
(0.8300198654323986,0.16579868948539006)
(0.9175467139714397,0.08322783737907402)
(0.8816068556188487,0.11518108708046396)
(0.9160872686753566,0.07922733576403473)
(0.9725597212596755,0.024348784300966618)
(0.8887505193524541,0.11332322097314777)
(0.8712783242549886,0.12614776974593783)
(0.8711194219478953,0.12060055390109817)
(0.9256091954359689,0.0772408670446247)
(0.9192031849613869,0.07859625202666183)
(0.8535787423575159,0.14310028037815334)
(0.842812461905863,0.15042478802414827)
(0.8272097993798371,0.17716691270790752)
(0.9343043667719959,0.0695291738997561)
(0.8842550247624045,0.11700579450741684)
(0.9217809222461419,0.07652546240506428)
(0.8941436132720454,0.10596586502935322)
(0.9138462792743574,0.08048338792860432)
(0.9164292851647007,0.08399166282627987)
(0.9141707564249925,0.08597047604280432)
(0.9379239560135176,0.06028108886265844)
(0.8933343613290092,0.10351352675656926)
(0.879147491080467,0.12500560789952514)
(0.8720287640929953,0.11996351635965007)
(0.8091766330929786,0.19222440975390437)
(0.9387588511504428,0.061872582951146574)
(0.8884970782825856,0.11077755100552998)
(0.8784454956754477,0.125608977726868)
(0.8910702222544562,0.10557399977079761)
(0.9496439445856447,0.04963431560346802)
(0.9281738996995403,0.06744478056493805)
(0.9013997930291473,0.0929250979771829)
(0.922091493032322,0.07699136944603299)
(0.8840955275823295,0.10966551898398634)
(0.9797567791147187,0.02211050050321367)
(0.8611483605439425,0.1388753937139832)
(0.8705405102748375,0.12379486210179814)
(0.9330035467398767,0.0712179078250131)
(0.8959097594169708,0.10206303396298883)
(0.8877207641964703,0.10871201971027389)
(0.960379415114496,0.04164657490470445)
(0.888533949129672,0.11539824592687845)
(0.9047175012976137,0.09410878015603814)
(0.9561947521324103,0.04724192678155045)
(0.8876093328025629,0.11061322589441133)
(0.8814694596404826,0.12237642196455158)
(0.8530174936982245,0.14224635592221774)
(0.9199933101850732,0.08157879061601397)
(0.9012920876139673,0.09481863599611252)
(0.883486535726959,0.11856613576505051)
(0.9258478150970282,0.07608555454059232)
(0.892387010784035,0.1058820376716556)
(0.9168367225809748,0.08212608536462518)
(0.9094974670916721,0.08857746300517678)
(0.8690090498507589,0.13345057625942383)
(0.8495120989229802,0.15192671027471688)
(0.8581157583704233,0.1353149297087767)
(0.8484130105335534,0.1528173944560697)
(0.9524449109214668,0.04984492308315455)
(0.8990829743456601,0.10207112432081149)
(0.8577334535678717,0.13910273942503276)
(0.9795777626074899,0.021671733551890317)
(0.9158359202727742,0.08969655235634229)
(0.8969111930862073,0.10413215984829591)
(0.8584540443325662,0.13840408889897357)
(0.9171704210862327,0.08016041421931928)
(0.9310350235964968,0.06848025672497868)
(0.873659475224007,0.13114940450224258)
(0.869441226797637,0.13602233751212098)
(0.9463487166290968,0.056751468134421376)
(0.9419904156535731,0.055505909797715476)
(0.9240330535793226,0.08039354597005201)
(0.8910084232715183,0.10043702508185838)
(0.8684995330185208,0.1298005146419032)
(0.9342812364870788,0.06171219526152278)
(0.8759035024859235,0.1249756535443237)
(0.9380101170037315,0.060505718428115994)
(0.8941808656938587,0.10290405149248019)
(0.861322990357095,0.14060955579877277)
(0.9300085989486925,0.05932734691455749)
(0.8694071878710012,0.13029274267691832)
(0.8894179933018688,0.11015552355650253)
(0.8818722770135207,0.11953284574754985)
(0.8719751765647167,0.1286063495599139)
(0.8863870623002141,0.11258442300635357)
(0.8991688128658181,0.10362476858015926)
(0.9357459118026664,0.07090035915744287)
(0.9066545038262167,0.09433947744156834)
(0.9573816863881279,0.04476331918834651)
(0.9025560371773788,0.09974605662043141)
(0.8475875200934787,0.14592782334872248)
(0.8727783548342668,0.1299452085968683)
(0.8735885887649287,0.12381440984452588)
(0.8811420662644949,0.12231019607047297)
(0.9684583516690863,0.02821223566319618)
(0.9600154290739652,0.04031749092502074)
(0.8590937838069946,0.13997742109331304)
(0.8802621774653282,0.12107113214607325)
(0.9552728295450881,0.045702258877968645)
(0.9175228277248736,0.07972201461665962)
(0.9196564460404971,0.08059009956875737)
(0.885378890619862,0.11094568416163327)
(0.8472946808417431,0.15298265229370586)
(0.8670693724262697,0.1364067038443103)
(0.8796153334154556,0.12812961512203108)
(0.8749441805590281,0.1222227268568211)
(0.9213967539356872,0.08194139656469222)
