(1.0040459349329842,-0.027648160178208734)
(0.898966279706477,0.07884721466923185)
(1.455195267710598,-0.44283299908965135)
(0.7535993730255922,0.26062653037213507)
(0.7852309870844995,0.22561171960016432)
(0.42336171450419696,0.5893742299959592)
(0.5540055574824978,0.4727425720798256)
(0.385198534106193,0.6276744613396145)
(1.021465130378568,0.005875347215518868)
(0.5642561456476163,0.4120079738180834)
(1.0321510611291271,-0.04447374229240869)
(1.1701754080213502,-0.17977433213531335)
(0.37950384636782186,0.6124293483464276)
(1.1450169835249038,-0.11108941056589806)
(0.7530021781759023,0.21027837521827242)
(0.9653232359894287,0.021315901071731935)
(1.0579369944462536,-0.058956085057172605)
(0.9433599571592015,0.06729001463353874)
(0.659918859678086,0.30091770528350503)
(0.7259010550624866,0.25725490853766136)
(0.44654138215991573,0.5240501084379608)
(0.49965230341584543,0.5075578771780848)
(0.6086274383912241,0.3795345069858602)
(0.7982797025512373,0.23892807523730053)
(0.8364798819040481,0.15079655087077912)
(1.4631666517206923,-0.43743976848995153)
(0.7444821938395143,0.28748877768787373)
(1.0229825364340215,-0.03500706762259561)
(1.4090367476670014,-0.4117854807960649)
(1.9203560663716868,-0.9107697214211208)
(0.749756959962794,0.21203141877307227)
(0.694246983686619,0.3326401014627162)
(1.2454414224736026,-0.25516106893324114)
(0.9390630115861414,0.07676786817628814)
(1.1260362019372714,-0.10378248713645702)
(1.3372396212359352,-0.3394198024963724)
(0.9744513101193831,0.03841820514895914)
(1.291661248627222,-0.309031615327159)
(0.5864489462502483,0.39989999547250865)
(1.055942828541916,-0.058864145975788575)
(0.8829069386809695,0.12487905323165699)
(1.047292547263716,-0.0863585809462042)
(0.9932474877834311,0.00045996774314703185)
(0.8226183788657002,0.18062766222932808)
(1.0261224952949615,-0.027777155952282424)
(1.0479448428891882,-0.025713721043240302)
(0.8723835776768849,0.07489803935604775)
(0.5308947980334313,0.4783352077953359)
(0.8040676096153158,0.16115519601343417)
(1.0006483555548271,-0.0010551651534985143)
(0.7361123156669326,0.2715396192055303)
(1.31123284997956,-0.3114209515454964)
(0.6784759312356211,0.3295025624934397)
(1.15820734689674,-0.16991248784344498)
(0.7658755227494243,0.25014901102106013)
(0.8515098952582034,0.15061884297749123)
(0.8149666140059943,0.19245064346770874)
(0.9339905672091531,0.06044503316141911)
(0.48693492565653734,0.504124133955396)
(1.3335352114245056,-0.36420803507057115)
(0.6337446823289823,0.34425765353489757)
(0.9811142421090804,-0.008295201091582383)
(1.5528818357115468,-0.5394631230029154)
(0.7417979871798704,0.27741559791728215)
(1.1693974817038104,-0.18058388728420705)
(1.0516611663541136,-0.0574339260115723)
(0.6458853114132169,0.3420377818135948)
(0.6962329008127681,0.31218139971440007)
(0.699176831642402,0.32187738265640603)
(0.6499945070420706,0.3337545655063007)
(1.08853559595644,-0.09247427201910946)
(0.7197522916421965,0.29409361741155016)
(0.752953659981397,0.23055225008299168)
(0.8898507373067003,0.09966902575114295)
(0.9790281630368735,0.028106127352724553)
(0.6343359594324969,0.37790444355110886)
(0.7393855574889936,0.22806227283091798)
(1.2880227243113846,-0.29544415070274715)
(0.5930040720429378,0.420246289258185)
(0.891223704745657,0.13443724036632787)
(1.2195173668884303,-0.20602576885001564)
(0.9115289459566459,0.08428074003618227)
(0.26907334306836456,0.7164264100715798)
(0.9769508455977225,0.005541741846095188)
(0.9531912026791454,0.03775682095656496)
(1.6305963944522064,-0.6068921986757916)
(1.3577359602656769,-0.36132769383470537)
(0.9798393660542181,0.045195082349876785)
(1.161209415586084,-0.13896696660111513)
(0.9114474642475148,0.12297281302092623)
(0.8261374253346614,0.20416238970454936)
(1.1068711308742112,-0.11542840930310921)
(0.9717542944908847,0.026930455366410692)
(1.092998222375891,-0.09021808828748067)
(1.1731425380048954,-0.1837399200602111)
(0.9164778732749798,0.05774588086264513)
(0.7650893681793555,0.24029456344103875)
(0.6484802434146026,0.35235790807253686)
(0.9056328921142189,0.09398470611650296)
(0.19520733426859102,0.8033060277907917)
(0.9868260558439519,0.0391583537581169)
(0.5476438963224719,0.45877971586082644)
(1.4843891977589547,-0.5125437715733614)
(1.0391189612907945,-0.05439263673696936)
(0.9399041496516725,0.06275662464591536)
(0.5672557807919343,0.48064493664920943)
(1.3905128511519236,-0.3994853280471448)
(1.1556389352335332,-0.1576482179573569)
(0.2882658598735859,0.7135576920286425)
(0.6759265865319346,0.3037825232365796)
(0.8596863969982868,0.12690278032629984)
(0.8643587051762446,0.13312314294936511)
(0.37829658180138387,0.6073540334132829)
(1.103710861431929,-0.10358309552701729)
(0.5782665580989147,0.4378897792501863)
(0.8863486614042311,0.10501501066195108)
(0.9496785383520889,0.04361760463689805)
(0.6606992349046221,0.33556879686910007)
(1.0708097787956314,-0.05881045339868812)
(1.2091815381507072,-0.1663593658736127)
(0.629128322039545,0.3428717195981765)
(0.6911520184799879,0.32507462584812313)
(1.0424618974244997,-0.03891036431316723)
(0.4099635867781296,0.5580795435507796)
(0.8139646317089079,0.18757797468959672)
(0.7689235725901724,0.20126723579675168)
(0.9266244281690907,0.0575231843105905)
(0.7663280009472957,0.2644184716899302)
(0.6647118001871936,0.34593397641445317)
(0.6064334478024789,0.37552469226308877)
(1.2179534593926808,-0.18888226998721364)
(0.6806293284868212,0.305794564315529)
(0.9049024429074425,0.11074628588693332)
(1.3903439022191457,-0.3982213769810796)
(0.6935398248469427,0.312653248786673)
(1.0720902012229134,-0.07687409794917352)
(1.1585224987321696,-0.1426529448814523)
(0.6101685827564169,0.41103807521460795)
(0.8914043700581433,0.15228482061171478)
(1.0066648854968618,-0.03167017211671475)
(0.9015222872549404,0.10133685027002551)
(0.7575836380838635,0.26421564012217624)
(0.8223911736347475,0.19682120645932757)
(0.43394597320229056,0.5764661177646927)
(1.1427184251072522,-0.09946898427968041)
(0.8895370085923956,0.08672061981238177)
(0.9386397069167671,0.06523659675109576)
(0.23346988958726714,0.767768036546049)
(0.9505320053602211,0.05373425878373139)
(0.6602401560063438,0.3217086379075041)
(1.3014188901743873,-0.29754505240325785)
(1.5370120993907097,-0.5159542791002819)
(0.9766783453581325,0.021093386265058935)
(1.236783705735071,-0.24473525314092465)
(1.724740163760232,-0.6973455515857904)
(1.3823955493018685,-0.3157325111339326)
(0.735797436187635,0.268938614123318)
(1.63943164822919,-0.6254332726875951)
(0.48823890428825306,0.5296917391554027)
(1.2071441779568235,-0.17007047480758425)
(1.2052227517449303,-0.20521992664979738)
(0.8830447411780061,0.054600759024789884)
(0.7712480107377896,0.22822726503585625)
(0.5582251368768418,0.4260141806792973)
(1.2109671994061575,-0.20199638028300404)
(1.1350081161434553,-0.12806480607125728)
(0.7162695448349952,0.31597844420192017)
(0.8114219837167227,0.23802789201399513)
(0.9884828910547835,-0.018135987211409802)
(1.3468605179453252,-0.37487615932312407)
(0.979222408026962,0.0056310742335220435)
(0.7985558567704798,0.19966462130428397)
(1.068479833513843,-0.05060912341499946)
(1.0194966243048822,-0.0011693682419421838)
(0.9200868576918858,0.06386299439536929)
(0.856899632034167,0.14612848934426348)
(0.742330060892536,0.2667249233869297)
(1.0646110042839911,-0.045668296143816865)
(1.1003126431285544,-0.053679161699342066)
(1.5041240223419297,-0.5107137478892636)
(0.9473564689291775,0.06646959311287816)
(0.6958431296422661,0.2803856316671886)
(0.9031560357141462,0.08760854106126875)
(0.5029708474607588,0.501043485632548)
(0.6194743504565534,0.3573241386172969)
(0.9652546381694221,0.05030150587331397)
(1.0652915933697076,-0.10982741877913657)
(1.0564138119656266,-0.01630404082502587)
(1.4070253522008913,-0.4064984441940803)
(0.5997311962970633,0.4460595534319218)
(1.1252815647189638,-0.14803009551539445)
(1.4273300071353614,-0.40253350962113593)
(0.7496469937113796,0.2612002052706886)
(0.4919349489329141,0.5296761877411359)
(1.2145494282876617,-0.20289546814823478)
(1.2086131147057444,-0.1919164185794003)
(1.4017375321387224,-0.3917774115156072)
(0.6315013444438532,0.3590040938854708)
(0.9127071356458573,0.13434425908632197)
(0.6546944293180752,0.3513188104345579)
(1.1079984450684237,-0.11898452465450056)
(0.3502246030206221,0.6145939877191984)
(1.25767195676941,-0.24483652319409827)
(1.2188211559074464,-0.20068770536991629)
(0.8793377971454618,0.13503258038235982)
(1.293925933554367,-0.29759844380182277)
(1.0093636622167415,-0.019249221444568927)
(1.1550288873907093,-0.16679739626079892)
(0.8635357847729762,0.12537766496070626)
(1.3189632992826212,-0.30133818924947453)
(0.8452672826969689,0.13462682823553654)
(1.0749888993294807,-0.07259201718810565)
(0.7732800908490108,0.251625492361483)
(0.8008747286254885,0.1809412393764207)
(0.7593955573138187,0.22746817337819042)
(1.3606333845677798,-0.3365767489054112)
(1.1595365470142731,-0.18136208897323974)
(0.7197177039307004,0.27713473542291817)
(0.6021431715995686,0.4120075733282833)
(0.6253171871987534,0.34397004320216196)
(0.7511133909368425,0.24730307639061863)
(1.5513146892029144,-0.5578562849106053)
(0.41372532019404545,0.5853329668231252)
(0.8585817551496178,0.16400089997855458)
(0.906644146878028,0.11991837372945942)
(1.2371782790011239,-0.23495506759952886)
(0.4188640824764176,0.6233423826394316)
(0.5133505708610002,0.45412333185790477)
(0.9551247221872884,0.01275946592547299)
(1.3556116468601156,-0.3805083577641655)
(0.5856055909473897,0.3835395633056135)
(0.6144877054493718,0.39202525752270667)
(1.5981017402849609,-0.6183043792896963)
(1.0101685583535807,0.0002883126798300054)
(1.1146054502654597,-0.12370948380706258)
(0.7454322258134998,0.24517497155494092)
(0.7937946860940311,0.2048057815729522)
(0.894980558011435,0.09709885385486422)
(0.6872945534562351,0.2967046569887605)
(0.6513650020336204,0.3426255018766136)
(0.754296088755509,0.2373136904638777)
(1.495932132827157,-0.4868707756645477)
(0.24068917300031334,0.740005060611425)
(0.8850183034963418,0.12518769321710685)
(1.327532151912466,-0.3589300489614235)
(1.2401522290376612,-0.24741793539118206)
(0.9294558006067286,0.049630534196863696)
(1.2092405560537955,-0.2525617613325761)
(0.670032334552452,0.3261126156358462)
(1.1379405364538193,-0.1487382256348638)
(0.49485466236737913,0.5314064657947263)
(1.4068575725330044,-0.39232620870835283)
(1.0569407213028508,-0.06488014629262098)
(0.7448445322243935,0.252453715295885)
(0.8633399447736232,0.14691671888407856)
(0.4359718416084063,0.5462558624528903)
(1.113780762080221,-0.09746902876522642)
(0.8399963585597781,0.15697448190895946)
(0.22039131975256573,0.770745607466052)
(0.9366009387160046,0.04731372011175392)
(0.5719357780295932,0.42622207393824685)
(0.8696618677104473,0.14097363971168325)
(0.5353453912453814,0.4723320867144656)
(0.9892812442616498,0.009241914875197215)
(0.6178593987076314,0.3524752115794936)
(0.948533767552427,0.08790162304195219)
(0.9622632116747917,0.033388679385207155)
(0.866490131796775,0.11797277724805337)
(0.9169004354011407,0.0866149944677994)
(1.0152333410790413,-0.004680485382826073)
(1.128307127348645,-0.10547328901888077)
(0.8524193966601975,0.12163514373942101)
(0.7238844255944814,0.27000424937599443)
(1.4189582176219009,-0.4208659077043851)
(1.3115053630765403,-0.3151109341705051)
(1.3323519353105753,-0.31015910697389376)
(0.47180875734459365,0.5011241575243381)
(0.6315924793417919,0.3707524024840878)
(1.5558552898040114,-0.5522034665857961)
(0.9838667176849677,0.004757253905401418)
(0.8754609971230006,0.10022835070091655)
(0.9433953893012906,0.06417381471640315)
(0.8625633905351762,0.11297515473387823)
(0.39038439074073333,0.5961800913122314)
(1.303559136628264,-0.31020854376060963)
(0.6730917166816215,0.3279245846708004)
(1.0848859206166022,-0.049694130712533015)
(0.39881427961094446,0.6427821388094618)
(0.4469130299864517,0.5454930404246006)
(0.7899328704150517,0.22816559412246054)
(0.8213679659554993,0.16219909481016337)
(1.2174460815865873,-0.23826181008368902)
(0.8849144142035499,0.08842863918942218)
(1.6302376260608291,-0.622457479365534)
(0.9454792490895191,0.04815517083557359)
(1.1691465431314936,-0.18082413703017994)
(0.9191230034440847,0.05437742911136927)
(1.1144656946610791,-0.11644566210208256)
(0.9042784979905769,0.09852008638786591)
(0.9241095748513772,0.05432077291575549)
