(0.027693014000863346,1.0557753736747502,-0.10045662405224647)
(-0.007315456977728059,1.055943330785989,-0.032198708449412874)
(0.08466209977398902,1.5135535140582255,-0.595207574652345)
(0.06783195470484954,1.027917807226331,-0.11018211354580168)
(0.14778031010181633,0.8593800228104034,-0.006565385718792255)
(0.06735061822343161,0.9953225430868652,-0.04541376737490981)
(0.09589206810946437,1.4085251178153648,-0.548452673917333)
(0.20487806229974098,1.1538963249747454,-0.3676347119230493)
(-0.04862020149085487,1.2707519965048462,-0.23150840009211757)
(0.11082280069612443,1.2131602188473167,-0.28766417484490386)
(0.14014987118845182,1.0781608868886243,-0.2133981742386634)
(0.01638036944432659,1.0205440593061774,-0.025159279043634714)
(0.020605109227486918,0.8945975603388854,0.08767490417851834)
(0.10297192219974166,1.0833897053066714,-0.19719294455378356)
(0.010071702993457032,1.2309281928180444,-0.2163036266385664)
(0.0340270585301556,1.0057049316910542,-0.04848414837020221)
(0.07912867471857347,1.1385274294322172,-0.21924276408095328)
(0.09771857643522669,0.9033224148602719,-0.01755324320689336)
(-0.04606048350310054,0.7711806941370913,0.2755951558538093)
(0.11676325159293703,1.4803982147770007,-0.5877170280833084)
(0.02439021784975471,0.8407112945796428,0.13892136811847325)
(0.06562797274815536,1.0891166887296335,-0.1480444883326475)
(0.12929416729097615,1.4485625665186501,-0.5821988041395268)
(0.030124007325640318,0.9712754541746538,-0.0230773648459091)
(0.01314475140050829,1.152172283929843,-0.15860126380507733)
(-0.022246068950417894,0.9592037019874174,0.05971989530954715)
(0.015229510552620739,1.0217928783752608,-0.03433613913621454)
(0.04627481634415964,0.7608439924301654,0.1552247773287086)
(-0.028842843878251728,1.0561439663972105,-0.034887865094630044)
(0.06413236832123875,0.8589097440125069,0.12245386310284129)
(-0.04840645417375971,1.1229330463252978,-0.0886204423637713)
(0.05544833623696009,1.1136877534211063,-0.1701160040161046)
(-0.013191745356077218,1.3766482576993764,-0.35705888087194204)
(0.0075232790439909636,1.5078107487262584,-0.4939667400945291)
(0.10435758847998339,0.6989314849141586,0.20694435728116523)
(-0.011101355174625883,0.9496816774576164,0.05420352470541808)
(-0.0024513800156065243,0.9127268985203759,0.10195493346508933)
(0.072360039161793,1.1135855205517997,-0.15721808455165504)
(-0.05248945354791661,1.0182364227905796,0.047137083019431744)
(0.12197160427547067,1.5025263146397907,-0.6442357047630776)
(-0.05197883037211134,0.8280369143589456,0.19043779835024852)
(0.010686035072747433,0.859284477402687,0.1448186008512276)
(0.007174038445530157,0.8553168357999367,0.18154806787384142)
(0.05773172198984228,1.2303765622655816,-0.2948274186235772)
(0.12917112628841618,1.2828401016934923,-0.3996384679360957)
(0.011250441807280468,0.8459638871635933,0.13048661462873867)
(0.01644482482174264,0.9107446200128663,0.0868468399104739)
(0.12217855908716424,1.186215134607736,-0.2769350496573281)
(0.0432169492402237,0.860531058003164,0.08191845045090056)
(0.01558656090334762,0.8090795194309313,0.18752610668635047)
(0.08175364785260665,1.5039308636265867,-0.5757961222018739)
(0.21859000946527454,1.3935145857660047,-0.5754329891915196)
(0.0962488474966382,0.9964644410262601,-0.1083225381501539)
(0.06032470846426221,1.3528327867729806,-0.4497621107073138)
(-0.026302134656084844,1.0568903055761891,-0.05541671112699094)
(0.04868060244888097,0.9407609387152526,-0.01056338329909666)
(0.1713864305514295,1.2605364330442563,-0.41761046016466274)
(0.06924578569118779,1.13054808270267,-0.22741967134139748)
(0.030200038637027006,0.9080511695596588,0.048490588914966576)
(0.019105697804069226,0.6641157599223965,0.2967970163903387)
(0.37916848951393023,1.8660053925739497,-1.2434261251503878)
(-0.0033016156591931,1.1084888612486685,-0.13276462058450172)
(0.0914761094867745,0.9410550830546011,-0.04564563779883245)
(0.28366722029312785,0.5646437854357239,0.15068561186406135)
(0.06543374565792322,1.4545032350777567,-0.5254862687352684)
(-0.05331791778369725,0.9259566962549849,0.1303227765245558)
(0.3468433032488778,2.302900294593105,-1.6191591690207972)
(0.14279228739398675,0.651114437920546,0.2022521467102303)
(0.04998310221601017,0.8874009421797564,0.03469658738799444)
(0.00631206254411713,0.7560486801566255,0.2152080498233045)
(0.20036064891738048,1.0516140138355756,-0.2874413079468855)
(0.10663718336768932,0.9377422027926564,-0.07288081337699691)
(0.30608326848816186,0.9726831630772944,-0.3227560926996872)
(0.06526189542786322,0.9166472216781013,-0.007321250247972134)
(0.05393559134873124,1.0695542172762789,-0.10908169577402348)
(0.029238633688038994,0.8353016815919774,0.14052338949784174)
(-0.021643994204343674,1.3456653597829327,-0.3594783715598652)
(0.03182827903765792,1.0300389772917709,-0.08181454706905994)
(0.024358330625084707,0.981815009231475,-0.037903789868724225)
(0.02210826494757901,0.8791686491855252,0.10364181406644712)
(0.18620826376764357,1.3962154358140033,-0.579728275959819)
(0.029814858815392534,1.2141921419274777,-0.262727545279483)
(-0.015485699150377256,0.9882036848673812,0.013370372470119475)
(0.0667576962604533,1.5511992710236189,-0.5970307150702424)
(-0.014620449406835448,1.097104484859116,-0.08953117503084941)
(-0.017926270401220624,0.8599528085716835,0.16338396887596499)
(-0.011097706952053137,0.8785660016499569,0.11526884916154204)
(-0.020695653698788865,0.9609371584324152,0.07612155074163374)
(0.06981123132997148,0.7546850691351109,0.19593714945970198)
(0.176251231393674,1.1800317566656258,-0.35832394127166595)
(-0.0012803184720991496,0.9820123026542537,-0.01595844884196525)
(0.04240183059897166,1.379674018823946,-0.39543132234277795)
(0.02575763438860009,1.8213216988888548,-0.8544546892097092)
(0.0445295074062714,0.826636018482579,0.11616584111272511)
(0.07654155994485747,0.6621365222184528,0.2567540599153939)
(0.03280856759339768,1.6865710573751218,-0.7090937596361084)
(0.040964970740855255,1.4470510144639284,-0.5028021232800802)
(-0.04564437194666604,1.0159797324008646,0.005318094371587592)
(0.04528799823387421,0.9953048929709167,-0.01055840631003983)
(0.07369478321395502,0.9741793261583962,-0.06594069206750026)
(-0.04615430285991642,0.8590485977691371,0.19226625251026142)
(-0.019713875416038317,1.28687780053386,-0.2550819568446248)
(0.07093056348297026,1.1137640189602327,-0.168263400101198)
(0.014832948918093048,0.7079902622933902,0.26902005707529575)
(-0.037682326144489915,1.2567058990467248,-0.22780748884055013)
(-0.058420275568902065,1.1197260873437807,-0.058618602862612015)
(-0.01645923351515733,1.4448050000018309,-0.4490049573563279)
(0.06920536690315894,0.6894334118238928,0.21707947342594267)
(0.029188817109234502,0.7964078129215825,0.18884068646501098)
(0.04927663754717978,0.7519345020502312,0.19890841880102295)
(0.0320079292319909,1.3113863141097448,-0.2961855121998181)
(0.0039862082173199994,1.014417445738702,0.01550684530983323)
(-0.013396964540748181,1.341475487606772,-0.35617711156300574)
(0.17425760959735775,1.0449034045648178,-0.19966957020029447)
(-0.05303795908733342,1.013399888199746,0.01872570759955586)
(0.15856699837153826,1.7813477090885117,-0.9506887329204669)
(0.044496408216965294,0.8955940661469854,0.0533390524755913)
(-0.040801856413513894,1.404166064725875,-0.3414348458976065)
(0.009181261156735945,1.1436192857874317,-0.15599392763309053)
(0.039928117186729145,1.198697017973521,-0.23090430580119836)
(0.14755166447893323,1.5578143379177058,-0.6841413583589767)
(0.06928155017192769,1.1361301135294335,-0.15118220880227523)
(-0.028239440016578323,1.7403407289964006,-0.7303970459981467)
(0.12082498892484367,1.2269764375985053,-0.3398110378904094)
(0.04909147772633206,0.9320068728981705,0.034917681954706396)
(0.02749352871855373,1.1055723702309208,-0.1403281659135678)
(-0.025773675442132615,1.1995219405396316,-0.1800961847197107)
(0.04190367856478962,1.195972624022369,-0.2267046051327406)
(-0.005927462161956825,0.8607700423683702,0.15641060196740963)
(0.09859728688141883,1.3756375634610356,-0.4691390673830308)
(0.029690273634001417,1.1411605152293738,-0.178437136741496)
(-0.0068100644102638015,1.3606911599109484,-0.3543004502103378)
(0.07882637743143182,0.8895126148214382,0.02828227215952537)
(-0.0004850199407247988,0.9391100737503245,0.013715644725188606)
(0.06423183245153416,0.9754511971981112,-0.030293875269803237)
(0.04642322219976159,1.4298879819656878,-0.47529820194034367)
(0.003304119043568001,1.29178347743805,-0.2895381448801887)
(0.011979386090556389,1.104265264162071,-0.12992794117372441)
(0.03151727630458313,0.737023482437853,0.24079906541427398)
(0.10873594735889006,0.970337098501702,-0.06474086931632667)
(0.03237882232289853,0.9194961913847296,0.035435423522272864)
(-0.03759524281665328,1.101868442988131,-0.0714139663334169)
(0.004676140179818063,1.3437550630836312,-0.34662328750971505)
(0.00583727329638236,0.8537969354157015,0.14813680360802536)
(0.04837441186620819,1.221030369984651,-0.2930904255892858)
(0.0844034964587764,0.8863758918722082,0.019252222606010255)
(-0.010018670948789976,0.6420374203237725,0.37927030530724765)
(0.04872697395126494,1.1184353296057468,-0.17085815644634894)
(0.0352025797988087,0.9359236624929539,0.031723813372761894)
(0.0445861219057219,1.6036987172258113,-0.6410785662499968)
(0.12663030139471532,0.7076077039634605,0.1490749661690019)
(-0.02373363517574941,1.0867415834318814,-0.0673416117285118)
(0.08996008201528699,0.73119132320017,0.2008659279202222)
(0.1293541391084307,0.9568378618982634,-0.07470563879391892)
(0.08938987138996723,1.353782056433483,-0.45128547135471175)
(0.2607551158215127,0.8706274118618468,-0.1347863758431083)
(0.048293098003008045,1.5450709039529225,-0.6023396730150721)
(0.030864621065325767,0.8541809893710952,0.12804014989440332)
(0.11425557100609947,1.5370875829404766,-0.633237190326872)
(0.06935446670564262,0.8137393319340672,0.12086184636066098)
(0.06738712867774024,1.0408647216340956,-0.08756172763981213)
(0.06453029863285213,1.152534925339422,-0.26122352644187236)
(-0.006563325115663981,1.1231847195228593,-0.10883950660793965)
(0.16172038887508988,1.52516539749762,-0.7324091622711589)
(0.11048374539884642,1.349607583305889,-0.4600942743525455)
(0.10101213233489462,1.47442906761408,-0.5676167347571248)
(0.07956017408842399,0.7644864201741535,0.1656915158834632)
(-0.01996764587377067,0.863479977305311,0.16509007562034664)
(0.06506229553298755,1.031163902047307,-0.09421270168279972)
(0.041708492953097136,0.8464687876291781,0.11671581667272427)
(-0.026843896924064733,1.1370923886843949,-0.12308377443549004)
(0.027788376902223726,0.9161064765281576,0.07691936258399491)
(0.003502713306646293,1.5386732251185993,-0.5361748500437712)
(0.05048035477416545,1.0628076175716639,-0.10104766836150957)
(0.09141564380804018,0.884274881739109,0.009934129193173479)
(0.06334724193670911,1.0182112753724541,-0.0705885774533788)
(-0.027875744865623817,1.2972522118152012,-0.26269880789035416)
(-0.024889749366081425,0.8796016941089339,0.12848962244148096)
(0.08049530167491001,1.0085297324809843,-0.07749872449429186)
(-0.018775200705646602,0.971608018027952,0.04749123458438687)
(0.03425924375093353,0.9705314859483775,-0.001342653522479063)
(-0.017222869184870884,0.9524573700938619,0.06374666187237382)
(0.011806965578441252,1.0533813442819522,-0.03865857862883993)
(0.019946523628043812,0.8817832186208033,0.06680262485968244)
(0.03304766330874852,1.3660803727934088,-0.3680227768289005)
(0.05261606322920612,1.278605871195908,-0.331619806568626)
(0.07426026525353256,1.0138649312268944,-0.05502991028895946)
(0.0021802909262383665,0.7448795454680395,0.26150137578143234)
(0.021906962564079153,1.058579273442146,-0.06427824602095056)
(-0.0005698196128811955,0.912912365709866,0.06872624657595716)
(0.006431903509698303,0.9154129387449531,0.017163208380086482)
(0.13577579770111378,0.9671828987568207,-0.12093618461778761)
(0.013893511270348722,1.0538357429671472,-0.06596365014512191)
(0.0025901977034191613,0.864662305153071,0.10770055384589028)
(0.004010322553045635,1.1395792756885923,-0.1491495177293097)
(0.004854316274750206,1.2243238446650306,-0.20111827467723473)
(0.06482932798461263,0.9922250511057298,-0.0419763619784563)
(0.006639617597635882,0.8334461508018954,0.15410696773814472)
(0.03691285039975676,0.8675201620303086,0.12657480480888667)
(0.05720354654227306,0.6156008414524026,0.2999107137640776)
(0.03618767928360814,1.0274674706601943,-0.0771470313535122)
(-0.06305287468143525,0.9707979217925692,0.05791951074111482)
(-0.03581409541848082,1.1649350909406642,-0.1346999950200849)
(0.15022634020962758,1.2588205529218406,-0.40240930332369457)
(-0.003133362295299369,0.8422612344047754,0.12404851842341687)
(-0.05454062729843783,1.1533241391143259,-0.08384325224963768)
(0.07898352227523912,0.9442301285866334,0.01681687563286419)
(0.026264785522607553,1.0956611673374255,-0.11922553120988047)
(0.03375667815783907,1.1379066715436323,-0.17209981270407648)
(0.009816870957577387,1.058348097581868,-0.07511252109417506)
(-0.038675406768598916,1.1797362573948345,-0.15396598046193968)
(0.1253503279138504,1.055326041068095,-0.1560110313835421)
(0.008116331300206357,0.8967931988353455,0.07934368121470056)
(0.12702737229304123,0.7098555821909727,0.14832884285570974)
(0.07867123437484808,0.9873093846657371,-0.060939640167802435)
(0.034822430619135335,1.2209664322110176,-0.2655009887474988)
(-0.016459828913442325,0.9120505565762977,0.0962639195566992)
(-0.019550918063651796,1.0345416419837188,-0.007669383963913736)
(0.02280806539953192,1.311225409034147,-0.35071401734900365)
(0.04636400118482492,1.116709587164154,-0.15568005354965347)
(0.01991876190336679,0.6922586409383695,0.28682191176035016)
(-0.008659772277277978,0.8331147108423828,0.1281177302638744)
(-0.034512469902251895,1.2153692792384758,-0.17014638998976603)
(0.04790159406407278,0.8244586897815576,0.13612109348494655)
(-0.0728843761095644,1.0854924036361326,-0.02211065792287529)
(0.25594951713815434,2.127709966156175,-1.37225711042665)
(0.0044368450444910515,0.9314710342859077,0.054984927961609205)
(0.019441645346254526,0.9179979658038823,0.05323906768589481)
(0.12435125101090083,0.9074790856226469,-0.0203771873309897)
(0.18123155003748162,0.7695890883123568,0.050269140803362464)
(0.05464979678427405,1.6244765075691836,-0.6719599814526523)
(0.019476856552708328,0.9075140583998291,0.05385072118485727)
(0.21678701448797813,1.1956102850441965,-0.40086660350171816)
(0.13739829116933608,0.7593635703844691,0.13205348188963734)
(0.002060421691336638,1.2283576009131332,-0.22359918541870363)
(0.033611906424102056,0.8991855201239916,0.1029304695463741)
(-0.0012663489795561721,0.9104804025619377,0.12639809912398675)
(0.017230127212189843,1.1492177889022575,-0.1518793593149591)
(0.11555341731570702,1.3115169262507085,-0.44392877300321004)
(0.04170396404547561,0.6956962299410867,0.27441804331502934)
(0.05691995480886035,1.2336774594873212,-0.2895796675935671)
(0.007022529693974043,0.825497641996875,0.14439782011516308)
(-0.011688630126565186,1.2051179276597626,-0.19122619907470648)
(0.13230465120860635,1.6315267237846243,-0.7782069460472519)
(-0.010674909265487163,0.9605289913353949,0.058276554252860845)
(-0.07459643367392284,1.3198967464788098,-0.24353646406440682)
(0.06325455796939584,1.6722664673399104,-0.7304740101104458)
(0.018245376430786525,1.3527313272114094,-0.3485561059099373)
(0.1102572420315692,0.8749098195424443,0.018638359139029337)
(0.08970338591949494,1.172096574679101,-0.29032341219664026)
(0.06024219991939867,1.1308224153842252,-0.18707111403496413)
(0.09088879171196398,1.2986420940430992,-0.3946931380115742)
(0.22947980895330877,1.5567603524805342,-0.7507048259738249)
(0.0655355734429398,1.0208405427423246,-0.07509034113888911)
(-0.023126672268582216,0.9251638042313212,0.09764027500090545)
(0.05543145576257313,0.6151679073867474,0.3311607981114712)
(0.037797730364755644,0.9694920652035038,-0.027652022335097098)
(0.09879840634091595,1.0672697378854012,-0.16804019057847963)
(0.03998266731928492,1.1680027215910558,-0.2032109118389459)
(0.038783727093461534,1.0535810568007316,-0.12455802373782876)
(-0.013727226937306864,1.0198590865273012,-0.021041204499842193)
(0.0814713707133567,1.2399340304724582,-0.28011085012185494)
(-0.025978293304698776,1.215077448939768,-0.19916243560834554)
(-0.02044674153325824,0.9950142817218687,0.04729630897224001)
(0.028984336083198812,0.7472909284966234,0.2149946492997472)
(0.07741909556530058,1.06302334199291,-0.13324641315742433)
(0.0611035030603971,0.7609320069846119,0.20213008137912838)
(-0.042552732412225826,0.9594235387203557,0.09970494014956274)
(0.08787644723860043,0.8125588887956045,0.0636095263835876)
(-0.0024808871062467625,0.8733979078938217,0.17537556380897104)
(0.1123081654363516,1.6319787314235865,-0.7957579835004231)
(0.10158946408455419,1.286368345438456,-0.40617042592920005)
(0.010655324973551034,0.7920674316805589,0.19532428231804647)
(-0.004869562212916972,1.0458704839402833,-0.0335466201422044)
(-0.05977644507123457,1.2700671426863923,-0.24573366717446385)
(0.015014655431781305,0.8860193282611205,0.09442180135990519)
(-0.025865778351162834,1.4451599168467109,-0.4170210639236714)
(-0.02837773628142983,1.2207267175727199,-0.1997614586510481)
(0.05558425257122762,1.1410932786508035,-0.18976268970206472)
(0.025029300686977497,0.9008165409996465,0.08770987908035317)
(0.17736761183884445,1.8816138583252568,-1.0572680880695615)
(0.06868655309172177,0.64851221684512,0.23207652248824123)
(0.01701030006890296,1.1030257180997813,-0.13938926235375618)
(0.0020391862478954643,1.1908655983731946,-0.17760933630160777)
(-0.008386809932828873,1.0045826684040053,-0.017774668041620145)
(0.04375035041098054,0.953416060842248,-0.007127558602813011)
(0.03109960149954842,0.6365994956427681,0.3195001422081435)
(0.11447682577443387,1.5588516396914316,-0.666399071444817)
(0.15179437534164847,1.7710774616446923,-0.9469454263299223)
(0.05174009105417895,1.0246363804316851,-0.06807070655581987)
(0.06787535129399427,0.7381560665081578,0.21250756509545465)
(0.0104914852516176,1.3076399811062178,-0.30857174663697146)
(0.0049856911117395365,0.6901269437208201,0.32190711724214444)
(0.042067971758920276,0.7308921898102443,0.19536725275229047)
(0.10271573211183883,0.6078659692129578,0.31206185312995627)
(-0.0006777064134942045,0.994739740177662,0.01688993949904058)
(0.10325085078967278,0.9503341423368035,-0.02878734090714978)
(0.060011347283038856,0.7690328582260738,0.1992725912353825)
(0.038538624263915605,0.9138240847115654,0.05074589144157216)
(0.08486538828469997,1.4132039268446612,-0.51221488382225)
