(0.06568001338142766,0.8809478103244897,0.055599156877782954)
(-0.003944740116736914,0.9575254994993341,0.06895073258591164)
(0.0649856744268701,1.6149312180467013,-0.6762487134911792)
(0.01104183970556827,1.0219329331629543,-3.543062421850611e-05)
(0.012435216931450659,1.062215992064278,-0.0947688943597911)
(0.10103080504156117,1.0514220718798453,-0.14027793009879788)
(0.014192501600936139,0.8804161101415194,0.11556248523202042)
(0.0618609328177894,0.9657775362347021,-0.03622032487867922)
(0.022332734275267364,1.010003469120039,-0.04482770065995431)
(0.20387656276741842,0.8999446508934545,-0.09664975905044636)
(0.011412358268049063,0.8828024888533585,0.08178772980828716)
(0.04425815013726803,1.2007419425285457,-0.2114091273864108)
(0.10057205190729386,1.310299090984421,-0.3933320747890507)
(0.03623143990247756,0.8335281055229625,0.13888730264697607)
(0.048473793542842966,0.980122470467162,-0.03418056615717514)
(0.041209585209699064,0.8601863260429642,0.12073656507113169)
(0.008258813944944347,1.1163104989170416,-0.1498494062478379)
(0.07930583993018384,0.9541178036515658,-0.03106705560054189)
(0.12051753000361869,0.8149932967123941,0.04063194270882558)
(0.006776733033189805,0.9153073415687895,0.06792675624946816)
(0.02481849063724599,1.0368237957050563,-0.050380908861597226)
(0.07574780969771494,1.0406834187459355,-0.08248874488663005)
(0.052577170641825044,1.0606104545865402,-0.08967688253552754)
(0.113155914782547,1.0948566866535827,-0.22007663334139616)
(0.03436100775421859,1.173656162349356,-0.2259016427412123)
(0.03274289853270156,0.8348447725669177,0.1282073905799798)
(0.029930517475325744,0.9989991286140832,-0.028071170310275777)
(0.013131890383904634,1.09305212215066,-0.09356648639411264)
(0.05684060390181387,1.1204609845049605,-0.14089558882516073)
(0.18461508179890976,1.1800313151811594,-0.3745056039950297)
(0.16235749961750853,1.625163872517358,-0.8094091383388476)
(0.07571947654448066,1.6268137677826786,-0.7058307577542889)
(0.04029784129498429,0.9446375517681769,0.003439784230332211)
(0.04185682168251168,0.6604269250063581,0.27909383361860207)
(0.05226857743208117,1.0770429771305072,-0.12067498163996267)
(0.11782099982721408,0.9806964548071218,-0.09864008446463739)
(0.03899593678738646,1.0921991923266023,-0.09493857808536482)
(0.0179761839329776,1.199734056825452,-0.20317486539494958)
(0.03125125389831049,0.8811554628073069,0.11694748492202998)
(0.016619645904101997,1.083524611243685,-0.07515881298521894)
(0.04196728708898694,1.3631532951722418,-0.39244722399112103)
(0.022987215315667876,0.9517069959980015,0.030819296485448882)
(-0.01656022656859884,0.9914635754072467,0.0404054814089288)
(0.07813912246619781,1.4244078434071503,-0.49758897072681446)
(0.09649886480814471,0.8088727807869384,0.09723107802180977)
(0.0032857239054848225,1.0241836062870395,-0.034095402800574465)
(0.04678499862805126,1.3824298120120888,-0.41781241219704823)
(0.005792075976541767,0.9433446433859826,0.059511456268506506)
(-0.018357518346631418,0.9812852913524043,0.03981286500120178)
(0.15585770684540637,1.4456103733083199,-0.5771008005638135)
(0.04219830291152129,1.1145521882184712,-0.14276105106637954)
(0.0733890157695645,1.284516909927263,-0.31748895104408553)
(0.014076849993010182,1.142899598520511,-0.16357679272636722)
(0.040956300012215424,1.1912032367930268,-0.22950093411980269)
(0.01806027547562674,1.0582824978473355,-0.06843868951786258)
(-0.030010508000107503,1.3486599598189901,-0.33114367002439515)
(-0.01869166527967941,0.9648179393411519,0.0386248719580119)
(0.10118261499924829,1.178301578111018,-0.2902990740650371)
(0.007127234290629502,0.7890843902729976,0.20303630372913362)
(0.03942327676122672,1.2362832921749105,-0.2403148774724952)
(-0.007292966377544008,1.2904887514165269,-0.2831264747614756)
(-0.014351214312858187,1.1750470015706678,-0.1812183443740876)
(0.14857274864322656,1.1845230130754947,-0.3017216849478214)
(0.04128594465302031,0.924039100612068,0.013022969036694998)
(0.1387671758390127,1.2322992518655105,-0.39036804396060476)
(0.03928037680918135,0.8472028791574845,0.10156595948299771)
(-0.040246514389946954,1.1479635618173873,-0.09774495869114228)
(0.06176079361874043,1.0696803418621879,-0.14537463758103256)
(0.09686614261117285,0.9065239502183864,0.014676055374011083)
(0.03414827020599361,0.9697728679896034,-0.03488917192900878)
(0.1413699470186265,1.141165728078161,-0.27413680283111036)
(0.04984656952685007,0.836377243096219,0.11652564472218063)
(0.05128879511575196,1.048495442664867,-0.09721820353147645)
(0.0234516294122151,1.1849181954056256,-0.2115575739320718)
(0.03605940083713247,1.1360477069538366,-0.18794384472963807)
(0.10486140857900897,1.4429937029339646,-0.5498125037202346)
(-0.00973552267450748,1.0808092068801438,-0.07729903302753124)
(0.02452807879099286,0.8044741511185394,0.16432742967695343)
(0.01917104018314414,1.2967957307109976,-0.3288077927481329)
(-0.03141079082357337,1.0433308633854528,-0.01422001125133435)
(-0.004096098080653562,1.1190787062714571,-0.13047246590452527)
(0.0068701505871165735,1.0191597378322574,-0.03129888941260931)
(0.022612958982956816,0.8950497640205158,0.059833161132827724)
(0.0734859776593941,1.0393033135340535,-0.11260517685180312)
(0.11457039095564571,0.7404967899679016,0.14173412471849228)
(0.1935058413351543,1.2737896748990714,-0.45556081815101906)
(0.24957559345427102,1.018913910294527,-0.25754537314405784)
(0.028839598030372962,1.2521939822684758,-0.29798624046414623)
(0.07981875805274644,1.0217536995134784,-0.0897110983268905)
(-0.030905597448984534,0.9604789922188184,0.06800906391747616)
(0.17887795803356238,1.1776051204296922,-0.3510735092260995)
(-0.010989525100707363,1.1350824869286114,-0.1608297184990218)
(0.03518623836337911,1.2402136309861533,-0.2666292083741199)
(0.039089270306785884,1.0196846210589574,-0.036082563326252926)
(0.09893491026520664,0.9367021619281177,-0.04485808884385446)
(0.06108779791685291,1.2093520302635272,-0.27178150759298164)
(0.04520983461711406,1.7859760968967304,-0.8113040982641903)
(0.09469111319189037,1.1282289766334932,-0.23067362224849372)
(0.05307711965794895,0.9787930185474069,-0.018344060339107345)
(0.08527010171694227,1.1664154087173217,-0.24940363646172886)
(0.024977176367762834,1.065023848491796,-0.11864920276930341)
(0.07038671563528233,0.8014596823198059,0.12294123422476833)
(0.0641639758392179,1.153004120494215,-0.18281359146786413)
(0.012344153630857384,0.9770944692829121,-0.02446606860215883)
(0.020393148098826794,1.280623827479044,-0.29053526494175647)
(0.03304873936296083,1.3453451723083754,-0.3684319575261811)
(0.04693186793127023,0.626487391840835,0.33401502294696306)
(0.04689164320518704,0.8217502932008293,0.1274802512669827)
(0.09689208889635004,0.7804438527806505,0.1586722051036587)
(0.03498869058564683,0.8449986272768946,0.12218698169499005)
(0.0759203062784358,1.5055725165623988,-0.5816321308542958)
(0.014613533252278092,1.0863911493589704,-0.09320360074015475)
(-0.008401350571526817,1.6084888502852457,-0.5831913775882875)
(0.07948701370178007,0.9889109116285185,-0.04584156151280174)
(0.049655596371412605,0.9114312722867034,0.04580079232009427)
(0.05997327818424198,0.9618083686919937,-0.00297495997598897)
(0.01330393540411384,1.136137459182644,-0.14134310005599832)
(0.11906875137615075,1.5016419405559573,-0.6362909472087774)
(0.08276140515619372,1.2442414720515702,-0.298107526154979)
(0.009869861959397062,1.0125021105119503,-0.02520422998248866)
(0.016901916637962325,0.9727985380396702,-0.015664183482246866)
(0.07609759301163666,1.52926870196102,-0.5966852535059658)
(0.0474873380113669,1.0297092338608886,-0.07152237027534185)
(-0.002611356188271731,0.9269298058174558,0.09310462923178532)
(0.08721092585220679,1.0130858707330352,-0.11535108324103273)
(0.06065791357265905,1.094923318243962,-0.161178163629475)
(0.04079315948876365,1.228665343348385,-0.2648292267821193)
(0.20788141206868774,1.7750236959164025,-0.9725439259932076)
(0.017096955078293622,1.0663161127754242,-0.1085718890186883)
(0.032595785735781604,1.2455688649990933,-0.29460662881956357)
(0.012478527667175741,0.9275507797136486,0.05118606256631085)
(0.025920011887711345,1.1101356100205422,-0.14250158568593554)
(0.04642741658723183,0.9329391238528874,-0.021538472385474888)
(0.036375817604126774,0.9974416071715912,-0.042046287232956274)
(0.1003527316738423,2.122172022149903,-1.2261625584036824)
(0.056375335914571806,1.0772959745906137,-0.1651441401537668)
(0.03054969431998197,0.9444352503777721,0.02156886285357654)
(0.026285605133288203,0.94787831193868,0.04127121137890131)
(0.08489770002386386,0.9219401223489199,-0.012702147929465793)
(0.04842224887292267,1.1432296053746054,-0.18895181332885694)
(0.031232988960762712,0.7702491096247763,0.1904943617148682)
(0.025842030722435447,0.9724147193467233,-0.017393852448030406)
(0.03319252417913669,1.0906872838590824,-0.14152795708495097)
(0.11664115659116506,1.2103093450905569,-0.3061038140259399)
(0.028916875893956605,1.0700282815340092,-0.10445931706178595)
(0.06124575325321415,0.833606145132316,0.1170963866516863)
(0.041511983693404336,0.9955865721090686,-0.05101043177755208)
(0.04187136624326129,0.9719164933262868,-0.015398481219216019)
(0.03632175378058523,1.5799301261552425,-0.6257976945986214)
(0.04673720326564118,0.7682639312681251,0.18352072909993236)
(0.01579265123083887,0.8770781376764871,0.11497705799857937)
(0.025875286299263115,1.054449047019443,-0.06641477379316936)
(0.0536624732360987,1.0822763441028782,-0.1235076174482487)
(0.21412705135042254,1.3806109224284826,-0.5943471830744311)
(0.030522379243920414,0.6683700103181879,0.2966729500415545)
(0.026416889159072934,1.0689613267575677,-0.08813719464600908)
(0.008105414275466677,0.8782208533177217,0.11768101604715633)
(0.12202830655563249,1.2189918141925853,-0.31147497896670306)
(0.15646592573241927,1.6715159708790701,-0.8271401746891143)
(0.0055761233073403855,1.0979237826142783,-0.08115178707692425)
(0.0649870886733841,1.0015869634304653,-0.05818857607083129)
(0.08811774570773641,0.999088914307111,-0.08854072090863865)
(0.02691046149199671,1.0110293523663714,-0.03019241325634272)
(0.1292150585457714,1.3053251168826385,-0.4371816932241528)
(0.07064986661380201,1.1810168042820968,-0.24472575733272636)
(0.0016329260700456202,1.0289638155823302,-0.03360498292624912)
(-0.01749713997542936,1.1860338996307536,-0.17766010947364805)
(-0.003155466331711599,1.3702389422223207,-0.37132481303871545)
(0.0018146971871166758,1.0404286549069865,-0.05282195956677249)
(0.1789258424378384,1.1757225563625868,-0.35685268948212884)
(0.05467654070205907,0.802075293384655,0.10756738142449847)
(0.012793396451901836,1.146620326916161,-0.1767383244624051)
(0.026807814718623164,1.2479782257080256,-0.28555646959634723)
(0.006906184248052609,0.9229271788876905,0.07007702491231663)
(0.10731536474450243,1.6486474754383733,-0.7147222897603468)
(-0.006113710509498084,1.1757257798610223,-0.17511499248804438)
(0.00978266633314093,0.7397433624060517,0.2530088479436035)
(-0.008388157834088195,0.9329010175157848,0.08575555527634934)
(-0.013668161336076732,0.9595223439166929,0.017278715490445268)
(-0.0009031116836360078,0.9185579648529398,0.08363546251361399)
(0.10604679982685229,1.121668269977955,-0.2395241432223103)
(0.015433836771095107,1.239429304133919,-0.254597925608434)
(0.04261667089639642,1.1250857830398506,-0.17750322616377717)
(0.023803571570923564,0.8028061191158224,0.1765188185745278)
(0.03536468018042082,0.8253368827902295,0.14822633704537896)
(0.016089937911192908,0.8652749706322539,0.13013337540453798)
(0.0025487464325665687,1.162539387439577,-0.15682740667276826)
(-0.007615926467233825,1.0059517924927235,-0.007267022600989103)
(0.01861531934131785,1.2384652089999182,-0.2784537968126047)
(0.031187832498131732,1.246723734266167,-0.27032290713182106)
(0.015556942691166479,0.9906886383474103,0.0012295793679235536)
(0.0431506319222928,0.8654857301520684,0.09089200171132339)
(-0.019259264917310524,0.9168791111727891,0.11092376314423485)
(0.028745786919858116,1.0429777355212375,-0.0482298703572489)
(0.0456069063609135,1.2726701179141968,-0.30716491190706485)
(0.027042508722925823,1.0043816444709068,-0.025174550409147352)
(0.10132390986337295,0.7832256259711745,0.09781290105412113)
(0.014480135224648538,1.3699953832845873,-0.38408319060531654)
(0.018387633458929326,1.075285370339474,-0.09111100298848102)
(0.06994231798917834,1.3449939370648227,-0.4112507191043918)
(-0.03940120063984355,1.1024175580576208,-0.0658696460977054)
(0.03782346679473272,1.0606527132213017,-0.10921828825703633)
(0.09671287020040872,1.0803797397048416,-0.1937000615920088)
(-0.014027860973292908,0.8490240861902089,0.1909971930970344)
(-0.003911655785644356,0.9070435270930586,0.10102570740750177)
(0.006377132176053449,0.8612943336830492,0.127087381437875)
(0.08056604971589669,0.6994439106942066,0.21725537105737228)
(-0.0042814356575365765,1.2887929926016428,-0.29446702562751326)
(0.046401092110814744,1.2395544477644864,-0.2876700959535515)
(0.07744934796576411,1.2558926956095509,-0.3019888192759086)
(-0.019310676485906515,0.941477804705172,0.07433360332235787)
(0.11804481280853578,1.3271321817445867,-0.40953332861765723)
(-0.004067405249086212,1.2588507302079672,-0.2666325108003821)
(0.07382670780721667,0.8341079328396039,0.08197060294954397)
(0.1347525707292228,1.2177455474698415,-0.35601809002466134)
(0.0331805873899631,0.9357303416069522,0.02142669012700683)
(0.13871053509099854,1.0262001062783623,-0.16666232899737946)
(0.01998172455412471,1.023325031386597,-0.035576090893456924)
(0.0009739791673986304,0.7996867433782755,0.19722838935375245)
(0.09287294339766411,1.3739199767033403,-0.47476192601668565)
(0.04613539944973414,1.1045729345680764,-0.14871036188254041)
(0.042430563973638966,0.9864247144498846,-0.00900914362046835)
(0.019175904161954315,0.6947949332051658,0.28698163756782813)
(0.052121594519437736,1.0165144294767616,-0.06632730933868655)
(0.10855010245871942,1.3321536162312335,-0.4439690567519592)
(0.0440362299610518,1.0104355515520096,-0.0783856855755998)
(0.012583686244218092,1.1552954447910917,-0.1845156147956591)
(0.04408538222032602,1.082419149193379,-0.13959395664322824)
(0.02410106832091357,1.2052084637901712,-0.24603937132098733)
(0.09673030160732676,1.0587116313014195,-0.1226281582219381)
(0.014782356827845042,0.8012979017356189,0.18593207848061594)
(0.048075967050337426,1.0040438032253192,-0.08953057471975372)
(0.04791018992354381,1.3192530135571745,-0.3317024013802976)
(0.05299435455588913,0.9994207175393466,-0.05450387305428575)
(0.025919530509580808,1.2916592124524418,-0.30701021283415975)
(0.04283746373614018,1.2593567775568308,-0.30877059609420054)
(0.05953592480983662,0.9312899500870948,0.0014495448402616251)
(0.05972989635052036,1.457099891349462,-0.5308756585170252)
(0.1057564913133709,1.0924638862947116,-0.20466220114069003)
(0.017121313282620416,0.839949927785478,0.133520985698555)
(0.016738329724853458,1.154023039433788,-0.18336585197597155)
(0.03954426706640658,1.0663843771109465,-0.14037305602262606)
(0.07062270141405182,1.147382601823905,-0.22180001864429952)
(0.007220380435171542,1.0595829592657235,-0.09654704477471344)
(0.25609626519767664,1.7218700585328843,-0.9772225801070733)
(0.03647850217247072,1.5021039287765128,-0.5399629244097296)
(0.040339346121521666,1.2764245408740142,-0.3246003346309583)
(0.09118110251423427,0.724901487159705,0.17837726821306263)
(0.03468719191126863,1.0233479734617401,-0.07078884528997899)
(0.01961098628625651,0.9394613629835064,0.029192073942168096)
(0.02271660760398779,1.48805544317499,-0.4953915127052913)
(0.02426457842965545,0.9146051315491468,0.07234640285326685)
(0.1596167250787953,0.8695891803280633,-0.031306977715963025)
(0.15119021174965896,1.2383992509144797,-0.39322063488605935)
(0.03968141260021786,0.9257858371524837,0.03568378146181713)
(-0.023780014555049744,1.056715133049699,-0.052880423827257717)
(0.08800897643558804,1.250452443841781,-0.3404583455660293)
(-0.016920045819364512,0.8829034273054429,0.12760266380073382)
(0.08912438244905166,1.1403039327287567,-0.201901475890901)
(0.04588550210200018,1.3568777282281714,-0.39691543205695146)
(0.05356013862232958,1.5700730438008113,-0.6204315154035598)
(0.02878270492411067,0.9556801288224614,0.021983579388116282)
(0.03259294551307856,1.017414231268754,-0.05287110513604057)
(0.11536299846516211,0.8911530146518994,0.01719565150699927)
(-0.003512259187009201,1.3027514553074226,-0.3119302995835805)
(-0.000735861360176682,0.7980284135721563,0.2059708100643668)
(0.012140446680720353,1.2208356161912168,-0.23063254677404374)
(0.08123383393870703,1.1680169129077855,-0.24773798719052975)
(0.003580325050295585,1.0663687310297252,-0.07970749546832633)
(-0.004610890397781267,1.0215149444161375,-0.04013325368131117)
(-0.006773967670533362,0.9257285261108564,0.08512458849700408)
(-0.012154967568077456,0.8492390354814452,0.1460572926366641)
(0.02302300301909138,1.1805839174474362,-0.1921556309185169)
(0.005153998728722019,0.7948934720323406,0.18942503390580173)
(0.026360558596391,1.007507625959711,-0.03343923131456986)
(0.1384140881953865,1.1326683145956429,-0.27392396318077306)
(0.0415436647827072,0.7118456164607742,0.2557053719814789)
(-0.007143213035283485,1.2374141590098091,-0.23488352994404585)
(0.07329594212349824,1.3329767962301295,-0.41247087493152595)
(0.023325498018426708,1.3452391467977618,-0.3667181657657331)
(0.050233483413197076,1.1428402832772144,-0.21300322259016863)
(0.10184970849705685,1.109295880599121,-0.18955577138471302)
(0.005194428550879028,0.9696505764305403,0.02808612733054719)
(0.11779929978309728,1.076374454163815,-0.19431004619764028)
(0.035812465747408505,0.7866921202927258,0.16621661182326242)
(0.139995343424711,1.5399468836925807,-0.6640085933744895)
(0.020404946400190842,1.018269285130085,-0.053186688152549136)
(-0.007067052873344398,1.378009200995609,-0.3897636376389431)
(0.03764305232463485,1.4814712579039648,-0.5229768553658158)
(-0.022975242430780446,1.4754537671141648,-0.4419818782338725)
(0.029770091338570278,0.863615126921805,0.10294574860434005)
(0.07789014941672218,1.1165838730176325,-0.2098495996671395)
(0.045958996243677025,1.1956835427248407,-0.2508294852181897)
(0.04546744039852771,1.0824891842784259,-0.12709959716270938)
(0.06315432130260445,0.9304403770171109,0.030969609058884868)
(0.06950565390902066,0.7753856513325325,0.16320678234759237)
(0.12133855293164081,1.3090593396181471,-0.4374648208239494)
(-0.02018750218215913,0.8706769241824571,0.165385429568817)
(0.007064382733004593,1.063533549073322,-0.05473706063582582)
(0.021341450152747556,0.7831752473427852,0.1677883309600847)
