(0.014255081385182423,0.9936042679617232,-0.03335658192628136)
(0.0982601373285532,1.2152525022119347,-0.3132899907126768)
(0.029016555547575817,1.2767494077116162,-0.31595408504797035)
(0.020213675943667464,0.7654507761544008,0.22304625881488532)
(0.09383987488233812,0.8588894139627263,0.053133148076458116)
(0.044007140479046095,1.226749982777624,-0.27388213745943185)
(0.07231466027683792,1.0352086941579,-0.11019850413110754)
(0.036419271429254545,1.0819737863128827,-0.10603516785243872)
(0.05691763975140758,0.9773396840707457,-0.02151480025921052)
(0.011447814560098534,0.8839616241203913,0.09075753975901801)
(0.008779057877953559,0.9397854510959187,0.05816444174978158)
(0.03978326451754016,0.9522416647768777,0.008941753080841967)
(0.13197241735849266,1.5220594767616713,-0.6480401460602017)
(0.03836127050998721,1.29231663748934,-0.35510085518707385)
(0.03075619320387596,1.0880318142682956,-0.11229664882410421)
(0.1568713599708593,0.8435637821033168,0.010907166353436469)
(0.04718894156870009,1.0897214718561368,-0.1424539886613991)
(0.027026463279421088,0.877408805270074,0.10221015791256152)
(0.07567309209150909,0.8914366443988847,0.02531388134684036)
(0.100340802467266,0.9213067601388739,-0.009907592450081607)
(0.050545897438520816,0.8790730391083589,0.04625828339860613)
(0.08360598760880361,1.5451774282263095,-0.6433173240684782)
(0.06360857730410611,1.0082559992255908,-0.09000169680537888)
(0.04563817419021971,1.1156066593666105,-0.15579206116017907)
(0.05523599581538344,1.1858876024677985,-0.2237368587554355)
(0.03529839756889476,1.156631504630457,-0.19293724565324347)
(0.0009447677011700068,1.0917020834107747,-0.0891362306453063)
(0.04301883620699192,0.8234939987922033,0.12949521083030682)
(0.002799847688010316,0.9481495334284575,0.056812747399543305)
(0.05056396879535428,0.9869015160629808,-0.03442276547718723)
(0.03780548823065242,1.0027457959054533,-0.03377704156724903)
(-0.02084288200884313,1.312145498627472,-0.2817987840994109)
(0.01731086997832332,0.9096675320750232,0.06987015927408535)
(0.010822852131007251,1.380641841077185,-0.388615065798882)
(0.019485947928615143,1.0477710709577654,-0.06730464206252619)
(0.06339700307835365,1.0029156244893336,-0.0659988435041135)
(-0.0017145594944485783,0.9773442918971407,0.026182105019527644)
(0.03962302956145015,1.788457704846088,-0.8467126633498128)
(0.045124940188831716,0.928136880453726,0.026482676493133867)
(0.04467578861037909,0.9995868996090531,-0.02701722993838022)
(-0.0030932308324100755,1.1060627849926365,-0.10440353191092844)
(0.05068315944183687,0.9217929557457339,0.02552008549117425)
(0.02942579694122586,1.231534024320987,-0.26094820974768457)
(0.09294459667935351,1.1944691357084067,-0.28411644810623854)
(0.042266107281473723,0.9989274866343583,-0.04220813690295705)
(0.023719394027581688,1.1877189083308857,-0.21158116400473223)
(0.021138853452929398,1.2393047308225227,-0.26146901368782777)
(0.037428586775543,0.9395128115806961,0.0270707728960736)
(0.1325811710312495,0.8830606262886712,0.0007793825639924862)
(0.10562983505593788,1.09774150469628,-0.20569218742857157)
(0.014197303885954039,1.1980816732867265,-0.24036419751382396)
(-0.008990668181358893,1.2396119747862495,-0.2508430893837544)
(0.01627820470549298,1.0231703353783297,-0.05237781117739517)
(0.018931939794623636,1.374218921719685,-0.4106492382131984)
(0.02904140611585411,0.8219023443494573,0.1492650983711883)
(0.06780300197286446,1.1131300645300133,-0.17397160845674808)
(0.013032158931111336,0.9382398860486506,0.04697664885931602)
(0.03952172610466459,1.0732303131660996,-0.10742355613809217)
(0.05009467725735564,0.964514390637044,0.005181572214039435)
(-0.00452373863449084,1.0597280713853399,-0.06358714965324085)
(0.0034066546409588514,1.081749577326868,-0.08366725748911506)
(0.012719711731570252,1.037521880848032,-0.046856712032923464)
(0.07468797155783656,0.8443844764452807,0.06496699545507166)
(0.02791986255356838,0.9850815680351346,-0.01410343408922975)
(0.016092884435549664,0.9102323599044686,0.06609120697601065)
(-0.01681787017349246,1.287607279744009,-0.2799461794552549)
(0.03244319434709655,0.9781568664010938,-0.01429986530229659)
(0.015500790533709936,1.071286487080663,-0.07664622972049574)
(0.022855661971644303,0.9636484097509487,-0.0007367613620036246)
(0.05320187181983546,1.418472235233656,-0.4661620563692835)
(0.11299633810079235,1.2543994093200832,-0.36227612722542024)
(0.01696913424306939,0.9962775600324403,-0.02013736922600663)
(0.054952118138206336,1.1230586294012985,-0.18213297532014583)
(0.011474071844638336,1.0020391304080458,-0.012238805633324072)
(0.00997165368164311,0.9775623361454062,0.00291579160007301)
(0.11144348158351211,1.5466516481133055,-0.6650590141694601)
(0.16177736189467498,1.1179256554929515,-0.28977777953139466)
(0.0029948005420325804,1.0362360114308342,-0.048344655333799565)
(0.1443817719017374,0.9156766358117947,-0.051515348782725436)
(0.041288266923267654,1.2799989709719743,-0.3222304014657056)
(0.04470229330688861,1.1113304050506638,-0.14602291830279743)
(0.06060885402852414,1.2995124190644531,-0.35973724175883776)
(0.05513334889263215,1.1352493124288623,-0.17493605802184956)
(0.04998811868125428,1.0095726785725905,-0.06591991412848902)
(0.05264951296152587,0.9990880032759577,-0.057017160922712994)
(0.06678849204426199,1.0248155003585626,-0.08493502967958527)
(0.05225228714428999,0.900197137193889,0.0611440110314277)
(0.0462531597079411,1.2625914279438546,-0.3005702336016271)
(0.02654695082285686,0.8297880550274515,0.16029817187526546)
(0.005103988066037372,0.921685069134617,0.07121790852491053)
(0.037227993416572874,0.8896754147808694,0.09265651103181748)
(0.013610792205473165,1.0145090707371525,-0.029720143941255772)
(0.055397212275107036,1.115433383630503,-0.16727397726840548)
(0.0678202648119759,1.1561282551031247,-0.240385050574563)
(-0.017544889372107263,1.0996241295061955,-0.09144240871734252)
(0.09146263244106992,1.0694176670627737,-0.142625750597928)
(0.0989492101653065,1.035779266757777,-0.12152710097382559)
(0.06627189832873423,0.9855814369291166,-0.03724975662914985)
(0.001446908680657691,1.1095713100092077,-0.10370155594629088)
(0.001119574091851934,0.9815154001598344,0.024433489095670138)
(0.003153808574262725,0.9113323265617321,0.05950705928425043)
(0.05169873746426358,0.9897639677492374,-0.024449420197781513)
(0.04410473332092404,1.0245234919934734,-0.07791556288669156)
(0.10115468193499973,1.2584736859910841,-0.35848537461607966)
(0.0017183478953494695,0.8897792972875603,0.11298642919093617)
(0.00970298758867956,0.88400562129063,0.10715255287414807)
(0.0008989545289508636,1.0394749119884448,-0.05126820126135693)
(0.1415109021741475,1.336731761660259,-0.4910217731253394)
(0.03235064838232683,0.8015842100197083,0.17332949885630106)
(0.022051446525610814,1.2016443553302412,-0.21778029751024885)
(0.105380858232324,0.7429349421647408,0.16159993379658413)
(0.024977733647622846,0.8094033192719424,0.16098524506572448)
(0.004457288804751054,0.8709213363626765,0.12359078521075079)
(0.09937394443795257,1.4515726745211595,-0.5362915781457757)
(-0.0016644497094181253,1.1060778819493164,-0.10173565315323652)
(0.0754414536911892,1.4341411683221787,-0.49129373153758243)
(-0.008726323386571809,1.0733305743199806,-0.06344710604163571)
(0.045029736415668264,1.0877363491401648,-0.13900842716703324)
(0.030266539054368703,1.0632001199546304,-0.10688001318849015)
(0.01936149151633401,1.0551908421856915,-0.08569456374095466)
(0.05749983908618552,0.9694975880219109,-0.020627627995319926)
(0.0866559542135239,0.9966633072545207,-0.08253888092503552)
(0.14218303739431126,1.0604530424651282,-0.21670429140550204)
(0.028073130224992585,0.935679220681044,0.04634129208788813)
(0.03129938915651896,0.8524869813383437,0.11617543452165852)
(0.03396830008314778,1.2485120516206278,-0.2947091027422934)
(0.04692994827781345,1.0995487189443327,-0.15760003804310124)
(0.12423296205918889,1.5051706761949981,-0.6162631768070886)
(0.00515510299720642,0.9091011628695845,0.08800050735332052)
(-0.0032005198159159405,1.0096265113175458,-0.025600209930807184)
(0.04371463265301328,0.9930056064402949,-0.042733782281405286)
(0.19516512352492574,1.536501908208605,-0.7265193926334624)
(0.062423884206275926,0.9413267773031139,-0.00014643044786990335)
(0.013831902353744912,1.1730895837941326,-0.1857790010370287)
(0.06889493305655456,0.9581491580278874,-0.036235676905385206)
(0.033874462526189884,1.0944029092449543,-0.1350267588078734)
(0.008433538157839949,0.9389105632607065,0.040158416771838755)
(0.05250523638574909,0.9610641576849492,-0.0256927261612737)
(0.010793254748351832,1.0917589185801289,-0.09899348591287979)
(0.04325530610991818,0.9789288830531405,-0.02536269862362219)
(0.02335656438579461,0.9629012913199415,0.016009188433228384)
(0.0737869368613463,1.2245408132618836,-0.2904578503430047)
(0.0179217782329117,1.395654029664011,-0.41709394998836186)
(0.0253055867081606,0.9943230474193638,-0.029573863527864126)
(0.05539722023932608,0.9914706701808392,-0.04089215971205016)
(0.00751997149344447,1.1134011710976854,-0.10138308750755312)
(0.04663541772537297,1.0039230841204867,-0.04623608318167617)
(-0.015519947911631657,1.214549756719124,-0.18777578442156023)
(0.006326802053623352,0.9994034113768197,-0.0033897239827121147)
(0.09160053516361684,0.9995066496785237,-0.09832822401161846)
(0.061139244247043714,1.0776090439124257,-0.1647508132987861)
(0.13884866558284492,1.075705852552889,-0.2070190517173132)
(0.08145959188651149,1.259600009074866,-0.33568611577218355)
(0.10595455140641026,1.023197400582118,-0.1407403051316265)
(0.14075098722913773,1.0642226178743583,-0.19313667605071208)
(0.06630020346847647,1.0146013087387864,-0.0819509493295784)
(0.06997245631415433,1.0791267149063262,-0.14048010502857503)
(0.00872989710282512,0.9590070133827631,0.02564704602316779)
(0.07131414660656547,1.4881345471016179,-0.5778557950038821)
(0.04579849069108826,0.9505705108349966,0.008986210166201365)
(0.0483211667556084,1.0056530328595101,-0.07840727581359762)
(0.034931912954051576,0.9260220066577841,0.044220539906834944)
(0.030421977542450507,1.1540390793265995,-0.17728039883556979)
(0.03498646631925006,0.9739360600527383,-0.017051480368126655)
(0.029897752675844953,1.0388111207930846,-0.07475753519896416)
(0.06805841454753588,0.8780578809798314,0.07240558269699146)
(0.025922295708936623,1.1504510325578923,-0.16601177298265654)
(0.09224916940466742,1.043446486991195,-0.12026545126551066)
(-0.023673699761683254,1.0924315118580583,-0.08784657842695184)
(0.029729577394138246,1.0337657353605607,-0.06032155685949217)
(0.04831533536358112,1.0318409978790277,-0.07155186787077839)
(-0.000848500876327263,1.0247281248547664,-0.039075974899431876)
(0.0489053118413843,0.9024461938759635,0.05066850436858276)
(-0.007257702989895159,1.1091757695047268,-0.09191748270422213)
(0.03482633492179711,1.367927850711513,-0.3969685269306467)
(0.04697659656929572,0.8520400156293795,0.09221690574165031)
(-0.0038328494963311053,1.0476527100032411,-0.04088416685152131)
(-0.01712165067200453,1.226696658420768,-0.2035467385820723)
(-0.006597753870449549,1.2967143856515502,-0.3009115681288048)
(0.05050000022962393,1.0801063628314846,-0.12740454984888588)
(0.017773297615843692,1.0505986464066857,-0.07041925454489424)
(0.05314871906085947,1.3533506347029132,-0.4114031178340754)
(0.04257538780310224,1.0932574797033925,-0.14529396163885844)
(-0.015266762193220939,1.2424669013844127,-0.23004861626122292)
(0.06512138639411265,1.137259908600469,-0.20592989649080612)
(0.07166978352996514,1.1599710614063135,-0.23540374512495052)
(0.05416749433040078,0.9237484956187969,0.01604911484840873)
(0.0539196613155051,1.066729815914339,-0.1312608239773229)
(0.07926164994557995,1.320418728342008,-0.39760186383029755)
(-0.001034354298550338,1.1161720099304393,-0.10521037364355441)
(0.028213064325617123,0.8913673702856185,0.08125268722703612)
(0.01601470437008771,0.958509888355019,0.024028579038600187)
(0.008155726955633595,1.4736388655765855,-0.4642503140471559)
(0.026485789545887428,0.8828176374531312,0.07869353897786983)
(0.07848109835305402,1.6666810664966376,-0.7569627561158578)
(0.0477064757081525,1.2558871220862715,-0.30136958674902903)
(-0.009736109391417759,0.9721145095564725,0.02753697760983504)
(0.05365115641408886,0.9369306285305481,-0.0053599601156842595)
(-0.008829658201322824,1.0536779984923874,-0.06710494464217508)
(0.011032230388464122,0.7949060572855253,0.17930949997232307)
(0.04093108846671398,0.8750089169176443,0.08750575046393273)
(0.03345918904656565,1.0778072674690187,-0.12779798288348582)
(0.09981976211472765,0.9669683603360726,-0.07391197653109105)
(0.02138185131967068,1.1381409955271449,-0.13526061992992802)
(0.08343262537085823,1.3424310364082737,-0.41114899909376906)
(0.0059037698712141595,0.995380274888301,0.0025464171034172292)
(0.12435815637637851,1.1174755818254893,-0.21973786819134414)
(0.030152417364603057,1.0203237949921284,-0.04391738887547106)
(0.00958910509347694,0.8584839393442958,0.11616244170796286)
(0.020523919022325508,0.8831380446162197,0.08189977425724589)
(0.06890128746199013,1.1265572563739779,-0.17129323611122207)
(-0.013077497510019213,1.1011301322778986,-0.10348630678696384)
(0.07362076080574281,0.9705408502339281,-0.05260740826578302)
(0.01795509738206113,1.0140144924642296,-0.022119795671262446)
(0.01878208047171653,1.0318334592761174,-0.030759716603064313)
(0.017428849923897923,1.1288179298167578,-0.15189475243268613)
(0.0007971933654451069,0.8598321057760346,0.14208452015857917)
(0.009760174078045313,1.04622469980674,-0.06973183149613767)
(0.06742903863940426,1.1053217174765233,-0.18719942831219274)
(0.025632163210779,1.1911950048871771,-0.20919891251634978)
(0.07211395555219721,1.063631068410139,-0.12818979658124144)
(-0.007120417466366884,0.938413534668827,0.05005927575947164)
(-0.003464127683899145,1.1941566401352974,-0.20253490343688524)
(0.06666919528006943,1.2934746015304646,-0.35177991824661015)
(0.03230613856547898,0.7618348703701897,0.19480166411280053)
(0.015638650344150264,1.1265628215364971,-0.14832259723270283)
(-0.0075324081650714235,0.9731776440611457,0.022407077649845092)
(0.01369627156585843,1.0137962332294541,-0.03770290447070679)
(0.030274828683717205,1.2376020393512595,-0.26054531113146034)
(0.02571739209335544,1.278895001990589,-0.2818143532233061)
(0.008781663001618539,1.1368314612157482,-0.13449780557270902)
(0.10453284420522234,1.0095621571893716,-0.12100322714950511)
(0.04020844509974027,1.2644159608578625,-0.3023366989070251)
(0.04497323875166351,1.0503588654519544,-0.09729895892701257)
(0.04026964170309064,0.9584784865437965,-0.0026008889173958255)
(0.02486769542648768,1.0543367771743568,-0.09238650679762295)
(0.007884944423943026,1.0674475618267258,-0.09184274676339103)
(0.018292750421374123,1.0011758277716385,-0.020800670857180667)
(0.029949442293828586,0.9023268358067432,0.06399653772788905)
(0.010962612672679574,1.1175897314691527,-0.10885638314666995)
(0.013004983198809111,1.1305270972395711,-0.14671579916434546)
(0.06332603030844086,0.9814090241100346,-0.04869333133036874)
(0.02692604920895783,1.1357344341386555,-0.15583653713983778)
(0.010106469294206744,0.9729141873023943,0.016814554190395944)
(0.025868856419358748,0.97634490144678,-0.007332036551346529)
(0.18246449898867007,1.5510681009460614,-0.7246508277482753)
(0.026161045778581145,0.9138363651620905,0.057521723361848104)
(0.023329708872023982,1.0151453504182206,-0.03209373634557104)
(0.05974735263830069,1.0023592838727753,-0.06524811137718732)
(-0.0016739134300267405,0.950435121572047,0.03379109945628297)
(0.044513898564151846,1.086823566520363,-0.12985770536489644)
(0.0015541547689723759,1.1100594227155596,-0.11302811278790681)
(0.032764810182447174,1.1072710129194008,-0.14243096118709825)
(0.047707522053078356,0.992163697985364,-0.033517861625971375)
(0.23606722733219973,1.2789630203718934,-0.5153601488213089)
(0.09066191179438036,1.1098034852359815,-0.1988364124558264)
(0.10206457002539844,1.0650748065341569,-0.17923175746017062)
(0.034327232075807124,1.200315162786445,-0.22877568427180806)
(-0.00817384123574146,1.1066768751464933,-0.10140364064299973)
(0.016411256894873886,0.9340394434229546,0.06129136873726197)
(0.02520614047425907,1.0859513171686066,-0.10907358180003526)
(-0.00540576836888517,1.0976944058447748,-0.09281018179007307)
(0.05398616613158046,0.8764287071913632,0.07045335462920564)
(0.021166635458249258,0.9928871515437953,-0.014871482474647814)
(-0.008084614050834273,0.924629664098235,0.07777322874775715)
(0.02384740122968296,1.3364519002804474,-0.34102163527449025)
(0.02684509001136228,1.0386207877985243,-0.06899669968616008)
(0.03300039814906845,0.9779937125671448,-0.007198546174213671)
(0.05329686573860188,1.0599633052940063,-0.11781365700755861)
(0.05536669848778418,0.9175635899063806,0.028446701581816013)
(0.05781516278692244,1.1482675650294512,-0.2025947105975334)
(0.010462396951425243,0.8820956606067424,0.11146946488973009)
(0.04365113486419756,0.8687508607002729,0.07884295097903639)
(0.04718207191123072,1.2499519768289684,-0.29750481510286697)
(0.02151864577792627,1.1856825207635515,-0.20647213361376252)
(0.1580002357244982,1.2870548535215887,-0.4739171019502602)
(0.044497080949814236,1.2851119405819247,-0.3110395683434114)
(0.009433271570218484,1.0455164023607821,-0.048560834475154954)
(0.022311365842961457,1.082516334009569,-0.10224701737730171)
(0.006887193461624352,1.0347444426246781,-0.05668300478049078)
(0.05991750245967242,0.8934876099418995,0.05182642796257273)
(0.022567250116917698,0.750703630871465,0.21600489775141127)
(0.038451185178467275,1.013912086718889,-0.05308814338948383)
(-0.00019197899385926654,1.0190240511797783,-0.012034218265826228)
(0.027627550047334914,1.0660931319649225,-0.08787907521751924)
(0.08749721770967714,0.97775387390838,-0.066798296576374)
(0.02809198934741742,0.9609359591263846,0.00471678095747553)
(-0.005791642280537551,1.3849946705006038,-0.38603551218219284)
(0.018307268164959315,1.1597650502571575,-0.18454619197267905)
(0.04038823601363297,0.9531068568075621,0.00485972383030067)
(0.03234880092722437,0.817629830775894,0.15510372474626488)
(0.04292502965571449,1.0197835750211068,-0.06978532597957955)
(0.07688570515347357,1.0573492119731984,-0.1252578219013326)
(0.042031947887044084,1.1974333017019687,-0.2398051890747109)
(0.003264641885379556,1.1450035359120794,-0.15121921353643777)
(0.06792576417110704,0.9773909533957084,-0.03808481532899442)
(0.05845295014381569,0.9622973922055035,-0.030012521536259013)
(0.11215488427268452,0.8030470265034436,0.08494196058416782)
(0.0436431441987692,1.060546677831363,-0.11129872388153064)
(-0.0013426495456762399,1.3826741074836664,-0.38049454970781227)
