(0.07594036133229402,0.8131239020020656,0.1074031053396273)
(0.029458281904577804,1.0473813371787746,-0.07119869895055332)
(0.13525030111400216,1.2039623916481073,-0.35154266635109055)
(0.019331561740640657,0.8196588540729283,0.1692110717728809)
(-0.00423688187754834,1.1524189215815355,-0.13466380812243503)
(0.03674225503168876,0.9852768219803758,-0.039187902682197316)
(0.01888660337104711,0.8651217661544249,0.11999272399481181)
(0.026475256252908218,1.007369047520099,-0.038736758883227466)
(0.05969314901458756,1.6009821834386238,-0.6795158585605752)
(-0.017809284502262414,1.1011001784615282,-0.07268938851930266)
(0.02832739370196604,1.2876057444611388,-0.32343743976581546)
(0.013072610686955904,0.8291672450300402,0.1690370670804849)
(0.06947791845794325,0.8856625708155803,0.031889677325546956)
(0.10533688004215863,1.0649076444816823,-0.15462600437617155)
(0.06263709720577978,0.8998907982131419,0.058820512659358455)
(0.06819678028701341,0.7764325089442071,0.15052330858387872)
(0.01595685717758721,0.9897045516500157,-0.0055040657763960905)
(0.04890715504277903,0.8707281852640255,0.08149888040803027)
(-0.015654738753583194,1.0673505155625584,-0.07348267384297763)
(0.035595089201077484,1.1047976411586526,-0.13571574442442133)
(-0.0008978096805008235,0.8222044011347541,0.16406568574195032)
(0.028586964348203125,1.1615116012617428,-0.2019002217254858)
(0.09962826137227124,0.729545337625464,0.17512563938038891)
(0.02797193535950852,1.0495992210765674,-0.09862929704528414)
(0.09743719254788495,1.0022665498246959,-0.08912775560256021)
(0.020494463382600615,0.9641549873592129,0.005284147923594464)
(0.034453386847303875,1.0939726381079888,-0.1202811138271222)
(0.013997146963015966,1.009245546979817,-0.0225083306753168)
(0.028894661731146746,0.9865394623656352,-0.013175531300340562)
(0.04015883427885205,1.1568273752803997,-0.18399967953700075)
(0.04605182468470364,1.162565179481314,-0.2069506402912019)
(0.02405348300472542,0.9844444869433765,-0.009923114105644702)
(-0.03765784607588742,1.0949372691986394,-0.06553975925615253)
(0.019874066550914584,1.1333083816808314,-0.12921418088456024)
(0.016449014108059035,0.8997610847074158,0.07377399759528123)
(0.03958051886979449,1.2063528968826376,-0.21974726069073194)
(0.023113609013007942,1.0809911992924448,-0.08020508524647783)
(0.018798108543374614,1.0531422647747108,-0.06519824088801845)
(0.17062001384901113,1.5837158606310837,-0.7325991452896942)
(0.006115761201762683,1.2090346980327698,-0.21959918806475276)
(0.10506336523458586,0.9622068406743928,-0.07945389926786166)
(0.046718231187138325,0.9595355034934587,-0.003397227782979624)
(0.05640250880552557,1.06098559390866,-0.11763726456231216)
(0.010130527081887815,1.122568733997001,-0.14263485447501104)
(-0.0024466949345082222,1.1412189273911437,-0.15078863489161218)
(0.012585720396221873,1.0116425123768527,-0.02053179169643659)
(0.016956025403279763,1.2021337611509293,-0.22434154906267506)
(0.12226306203538838,0.9542329518826999,-0.061155303611736975)
(0.009424703321036053,1.2732147691436206,-0.29579674466316164)
(0.15818624578844556,1.673142814934335,-0.8460265963775226)
(0.06769153933679233,1.1509713167805404,-0.21876929595117134)
(0.022911805169920047,1.0089928964461727,-0.03217367737983677)
(0.016644427690313237,0.9359847084312208,0.037825525183517374)
(0.02513430755073659,1.295671966714731,-0.3023653870426471)
(0.04379599392396094,1.3948295070536634,-0.4374921216101616)
(0.039577777063548675,0.825251511940767,0.13522952851580042)
(-0.02766394274324223,1.2856112221821225,-0.2794167858895729)
(-0.010364184666397649,0.9231508837225437,0.0746069096491468)
(0.005683585027924113,0.9077673789146877,0.10038841569303933)
(-0.014616692966729307,0.8420949653744868,0.16653388480789263)
(0.05097213034017679,0.8798101477694232,0.06162514551575627)
(0.04927398704731641,1.2096412779708865,-0.24953234395856322)
(0.1306577332693645,1.2612691978915083,-0.3850301601909421)
(0.09296475181458815,1.2081294905963502,-0.2814558891821049)
(0.02427449941298709,0.9262026065845083,0.05730808349068917)
(0.042277093357577886,0.8850996981854736,0.08548998185156184)
(0.02372651434790417,1.1888881769420239,-0.2180715056212969)
(0.07825887307277078,1.1651068226115062,-0.23967014628312924)
(0.054689968021665425,0.9782656717293833,-0.020578162108334568)
(0.05935079824259531,0.9877468596958,-0.04568260413013485)
(0.03453946248438563,1.1327911292902626,-0.17379824960018903)
(0.0893409234898661,1.5220798115247862,-0.6109090839321404)
(0.058806859560797765,1.0891809577025258,-0.16695804115223845)
(0.021387167380834373,1.1835486860539113,-0.20442317334639884)
(0.012109664838052725,0.9085004738685798,0.07568942175166395)
(-0.0025468628426544094,1.0129871391121623,0.006251841646324303)
(0.0631919213374146,0.8256984666074699,0.11118856932281108)
(-0.005553564035137172,0.9136022253116397,0.07747235144954769)
(0.009869509074465026,0.8086485634895231,0.16112305056612794)
(0.04351352802456499,0.9523434909577256,-0.008253214836958333)
(0.05844784917743092,0.8701302599163944,0.08476575381105589)
(0.017344391329616734,0.8807258193626861,0.07669248957081884)
(0.03914411032596758,1.029869740850971,-0.0917874592691573)
(0.02460527596863065,1.0334827282861114,-0.036469926972946626)
(-0.01372295514816939,1.0488648124575646,-0.03477129677802817)
(0.09423241274309775,0.7468997405981054,0.1529192953910505)
(0.013220081379531378,0.9091391924214837,0.08957637638354915)
(0.025764843599265713,0.9807879014730013,-0.0023834669255428926)
(0.057585557318736665,1.171808498426298,-0.24123074191578478)
(0.020469337096473385,0.85059555174492,0.16135353869102276)
(0.03211537779358161,1.1698562011410143,-0.23050935359003027)
(0.05015763508139318,1.0083730204878898,-0.0482147808070272)
(0.03346889474681307,1.0136276216919078,-0.04070911591539885)
(0.08153278453443302,1.0031073328779307,-0.0734146167757318)
(0.14876243992862795,1.1198994580118313,-0.2516430842721642)
(0.01934050675648395,1.0495323595049506,-0.06063044231327396)
(0.010711656357770804,1.0248055261030784,-0.03206212094060907)
(0.03508618613683629,0.9523485257730808,0.03550493700899614)
(0.08346383170145363,0.8274948847811899,0.08929686236730118)
(0.06407690217113478,0.8972694567389745,0.05744961022545227)
(0.006110848962004126,0.9325307915712177,0.05382940327813133)
(0.03474804560076084,1.346401208447376,-0.37458063421831045)
(0.05724284716414572,0.7904501235266496,0.13901225540541653)
(0.01967987606178569,1.087286311350198,-0.11496157010512978)
(0.0015869594315342467,0.9586353789855668,0.038050328689482105)
(0.005244481247746915,0.9985230111021037,0.002431203750326732)
(0.08390095013840645,0.8177698636922143,0.09646090530532253)
(0.05030095114498185,1.8536440879825016,-0.8640900502005809)
(0.05391697425761981,1.1685515243136795,-0.21862299003513191)
(0.05171885380161901,1.087133208955728,-0.13386968024989004)
(-0.005071078516455576,0.7396678871956403,0.27222940289843056)
(0.0677330656561343,1.0827421606097336,-0.15041099601504743)
(0.004855899178795855,0.8531455988607988,0.13383757608785324)
(0.0007454820528392445,1.1318810693303905,-0.13373339621187152)
(0.05553140714400324,1.1301507106821518,-0.19005989112833166)
(0.0300864907098795,1.0192926018293942,-0.04032182189088228)
(0.09819471464301371,0.9048476893513269,0.006649276393487005)
(0.012008344795044685,1.2776329707497784,-0.29150556490975266)
(0.011134290290370085,0.9087795888339527,0.0787331649417159)
(-0.01631800604081087,1.1099283806977507,-0.08231718234736857)
(0.019664931841496536,1.0972736934161462,-0.09335325436996195)
(0.06799430359598459,0.9353884805358385,-0.008182163708795012)
(-0.007441889000994504,1.1711976966823079,-0.18633859308871822)
(0.041960564481758424,0.9269884510473169,0.04380523790708817)
(0.03556393581900444,1.0395016170138038,-0.09613964733200314)
(0.060342793973220246,0.9915528352526942,-0.04671679623306188)
(0.09743109944177743,0.9740543972546764,-0.07312899686077039)
(0.03559675934446991,0.8515206779921844,0.12744396487228882)
(0.11130606129364404,1.1887962218027492,-0.29340950687401807)
(0.03569777667444766,1.112442804992288,-0.1568425520825073)
(0.05467382041193354,0.9949526258026815,-0.055163787384159176)
(0.01736318232764096,1.0392639884400232,-0.037742101094576305)
(0.031202764328133452,1.341087269597628,-0.3562902710715276)
(0.023603731405674566,1.2712065953663283,-0.2996131000133424)
(-0.013379198403398256,1.2916601019603366,-0.31016722883535525)
(0.042571465521888695,0.7862243237692892,0.19249096803694485)
(0.0022354262298877156,1.002489898872201,0.001964863635969588)
(-0.015856724206492378,0.9805622786087068,0.03369721702666468)
(0.08995782728224876,0.7070765074431453,0.2054057808086953)
(0.052557699883496165,0.8434422272087237,0.09411868537980558)
(0.015916318085863253,0.857880274838974,0.11131596297111478)
(0.046168996341620146,1.288128462343447,-0.32912142318696674)
(0.10687986594450948,1.37535290533484,-0.48141371845228015)
(0.05801731242731478,0.8190628468570282,0.13417788004013476)
(0.00535474347433771,1.1417012233369228,-0.1394698225168625)
(0.023042592210130924,0.9608166256217309,0.02609433344837712)
(0.09674129663895616,1.1894835070084686,-0.2947528717379154)
(0.007569372224645612,1.205198023575265,-0.2138198340574901)
(0.028353385051195824,0.9600998125546248,0.015002041976208023)
(0.022405306190175986,0.8052764794445937,0.1838173787578265)
(-0.005013600281256426,1.1035060830742847,-0.11469982168764753)
(0.09104910473057751,1.0463884428769645,-0.1425857252130899)
(-0.005162723324212426,1.091043021251559,-0.08081514985801312)
(0.10210265228895547,1.1421720597782998,-0.2657665582199215)
(-0.001394360923561825,1.0489709917701246,-0.06131651791691676)
(0.02517928260892537,1.0145047651211498,-0.03715188906574666)
(-0.005124467809481995,1.0643723839266037,-0.0625536506538714)
(0.061605911145348524,1.4292643808823338,-0.4701333455201755)
(0.07929832751983568,0.8496999943241679,0.08431423811332095)
(0.06732930669741921,1.0495518556377321,-0.1383003837726611)
(-0.0027102723691292937,0.8625287955463817,0.13220834573402812)
(-0.0004992705089586277,0.936157186677358,0.03642572764005816)
(0.023123138405738777,0.9945631782945971,-0.02787918037923357)
(0.03778680752139905,0.9801607793500866,-0.02398433448993141)
(0.042603477871643924,0.9918394048212444,-0.04189800977768474)
(0.03579352033249698,0.85995203295591,0.09706255211468805)
(0.020685705815391267,0.8097397942404312,0.1712108310595853)
(0.013150049665731545,1.036670162258355,-0.07591242245567138)
(0.05008046894285771,1.1591639682016437,-0.2047991278490914)
(-0.0013132049004402821,0.8523783818257871,0.15006332071314854)
(-0.004472653378011109,1.010006919323235,0.006290801451259537)
(0.04639825466128923,1.0307472700227518,-0.05645421644163419)
(0.039788606673403774,0.885471820002795,0.05337099496802377)
(0.10358248831276647,0.895911958975962,0.014283278910104976)
(0.08844930241602632,1.278111084874526,-0.36007180123163757)
(0.020982624903825037,0.902637558481589,0.06854380707653202)
(0.09580866347517948,1.158124808392656,-0.24680756923034908)
(0.04119577187028097,1.190741633450556,-0.2344182590780626)
(0.07050207320352388,1.1203982301620639,-0.18292947507149335)
(0.029305274271009464,1.1596708649589746,-0.18283625138701812)
(0.012590343951860082,0.9472760232848602,0.028699744761470008)
(0.018731593251802556,0.8321125428984955,0.13506065549177423)
(0.03663797644560794,1.23671587923725,-0.29113291881954645)
(-0.021428702373884972,1.1890248469043017,-0.1886134137845888)
(0.10597646880518387,0.9216887340445328,-0.01935581150107654)
(0.10192740340617017,0.9701817741766317,-0.05166056879143231)
(0.006361264162749233,1.168798194852687,-0.16735860677462003)
(0.03490462026521245,1.2011370685946938,-0.2382947510315682)
(0.05280764624764568,0.9298797972562323,-0.005447411138900799)
(0.04238587750098155,1.1154348975862483,-0.16916336115032038)
(-0.0018645741206459038,1.0526919209280916,-0.05108498826119436)
(0.027738001429289314,0.9428431137447241,0.041322083212172296)
(0.05129622543742358,0.9893400958885961,-0.034581773680617364)
(-0.009687740485823545,0.9940020818046886,0.009667116675558965)
(0.0010941046290154103,1.3322304021264433,-0.3485944008976633)
(0.03325678300443222,1.424315833738697,-0.4635577096626351)
(0.08279514949874983,0.8196226175585754,0.10459682900307195)
(0.01864965895101896,1.1468729994352083,-0.15944361570191476)
(0.04705186744467534,0.9845899586775155,-0.04188972953483072)
(0.13113661319876285,1.0788478502041199,-0.20304250452297132)
(0.016814401793361165,1.0168852313334518,-0.051837341809663824)
(0.020081878517023085,0.9763390329025537,-0.00996190541663252)
(0.015524533062535675,1.1849134140323858,-0.2173559793093872)
(0.024664170673347315,1.1843947876926146,-0.23515922015134821)
(-0.023444939571921532,1.1717454049779201,-0.15745807435850503)
(0.04270257145253736,1.0280021321691006,-0.06281949544023198)
(0.07073512115359724,1.0970051936541074,-0.15854395333455074)
(-0.013646589909337018,1.0488942432116852,-0.029709625900331122)
(0.022441015307996675,0.8691500708913306,0.09887908622503884)
(0.03525568272525056,0.8144898006303423,0.1441140354658733)
(0.013241670076242001,1.2366288818490934,-0.25785677149000275)
(0.09911916135516637,1.1040151972682035,-0.19190017557709463)
(0.025440766521037324,0.9327854998500005,0.047505627528002525)
(-0.0059630189519366515,0.9424869148561178,0.054519780987034965)
(0.009958467917255317,0.9128756287858448,0.07431124862830225)
(0.01305605650900204,1.067718434941397,-0.09698890485926027)
(0.003459007342847338,0.9449414204177561,0.05294075516046678)
(0.017225198209836375,0.9825301385194856,-0.002045381631531903)
(0.056021617133847804,0.7984836396655083,0.13720229210402968)
(0.10935252506730689,1.543090860490453,-0.64815773031386)
(0.013071253445774802,0.949508126829186,0.03970628590590097)
(0.01571837066653723,1.0432287808800955,-0.059415858114958885)
(-0.0044531132293526,0.8446116928886394,0.1708052088152971)
(0.02303723124574379,0.8063892445693034,0.16382666573976784)
(0.0020538734404593,1.377503235569195,-0.3756797125644764)
(0.014118902680849551,1.4620548451506854,-0.4887024152890275)
(0.052860838034849575,0.8217338977915747,0.1282322561144962)
(0.13708547985313485,1.025007726523875,-0.15076060825206444)
(0.040360884635212806,1.1313811898124257,-0.172586914240038)
(0.03877888508568641,0.8555594920441563,0.09857091642440259)
(0.018906892014669448,0.9744220161260015,-0.004572351351727319)
(0.04700931528939436,0.9667148672145995,0.011710858085851771)
(0.03818831146849324,1.196856035543153,-0.23977548846177624)
(0.1397333974774257,1.3574368011431919,-0.4835575489935131)
(0.00853839042672332,0.9750166809085242,0.013780639916419646)
(0.08025710787919443,1.3142278341113787,-0.3768167169643463)
(0.01991812042979978,0.952024490487947,0.016647273561883592)
(0.01449323257658207,0.9114702739035171,0.06277414247900164)
(0.02247108951306646,1.1145238710527932,-0.15454494719332723)
(0.046016926353100035,0.9208519709786727,0.019511942028188654)
(0.06271523061571484,0.9333934544766876,-0.0031743579214013333)
(-0.0018659693333256111,0.8802433839095131,0.11213559862407177)
(-0.003871420439411816,1.351211539612584,-0.38044004002469756)
(0.031541164832293474,0.9393221454873074,0.0075717760584881185)
(0.02784629717950888,1.1403522864166589,-0.1792513000498876)
(-0.01567401031883208,1.0274746974528657,0.003850504167946622)
(0.021748957390902407,0.8844185223128304,0.08200267046260279)
(0.05706122450901097,1.1081062380475883,-0.16163046815577675)
(0.057423369979003144,0.9233777015464368,9.411065610274529e-05)
(0.041432891722318475,1.4262276600290367,-0.4625676040569666)
(0.016349524459948462,0.8896182863170805,0.07774889851760088)
(0.022947295662800977,0.9087259472659333,0.0825909501025156)
(0.01771736112872934,0.8522522014247795,0.10662755140508255)
(-0.027435770459164274,1.2553160862906294,-0.22474130147929705)
(0.003210839301172635,0.8112810746507972,0.1832879145004969)
(0.08754931640421067,1.0246487398872508,-0.12295328963424418)
(-0.00463002543987319,1.1823030571607192,-0.18404640100502195)
(0.011001021337691768,0.9563662314353788,0.018058853890051973)
(0.035119436259878366,1.1579115616250923,-0.21005324878942694)
(0.07540683067765776,1.0829932382818392,-0.15341890514120024)
(0.05600031463811014,0.960815321050814,-0.01806048210600239)
(0.0004871892706384088,1.1322229565837016,-0.13446982039534236)
(0.07542160745814004,1.318184751018128,-0.39895694897879785)
(0.005568823476010516,1.169909426011126,-0.17647089885552852)
(0.03961383575664309,1.061094861794271,-0.09982280836243194)
(0.025902775528484686,1.0228421268503456,-0.03635483189576067)
(0.04953447645396107,0.9735381445158543,-0.03044720384984136)
(0.01548521255447259,1.034859517469758,-0.06391307881033778)
(0.027858669793715915,1.3944691487951872,-0.413212047148803)
(0.021866894954108162,0.9501829306493227,0.009310770092065079)
(0.03820316363328649,1.0708918971595722,-0.10913221930477429)
(0.007658894680477982,0.8101886211485908,0.17684047974990533)
(0.04699872740787756,0.8595448346443165,0.10959922777488375)
(0.05890770498690675,1.6296463683402234,-0.6886016789373063)
(0.06455245854993867,0.8488868335769093,0.07419186099105765)
(0.03009844831709389,0.7475316217591838,0.20917391377748365)
(-0.000617574245450259,1.1097223117222492,-0.1173063703381913)
(0.00019627369003700706,1.1648591958985248,-0.1541445176105664)
(0.025483765572968085,1.5021833109473781,-0.5235181267582222)
(-0.018827683113264302,0.9992889483825452,0.008101862323553925)
(0.09229299157461372,1.0494611793893367,-0.14097686753944946)
(0.07840639124695088,1.0025640846072945,-0.06941155128071637)
(0.024559755623491653,1.0398260600159024,-0.0589947405942494)
(0.04975403296153773,0.8431740677327124,0.11411743119640162)
(0.10467494135657218,1.0640096032505315,-0.17122387912610343)
(0.030458639207922775,0.9373826859805702,0.056612031402238)
(0.022913851380556675,0.9682075983915214,0.02056417104372495)
(0.042708363593248234,1.0945615124171755,-0.13201681522769732)
(-0.0027539344732104612,0.998839357908237,0.00011913456134599257)
(0.04105177324374167,0.9956813957333822,-0.03426827126474988)
(0.014456395141937287,0.9755666399858082,0.014812928356016497)
(0.07471095031755523,0.9001288860930299,0.015712564094509524)
(0.010387768587123739,0.8549808771330679,0.14692301632982394)
(-0.007822858762505784,1.3771317794179134,-0.3764930183961781)
(0.03988611392497645,1.5942983860494684,-0.6201126089447008)
(0.05213989740725489,1.0716083599459374,-0.1310435437713854)
(0.07811064606084933,1.1503532872876043,-0.23293213227393517)
(0.06951891832167001,1.4571959352929305,-0.5137359058405273)
(0.09064927548314987,0.8630646813145784,0.053860803498594165)
(0.0530175731336562,1.2926550960538725,-0.33538158880356567)
