(0.15660293806684303,0.7548916916141095,0.06189545917112858)
(0.18730630174137755,0.7378929566149327,0.05674800194877824)
(0.1613578169411153,0.9411660085121062,-0.1226858147575489)
(0.1944000611578422,0.9247623427801582,-0.1078558465699969)
(0.2076491801540592,0.9953730503914187,-0.19093978958464747)
(0.1756942029261035,0.833286039641916,-0.022483592881492785)
(0.21566504666189523,0.7761549111460517,0.022244213184697305)
(0.20650351129754055,0.8816285586579906,-0.06694811007481652)
(0.2143949652846078,0.6859763008301478,0.1034311399545241)
(0.18465970618660105,0.9198504896839449,-0.10448626565237029)
(0.19460302841706958,0.8219185086316764,-0.029086826395821157)
(0.18560165008418425,0.8661260985959085,-0.04711027708228997)
(0.22465811105730374,0.9253833402302205,-0.13136240451442235)
(0.17200503255132896,0.8336121176604167,-0.016920616644216135)
(0.21092528332981914,0.7571595249353805,0.026893944591325315)
(0.17341314353982348,0.8104784751838793,0.022461457584735823)
(0.20509131992587926,0.8852620915295422,-0.0922341979523899)
(0.18657706308495026,0.6519116425285661,0.14037656153424438)
(0.2000345532360617,0.8632110257462271,-0.054054664266908366)
(0.19322360256958102,0.8391742058644401,-0.02959843515706498)
(0.18972643143271897,0.9077221661625372,-0.08829504974492201)
(0.19613762063521126,0.8525948938871567,-0.046462578139050914)
(0.1946977514209671,0.7397903950421333,0.08117489979554063)
(0.19775513532002428,0.8328187332966023,-0.024834683629964)
(0.25443816867630803,0.881716593433642,-0.11575728366489163)
(0.1829214886918457,0.7864626789377219,0.021751156926996314)
(0.18076883397463667,0.7763849628806638,0.03230820459980216)
(0.1751547498965147,0.829083856443441,-0.010362294691888322)
(0.23511210708048394,0.6994315616881152,0.052655746552484735)
(0.20004819786038547,0.8304705710597295,-0.041530305133356434)
(0.23234808415005578,0.8114565101023579,-0.059204683800575246)
(0.19532326114482945,1.0144184457319243,-0.2156134077340664)
(0.20888920046254406,0.8787814667815481,-0.07420536624696795)
(0.16694730221758222,0.8464071569543905,-0.03880046344718849)
(0.20705767736896277,0.7540870623393873,0.055746185848814)
(0.16747127888231275,0.6810013976629129,0.12715796638808946)
(0.17792462615813168,0.7981614999337169,0.028030242668745268)
(0.18748475035614298,0.7772379178975428,0.033378178982798226)
(0.21208194047488035,0.6968916979804779,0.1059738325789495)
(0.19400447851196256,0.7656640991001161,0.047152004849955645)
(0.2369993946089665,0.9044168180415759,-0.12383953118166025)
(0.23392372196550137,0.8529639141637604,-0.05881994063821776)
(0.19009995709252742,0.9191207238059826,-0.11282702349633464)
(0.1887838500839034,0.7614973132874581,0.044468585744683674)
(0.20199075658277035,0.8747983596161186,-0.07271845761180122)
(0.24109340668541698,1.0164872450310323,-0.2298840204323904)
(0.18672411099123767,0.7320692822864141,0.08483161622700942)
(0.21835937051079254,0.9426205276795598,-0.15729995073763675)
(0.20638226260036227,0.9625343553780205,-0.16066559935340177)
(0.21553532253136456,0.8381575091216217,-0.05828317279796327)
(0.22617091024927446,0.8803181117602428,-0.0710918580708579)
(0.1742280284844177,0.8706406338397187,-0.07147380264799573)
(0.21492260297701504,0.7719540982929364,0.037484312145516285)
(0.17056487952230234,0.8457797604288619,-0.033052097343079775)
(0.19640002179472493,0.7335200749709421,0.061587374004044966)
(0.16882121236219882,0.8260355698308017,-0.008187119300428229)
(0.19231194304736074,0.800018465651107,0.005456828701795939)
(0.18590139102396006,0.7806085322430794,0.04055969160485766)
(0.21187615947315244,0.8462050381631848,-0.07292379523350159)
(0.20991235403022696,0.8806210802512295,-0.0728561950986052)
(0.23284752557648866,0.7896454420854971,-0.009220309456979018)
(0.20311432622412023,0.8256129292852514,-0.023403854880647213)
(0.19279457394368488,0.8103898250131399,-0.0014053058931494497)
(0.1692507762793003,0.690773506482693,0.13823945432563425)
(0.18916177061248252,0.8248608955356217,-0.02731498527991654)
(0.2182579599814425,0.9827960875562584,-0.18208607699403645)
(0.20009655530117934,0.9548581645365446,-0.15169414858365043)
(0.18657421957130427,0.7815159520177015,0.00668450759696544)
(0.20212224873336254,0.8219237474411207,-0.005491014411276772)
(0.1676790602790925,0.7948233027285413,0.020703758686605813)
(0.17962110349848132,0.813163502876756,0.006104808774823837)
(0.20063620976533367,0.8462540812657662,-0.03835335181478036)
(0.1777357295368247,0.7250362164458377,0.0880140007203557)
(0.17914147008203662,0.7229977194837975,0.07273301715135985)
(0.17246215746246862,0.7551420666712237,0.05995162959957771)
(0.1783934421429092,0.7091977548080154,0.11028622894621042)
(0.21531759556168517,0.7349731353027342,0.06033384504812932)
(0.18170207822912862,0.7268312474401177,0.0692864321522207)
(0.17581545745865396,0.8803911566165189,-0.06977937314390543)
(0.21399394964192,0.713894586442035,0.08570146946729355)
(0.1705070080132356,0.7641755563858582,0.06446787823985721)
(0.15234350396677473,0.8405720553370992,-0.007732219999708659)
(0.24957397081976715,0.9065330271489721,-0.13513131193720684)
(0.16509099188542312,0.782260808164729,0.037704488603261165)
(0.20383264551557206,0.8363888024438301,-0.03375224779135319)
(0.18374274310993266,0.8609413471907368,-0.03856877404250122)
(0.15178452422571204,0.6051176028354643,0.19554882668877918)
(0.17665669328864425,0.8143290997854093,0.010619634193529718)
(0.20555499356544385,0.6881555661925742,0.11807121514061815)
(0.18109704251720088,0.8777305357531685,-0.06591964630770529)
(0.19622497750919918,0.7487916129087419,0.03719613808194289)
(0.19370849507477098,0.9677670076891665,-0.17845864130829092)
(0.19974958762253064,0.6467870659355318,0.1417566805742873)
(0.23583157735166052,0.7884425138953376,0.018182220255038725)
(0.16872107852794205,0.8654206820814063,-0.05799155639333223)
(0.20227344276236084,0.8909767373973064,-0.06686000468529586)
(0.22107698230631698,0.7159609895929453,0.08228079545261796)
(0.17713512833775594,0.9285592711965187,-0.12320080403828895)
(0.19979351898651126,0.9338819923821999,-0.13033069309311515)
(0.17780279367190666,0.865634452430572,-0.040180298161519475)
(0.2000078474137234,0.9690887807734557,-0.1627336461854659)
(0.20549639055480193,0.9357959985786966,-0.12730885607181466)
(0.19391847627510467,0.8563463889944275,-0.04825775833924955)
(0.18705426358645036,0.7719585006986175,0.015142920018382753)
(0.18515269593445657,0.7562541600733851,0.04985417619614555)
(0.2294872772388672,0.6966443083790026,0.06734590214555829)
(0.207371860319148,0.6881738425215291,0.10436232223831132)
(0.16961009693965484,0.8123948226590568,-0.008877838858261856)
(0.21254262071278404,0.7373900118838801,0.040460630758986)
(0.18793929765224263,0.7141486149687054,0.07034713409567515)
(0.20145084156570328,0.9198649898414281,-0.11785321081447225)
(0.2229584626400626,0.8895979950269084,-0.11081532427227976)
(0.18443048139951157,0.9248018651234946,-0.11164056445542553)
(0.20847104477625958,0.779388613476657,0.04012216378283556)
(0.21508573052687027,0.8330874177558841,-0.03389144000021966)
(0.1856257510154247,0.9213501440876919,-0.09468418262259137)
(0.2089926532089866,0.8493342279684293,-0.03779821440074937)
(0.18672945678803646,0.5272277180546628,0.28513859726583995)
(0.1775191991537107,0.9211500315855355,-0.0814095412913336)
(0.18834668219273415,0.891082785688338,-0.09579301721459242)
(0.18445530706054422,0.8475897761701983,-0.03472171863720985)
(0.17143795789778818,0.7781088966552057,0.03631543432602158)
(0.18914859294487174,0.7673828224217203,0.05477715022928414)
(0.18478336958732683,0.705642828655861,0.10919392798082181)
(0.16820751040716575,0.8529812199730438,-0.008471489315652192)
(0.22649475136078823,0.7781428877168273,0.02042099614901753)
(0.1719988914054278,0.7266668969188876,0.08252997097069503)
(0.16721053216459644,0.7871770322753641,0.031029955661194323)
(0.20441873990152393,0.659832132362316,0.14338096037200337)
(0.17393621156840355,0.7308504548977085,0.08199541942823911)
(0.189252499071394,0.6839906935280495,0.10060309958154438)
(0.1727454073218302,0.6643424750722443,0.13164642005787835)
(0.18085356041071357,0.7090460045494057,0.0999793825179092)
(0.19158031903495729,0.7867771071266688,0.019288713407182544)
(0.216655791778839,0.8879968089329081,-0.0916474932573063)
(0.20546573880907373,0.8219691282838756,-0.019880558994535027)
(0.20519157187739936,0.800046963571392,-0.0043741920719840635)
(0.1954638705477962,0.9912560873834463,-0.16778266792825824)
(0.1768600045346456,0.856697656191622,-0.05356617263286561)
(0.19132218777974,0.8644892817917104,-0.06907121812867958)
(0.20767810645136922,0.9210203730989995,-0.12435619671851719)
(0.21882459457314332,1.0038700511171825,-0.20353063865304116)
(0.17577311625757377,0.9241843861397335,-0.09594013097787137)
(0.1656589767907103,0.8542060928156245,-0.034316727467906004)
(0.2176312803924336,0.6799792780864071,0.09986705247702046)
(0.21000135684316695,0.9844488911575979,-0.1712092688957033)
(0.17760410123015843,0.6789234366140221,0.13017836397555557)
(0.18895471407230544,0.8862365847884912,-0.10026486293950712)
(0.2258750539432247,0.8163061243957025,-0.024366009860830342)
(0.1685751947341606,0.8316838686257704,-0.03708448754128483)
(0.2010421869584034,0.9257704108842743,-0.11213091396822085)
(0.17834951791428874,0.9371570704726201,-0.11805178981489596)
(0.21914161893607031,0.8898662700591248,-0.08979907519371036)
(0.23436223039838855,0.8006651604555036,-0.019761640858840038)
(0.20001003569584472,0.7452270156352248,0.05207420342091226)
(0.2189982232849562,0.7473490691717515,0.034767906419910524)
(0.18993887897939937,0.7296294167801927,0.06916653198205756)
(0.15781232294073405,0.680420507338127,0.13813415713257673)
(0.20036392420155033,0.7811215225833579,0.025548340490568856)
(0.1664861626797303,0.8479654742556048,-0.004364891161598176)
(0.17129126063126784,0.760657813990763,0.054605998325403964)
(0.2027058396542325,0.9467148636182356,-0.12357486888502722)
(0.18184683071697486,1.020450094135305,-0.21122093289121457)
(0.19589571732349154,0.8590407866405966,-0.04499965274558304)
(0.22702518815064632,0.8462936703335008,-0.06281756751269085)
(0.17226029062066028,0.8697732076018332,-0.058055523179029386)
(0.17960203890334392,0.8960357489125699,-0.0635908103380061)
(0.19494938574027165,0.8103154880445915,-0.0001414914106782681)
(0.16238591513938858,0.6966042666128294,0.12564693663736395)
(0.21568138623345745,0.8188990060769202,-0.026700567810726057)
(0.18492642175445778,0.657849874368569,0.13852485926702704)
(0.14242618975210772,0.7824894062183192,0.047189832873185525)
(0.209013841660245,0.9548432602691107,-0.16977476571948935)
(0.17800836302962278,0.7394250750441188,0.07725150817799281)
(0.1862814587347426,0.7714116628740881,0.021257093636852038)
(0.21626960957078203,0.9018280412570422,-0.11198826381427197)
(0.20413533338023154,0.9329249861460336,-0.13317246579126713)
(0.2038948095700653,0.9635216433059145,-0.1724914950034396)
(0.2269298870357761,0.7071553365718954,0.08708410612413721)
(0.18426360565924485,0.8520865719076302,-0.022222283430772)
(0.23657843481243535,0.8665522974741026,-0.09116082747368631)
(0.18170074220384053,0.8923203035224331,-0.07491419838582257)
(0.18327057978683925,0.8650830695632342,-0.08210153389146946)
(0.22437797495558,0.8589555571805955,-0.0503611332532358)
(0.20370481461143555,0.7923389395741683,0.011859134278995827)
(0.18807126526513554,0.7500087482223311,0.06135226598785147)
(0.1870114486644124,0.8533309520325046,-0.04846785211739706)
(0.166057761196779,1.0173383749863274,-0.188397336033297)
(0.18629182672674258,0.7317027627439685,0.08306047245327246)
(0.18585966297677625,0.6908427697595438,0.12710744580224664)
(0.19915021219056947,0.8186484527834615,-0.017506736751313222)
(0.22169007973383428,0.8255064343257666,-0.03195367419923467)
(0.21699746485492424,0.8255805434537334,-0.030425255154294586)
(0.22997907520777486,0.7438023529711003,0.043040179335344916)
(0.2000807914457064,0.7542598139724495,0.03478244340444646)
(0.2183682096100792,0.7765200622146947,0.003482387932119168)
(0.20323474739727723,0.7678107090833466,0.023861441092746155)
(0.18715901823485548,0.7995897073274428,-0.017526866192739018)
(0.18380900126436334,0.8223961807917511,-0.012489863351850003)
(0.18222877732428747,0.8587381524985364,-0.034969133406270246)
(0.2297983975461864,0.7627732013741003,0.018487520044239945)
(0.17976077730529103,0.9512408139435387,-0.13564274725536266)
(0.1998058939500451,0.7743188211786529,0.04056631537572923)
(0.20203693129227865,0.7482679109310968,0.059991379913627886)
(0.185215631432555,0.785292563562972,0.01907660935624648)
(0.19853902808498483,0.8706769130899771,-0.08089406598114815)
(0.1832915221689301,0.783112886731559,0.046529097423814954)
(0.2394468114588233,0.9087380530165401,-0.11625690977082005)
(0.18017187524294875,0.9360371830895422,-0.13113201857169865)
(0.19080687733527402,0.8541524633867691,-0.04647520050942127)
(0.19589794190726847,0.7751084768289925,0.020809873693973666)
(0.21771025811296063,0.9105340383072316,-0.11597534962048933)
(0.19764957225193094,0.9308566690839277,-0.12414599428325498)
(0.18159375617876872,0.7476845557298947,0.05616224189336858)
(0.20636613359124648,0.7677405101640004,0.016209670389122192)
(0.17850651956010546,0.8262350189705964,-0.016859815764487904)
(0.15896858897547017,0.7790127216673757,0.035142573599793274)
(0.21778659660973165,1.0532781066681283,-0.2380431923428776)
(0.21976695452135644,0.8998469276703575,-0.10248896006867295)
(0.2075687128827885,0.7619897587383297,0.012239485276537291)
(0.18864204925666436,0.9076791353369525,-0.10432477399143622)
(0.21364415296641548,0.7101414649094395,0.08397533948189413)
(0.17801720352910647,0.8569486107511324,-0.03808207137442609)
(0.23783503054678864,0.8654408291239436,-0.05282057417192166)
(0.18921014071272932,0.819610880601441,-0.028951094705202948)
(0.25706719513229714,0.9286523972795694,-0.14990591809658008)
(0.23110763627590467,0.8997035847023609,-0.10129625569008646)
(0.20361351228806646,0.8613365381362114,-0.07506231476027203)
(0.20092962134208955,0.723874071926516,0.08591389262880626)
(0.21405335567206676,0.8612772310485116,-0.09796738497311634)
(0.17048496362041884,0.7066709239280421,0.10110863291693278)
(0.26156571788221555,0.9846908020576229,-0.23371077863730905)
(0.20832949306185658,0.773631963922758,0.01683570107380555)
(0.1845568661393404,0.8685182888755297,-0.046184144157089047)
(0.19391919075139744,0.8101663261009976,-0.015633880298963093)
(0.24002259630997672,0.9493634533432327,-0.14597147143662584)
(0.19719745673673272,0.7916539053562532,0.00361009836696156)
(0.22662975845612957,0.68576637604193,0.10633275675928766)
(0.18407472161927,0.7526261120545821,0.05996438338750564)
(0.15927737257266195,0.7683775077183216,0.040231481720610585)
(0.2215957379672705,0.7870181503152579,0.0019532159493857244)
(0.1940647767077085,0.9012871637927551,-0.10349589771415979)
(0.17080772179995937,0.8517091664200392,-0.029374261158122063)
(0.23023227491890272,0.9587640204445502,-0.18402872149981123)
(0.21513858923799822,0.8263632194511457,-0.05135924404437855)
(0.20630829580494775,0.7898338161519757,-0.0011704139038928958)
(0.2138828891894704,0.8766550100170509,-0.09763572472557779)
(0.19069051635791562,0.8389203003957532,-0.009120405309450933)
(0.16902398142525651,0.8335650616544618,-0.03291232786930833)
(0.18929529438487055,0.6320508541851866,0.16025796983037524)
(0.1465531401427148,0.7191722288195724,0.08789345702793164)
(0.20413916105631538,0.9678866438767055,-0.1678128074132681)
(0.17967631070562626,0.8337144467377708,-0.03182057405425749)
(0.23022238684856128,0.8210884850126056,-0.03554145164427108)
(0.24271342470330298,1.0177864642328247,-0.23625345083318325)
(0.18342861471417732,0.8539231794876797,-0.05193593540234457)
(0.19643076969244302,0.789321154375529,0.015809267776449427)
(0.1971459903284772,0.7592231278287751,0.03919534547533453)
(0.16309010542751087,0.7338696422048823,0.0767738560209884)
(0.22549447419081112,0.8151656108510005,-0.0054270259306106825)
(0.2123855146785504,0.8523610801507767,-0.045914306228287335)
(0.2025369415023842,0.8363247194529797,-0.05323990662121072)
(0.1926308222738887,0.7360359628221972,0.04334015086504095)
(0.18595164551837706,0.8221838198520446,-0.02669121038459009)
(0.19904848801548003,0.7521663190649771,0.04810969383449603)
(0.1763059047363449,0.8542179377543719,-0.03950650806693619)
(0.22951722922278947,0.7023809151749706,0.11151027809698956)
(0.222620883681144,0.8498034253566877,-0.06151448074198093)
(0.18333927613864479,0.8069887606785443,0.018298616894058737)
(0.1617207326090043,0.7820602041571676,0.029446309400482033)
(0.20316381970768463,0.9828465243098765,-0.1660407347188059)
(0.2009508691282741,0.7687022858450944,0.033617338682009085)
(0.21473762892468326,0.8352039993207846,-0.02722541997843217)
(0.1819801549726961,0.9328800177698927,-0.12176136325424561)
(0.16753040849656675,0.7019898118390905,0.11395368132393215)
(0.20846336795094206,0.7111920697406442,0.0803791743262063)
(0.23133970394219155,0.7459991166170566,0.028717316712435798)
(0.1605703242918991,0.7377520364100789,0.09507498370201979)
(0.20807618855289628,0.838596498350236,-0.03117804822478433)
(0.1958542624478884,0.8384244455494346,-0.04748664436024964)
(0.22486926019188808,0.8282734849812614,-0.03714553860881213)
(0.20472168460407192,0.8795748760913159,-0.07030720345409287)
(0.16004123830361308,0.9282107096692503,-0.10824880573860138)
(0.20069775342875631,0.9161283756742403,-0.12604240136252098)
(0.19595951002222953,0.7916405240362603,0.015987163829878293)
(0.1968968348795327,0.8641518163853965,-0.06509491928449773)
(0.18075993702066329,0.6301962805655512,0.19036418509153039)
(0.20468297729893198,0.9679049757245858,-0.14836879773774286)
(0.20172404513046438,0.9220188650646176,-0.11763816735229139)
(0.20142469702752888,1.0006881019257463,-0.19702496281746804)
(0.20584346599154657,0.8060715205892373,0.014270817190570322)
(0.19391773220921776,0.9348033719133495,-0.1333085133556671)
(0.20944097857598423,0.8960503292511055,-0.11170398356572704)
(0.1914640519638399,0.8349105296391439,-0.02661084033594843)
(0.1639173036141804,0.9157936231184549,-0.0811722165177993)
(0.217514401078806,0.7934174310190546,0.00838361043297108)
(0.1909044489839886,0.9745278049992674,-0.16124449222816054)
(0.20352370065184816,0.7623658492786731,0.044018903902653235)
(0.20249141253324476,0.8618442281441627,-0.05411849537257702)
(0.1674482592680878,0.7814768574124317,0.023409719562277595)
