(0.15697435085336667,0.7419930844933412,0.07930062449107839)
(0.1852267743062032,0.8522417937575482,-0.051179990491116)
(0.19454714910178686,0.9262359781529345,-0.10632726457045442)
(0.20727938933936432,0.5679368748446602,0.2618195690068521)
(0.1548150024694574,0.6972679655180348,0.13372608002491335)
(0.15986790211173213,0.7119655381439,0.0958396127458613)
(0.16193106635431606,1.1346854064056597,-0.30924043246581034)
(0.2159218221890677,0.759970071478731,0.039456400893533014)
(0.17729854451768065,0.8588561452187689,-0.049055879422743115)
(0.21217893877580402,1.0239844930134858,-0.2259399493648001)
(0.14686921598949285,1.2665025529253047,-0.4125052072114949)
(0.14579768417551978,0.7141609414118941,0.09195049799379659)
(0.1864825992712638,1.2902644784474606,-0.45770463188309407)
(0.18717813106770592,0.9282627452720732,-0.1241650654409724)
(0.1682632332840433,0.885541448690738,-0.04917733209924626)
(0.1608971518202448,0.7850538557530534,0.0299945149883898)
(0.22703114785957118,0.846840330540823,-0.04171084323379573)
(0.12260907359228318,0.7686752626542349,0.05217150321413284)
(0.159355725711765,0.7626980863868416,0.05897740047747058)
(0.18330768821458918,1.223277398342175,-0.40551091884396734)
(0.15413414942792264,0.44422198288127557,0.3607416313724904)
(0.21635314505968584,0.455375929325593,0.3352669957564671)
(0.20128839719914637,1.0194055440417433,-0.1913067845821448)
(0.1948426425187085,0.8756151034438062,-0.04924049735287184)
(0.14309911019884036,1.0664631945963154,-0.24411553942988076)
(0.17943848848796273,0.6334870443233975,0.2199557135318331)
(0.17926275010662546,0.781943505356299,0.03792011835561809)
(0.19624809008382643,1.2855824955838258,-0.44511795616522193)
(0.17440060393840204,0.936814534146446,-0.12288733017555308)
(0.19826682154004707,0.713406833084497,0.10303219914263798)
(0.13779192111868505,0.7554677447892697,0.04678398730425702)
(0.15064038030493823,0.8361157031627061,0.0011208256835479647)
(0.17953766849625133,0.9622476986393883,-0.12573443191207054)
(0.17851645354522921,0.715655351512449,0.08878575349786316)
(0.18150784762116823,1.0670776528365455,-0.2551626194393787)
(0.19958568936497895,0.5850304394845696,0.21925832641580875)
(0.18160248109033944,0.9115363249833144,-0.09432685654793344)
(0.1643000906896948,0.8419460770946333,0.00027159010975189333)
(0.15622940155888743,0.758934262874642,0.068646821213088)
(0.24494785780681474,0.8424601942714673,-0.04705393360654905)
(0.18496091192165104,0.7553057329233583,0.040379127369170945)
(0.20581742400156094,1.0655582773157293,-0.2575743710656494)
(0.16922725877279834,1.024068820424444,-0.18952753128584135)
(0.17454733846926396,0.7600715388569178,0.059627528143914914)
(0.15370079649039464,0.7214569790606142,0.09388264595365749)
(0.1975915703016663,0.8685800687473905,-0.07457245582863294)
(0.1661025269185876,0.9675922582338918,-0.13380494108714983)
(0.17585777752071155,0.5004847836531072,0.3136640597760158)
(0.15403455054415055,1.0076705944010163,-0.17954657674252203)
(0.16069160525408305,1.20937585878606,-0.40034059573075725)
(0.18686265517433973,0.8533063168721478,-0.014895320634425962)
(0.2042774763546936,0.7897328657809742,0.014647900700069527)
(0.18728770221542015,0.36098755908765695,0.44783880517227126)
(0.2131350411245456,1.0252507725716893,-0.23252999695047463)
(0.14182749934082428,1.3122886824943212,-0.47994058173806875)
(0.16163560937271387,1.0125902595310756,-0.19559948952189757)
(0.15375774903495948,0.6992354923466526,0.10148088453312244)
(0.14883114800077898,1.0273978690358831,-0.1891431808261317)
(0.180398246650018,0.8625052897275847,-0.028613822869338612)
(0.19744549445077628,0.625876543096632,0.20591428756749505)
(0.1858054161500857,0.9088202835139583,-0.10127069851241903)
(0.18500147858763383,0.8158617100984663,0.005414041487934611)
(0.17666077767208505,1.0374898411341582,-0.20810341992648215)
(0.21585593011360527,0.9550230234243944,-0.14140727793314414)
(0.16426448247549205,0.7966433783839246,0.03882185613684853)
(0.15706954434588566,0.7615395214101869,0.061115356017677876)
(0.1769688377707828,0.6560914558466624,0.15867360625336857)
(0.18438839254757103,0.8440829589567952,-0.04864076609625817)
(0.1438930143292092,0.69453932612499,0.1327986363881825)
(0.1683331329130541,0.7404217025770334,0.06835596759080076)
(0.19790064812267427,0.9373921876259992,-0.127275286925746)
(0.18301723587103702,0.803950146707593,0.01618453659516427)
(0.17733096138085727,1.3330560591201632,-0.5246329580886986)
(0.1750674043733607,0.6276342599616571,0.18924845421211256)
(0.1885362931140653,0.8642835743599911,-0.057746346226883495)
(0.1620563440104252,1.1909094712613622,-0.34233721808653733)
(0.13726696634351415,0.660824280614395,0.20248715490335445)
(0.16831433173496135,0.8290672558615402,0.009804015428888466)
(0.21038866695575867,1.3946080754817143,-0.5694263204288064)
(0.16945725653612334,0.7235892529804181,0.09302597574871502)
(0.13101511264426188,0.8683475311317447,-0.06906448343566493)
(0.1769611826949121,1.0464099510804368,-0.24670091311881037)
(0.17525712031889143,0.5826205885737149,0.2656595598933978)
(0.17645307717713668,0.7692461802783223,0.02760960280862364)
(0.16057024956983051,1.1004581335544095,-0.2642688214278588)
(0.18405680756136913,0.86846295623182,-0.042120482635066514)
(0.17366388203775576,1.0001204070429723,-0.1750959008698985)
(0.17688585692827055,0.8051521766281152,0.003693620289920417)
(0.18881621141254007,1.0434768671051042,-0.19793456795790187)
(0.16844404101092167,0.9998990968393667,-0.18041058694672976)
(0.2016547402037656,0.6211074776990471,0.20372798398772482)
(0.17737504822630912,1.188197189703403,-0.3332614484166111)
(0.18879646947716472,0.7822983869524042,0.022144292120193646)
(0.17407923178761936,0.8104959547109389,0.019326896534350563)
(0.19067672739672584,1.1055208707541817,-0.2749615035785732)
(0.16801651640978504,0.6459663864899521,0.17385593900225635)
(0.18553460776325634,0.5736939072842238,0.23457378442835586)
(0.18715511565143603,0.9765866082600343,-0.15630468417627355)
(0.1608261551019747,0.6541701839723502,0.1706104108544234)
(0.15825498728070897,0.7087212800242091,0.12208811228820309)
(0.1926546354661113,0.967394051532163,-0.15498549930906674)
(0.17898199696584138,0.9733221966711265,-0.15238779424142695)
(0.16196133078184158,0.7329456708904335,0.08892884801257675)
(0.19913160533716184,0.9727838201345848,-0.15817303797016147)
(0.18941321778130976,0.8205508844850463,-0.0007523147357171804)
(0.17482667944200306,0.7880899803125408,0.027513498339929006)
(0.1896004592000905,0.8392298066019026,-0.0013642639752977038)
(0.15270779953954264,0.9913775337580968,-0.16277231013151391)
(0.18242963695836625,0.6845403013539189,0.1359239647082182)
(0.20173592532511142,0.8533600183722262,-0.01484026924573731)
(0.1531597788861062,0.7848533918949366,0.04912790270862609)
(0.17634643272430894,1.1858362555589743,-0.37074836097178765)
(0.17380547678016423,0.695919111781621,0.11501526681689538)
(0.1615055227727148,1.1383550740519965,-0.28934759781110553)
(0.201053582210363,0.995100319414258,-0.17363038538091896)
(0.16735953077165142,0.8775343551133344,-0.05516579822919095)
(0.21271840793823088,0.8018430789613175,0.02714954877071573)
(0.18947137839467565,1.0575472477380914,-0.235669159031156)
(0.20866802192346973,0.6257312827561633,0.1946025314169175)
(0.18894824168359017,0.9237130301390728,-0.12782982181471486)
(0.15583358762227129,1.2163912179845364,-0.3742405909363837)
(0.18214445478644198,0.9954426232546435,-0.18021458882181943)
(0.168902674311014,0.5343962871031679,0.2806481240475567)
(0.17037120996314276,0.6641380603387601,0.16948310461693744)
(0.17577879169335783,1.3217498247907347,-0.5225336132364209)
(0.15552756864064254,0.9002622285767523,-0.07749966180186503)
(0.21606069962987587,0.7470226535519321,0.04072507013647853)
(0.17377081932614566,0.6934823856732395,0.14350464015524156)
(0.19782665457747503,0.6723939469929171,0.1124004363411347)
(0.19297700848406596,0.7415292582596562,0.07987096180104995)
(0.2018161143821141,1.1076712627340806,-0.28830348567185476)
(0.207744551545432,0.846928896179082,-0.042860237691905015)
(0.20462329622950276,0.6957586247751758,0.12614668585820138)
(0.21288005051701578,0.9909426888170875,-0.18629243741873247)
(0.1373935693241734,0.7671812139285493,0.07434534918916066)
(0.17845412618742126,0.6395073551963202,0.19330226299709818)
(0.2160175932066597,1.2098259058506917,-0.38144800701765713)
(0.1852611051685405,1.2507391015272968,-0.42119046642455854)
(0.2067908005393882,0.9777447169683997,-0.1680435715849134)
(0.22688068869473288,1.0883140749069597,-0.27891408021011194)
(0.12848882407467388,0.45414526837059366,0.38566365276064557)
(0.19876824696743617,0.46861616057594796,0.33475641855770955)
(0.12944034630624163,0.7008028896348072,0.13781326828733878)
(0.18528097714982783,0.9645358259312659,-0.15837028684277607)
(0.18119653071219047,0.9281854268266335,-0.1318421309120887)
(0.17141519124425658,1.074495195967241,-0.22470928547170768)
(0.19660619097072124,0.6849356767577521,0.11215786659854388)
(0.1681420034513665,0.8933463524756585,-0.05367115158831045)
(0.18171481651602597,0.8496471633835332,-0.023090409759559713)
(0.19736777360076968,0.9354181327249497,-0.11955465597215525)
(0.19368496520111944,0.9206717539730788,-0.08922239046168588)
(0.21557044901937955,1.0958017299090155,-0.2744097874079587)
(0.20599274715860494,0.8445194325043756,0.00338035389835737)
(0.19658453137945053,0.9129357153038906,-0.09869204712708356)
(0.18541073911405342,0.872169210562813,-0.07161431797978432)
(0.17188660736625264,0.7293347802955971,0.08159858686068601)
(0.1869511855631936,0.6917800407169185,0.12949366106971347)
(0.1709640710691224,0.9104595120413673,-0.08935179450683871)
(0.15734147999142445,0.6950753312658172,0.15067435377331634)
(0.1816433127893587,0.9566034792238185,-0.15311157094173392)
(0.18139809008568197,0.7655427677753149,0.03455422466817335)
(0.20014146135979963,1.03318517403442,-0.2273914873943592)
(0.14993522230164674,0.81280123320934,0.028852152761772807)
(0.16333689036970314,0.829136564867079,-0.016792036979051867)
(0.19482645770946816,0.7770921920644231,0.03360129981760493)
(0.15050928529217572,0.7253868830697341,0.11291286345929483)
(0.15114496348498033,0.6996421038154939,0.13318983074636592)
(0.20207511040621945,0.6470917731632055,0.17160535580441236)
(0.2041868106719145,0.7330724534532963,0.10029424897545704)
(0.16960892813905307,1.3180448478851865,-0.4901356020969579)
(0.17562563965591851,0.944614570632864,-0.12122872963353107)
(0.17207281120010234,0.7844161527304233,0.031034084196292642)
(0.16493838108042594,0.7627299220933558,0.03888303631896153)
(0.1612750629935013,0.9388323053815509,-0.09679579294408285)
(0.18020011797582972,0.6112612069234196,0.21811965583425497)
(0.2028891224836062,0.9790788952943423,-0.18038694700754332)
(0.14720583543895563,0.6603909760942027,0.157713439695283)
(0.18364561224814563,0.8447459397295602,-0.03956664185596329)
(0.19539674879155347,0.7976635057493526,0.02119562055867022)
(0.18404712004379925,1.1204179369016771,-0.2924407936988636)
(0.15548886616129123,1.2453605898176743,-0.41426958832701505)
(0.20829571309829123,0.8097488586702578,-0.020475505160834146)
(0.1588729087873979,0.7906061546207349,0.030193473414334312)
(0.1573677893450411,0.5351584778240328,0.29548779245494733)
(0.16711910120575496,0.8575427148314099,-0.02636172080916857)
(0.23047880587769254,0.8101312053589865,-0.014933266060098644)
(0.15139781533158153,0.7936017468286121,0.052906921154650656)
(0.18462595130301204,0.8113323699460832,-0.03740299178829651)
(0.13075013198658278,1.0937527796494477,-0.25544097092719065)
(0.19161719959135376,0.8587984790855394,-0.04299279214706377)
(0.21697393516726532,1.1105230017875172,-0.3031722270397304)
(0.20732258537208254,1.0135189199211354,-0.20296793127045581)
(0.17917521624234933,0.559177659942457,0.26126585267593194)
(0.20235940665668567,0.6589453092703143,0.14535350213827083)
(0.1971738396278979,1.2232995608361297,-0.406820648308628)
(0.19133605011841076,0.8115030232888897,0.010965828531862872)
(0.19239835678963532,1.1924903418122779,-0.3921912502342)
(0.21072130745063639,0.6512008180733182,0.14405650629952754)
(0.17658839316995226,0.8873324270308572,-0.05202274720466579)
(0.19515299752667423,0.9997190361451492,-0.16933089900044687)
(0.18434931754615846,1.2427790702578878,-0.41095538498009515)
(0.18479708265264397,0.6891237331459106,0.11952774455084268)
(0.1805750934322275,0.9630638205178363,-0.13137080450138472)
(0.15984729380761803,0.8918435464909008,-0.06356890299014377)
(0.19517643729594747,0.7071567748225202,0.09879227074413069)
(0.17811570724473633,0.8302181399240015,0.011900985122631724)
(0.19841100681882073,0.8723990605948294,-0.07053431005493009)
(0.16030245609123384,0.42675252662624413,0.3914791168736177)
(0.1817524542706995,0.9995346490692382,-0.15419718519328302)
(0.2051799963575825,0.7176196075361511,0.09704569256148873)
(0.1709796871014579,0.8748817574758316,-0.07489394356408856)
(0.18874161718988347,1.272959524822083,-0.46449537020620746)
(0.1946707460998021,0.730763399830727,0.06725894731892225)
(0.16555114753416061,0.7254270763249954,0.10544891256594925)
(0.1540076294675381,0.6136230550773419,0.20669337375357608)
(0.205167136610719,1.1242329081396052,-0.32213754627539787)
(0.1681981139139641,1.1863572419839592,-0.3770528165971175)
(0.17729669997204708,0.7414447691264294,0.058095486731891216)
(0.15078056466377435,1.1273349083678548,-0.294937805155945)
(0.17186294550521125,0.6011994489906873,0.20838891334006296)
(0.19397118159912713,0.9095870087851704,-0.08366443565195887)
(0.16701261024500424,1.1374680070380658,-0.32693731639773843)
(0.20161805171525798,1.30508909815946,-0.5097374084941356)
(0.16810896507868509,0.88426523143963,-0.05799606830593981)
(0.18662708062187508,0.7589208452520793,0.07342474384210515)
(0.1710886974276313,0.9451509381599802,-0.14576814083741796)
(0.1666240528971097,0.7423950824807137,0.1089303166291905)
(0.17308934631349446,1.0199039719780114,-0.19389958123398712)
(0.2354994372818372,1.0658174996128948,-0.2692629270923806)
(0.16684338868466797,1.2583420982602722,-0.41319931266998966)
(0.21233146474044964,0.8625730943199629,-0.06814200872374455)
(0.17637525621951547,0.9458391972978623,-0.1217677039318618)
(0.18841677024620457,0.7642180625445735,0.09389970655009469)
(0.16793559192558247,1.106572417183152,-0.29445285982659314)
(0.18986815873553572,0.8007514636571689,0.025720490783390778)
(0.18171308689802335,1.0895663806602436,-0.2879872006059371)
(0.18175518456490902,0.7811761894864679,0.0403429208673466)
(0.1481380847383934,0.8559510111492163,-0.022745892476790666)
(0.17304877922733303,0.8124889650810978,-0.010780661179543195)
(0.15617930497618912,0.9060748832480737,-0.08261909321510942)
(0.20496235131893817,0.8821084230536479,-0.07408588610203357)
(0.16563848291426583,0.6139930103530216,0.19647730372810002)
(0.16858718731672734,0.6975007741202399,0.133520422044541)
(0.15072138073879765,0.9130692353921456,-0.0917828711141546)
(0.16180806343380946,0.8463210731228702,-0.02703457292656752)
(0.1902391241392477,0.6247097693355271,0.16176135162826505)
(0.20769301738272972,0.5769607170588358,0.2501352635358015)
(0.15439671938894517,0.9088511530600399,-0.08138993098472241)
(0.17842016517485743,0.7578086556014958,0.08167319462820168)
(0.20144629409878703,0.8537346282106621,-0.06690077186025452)
(0.16568786564449392,0.9159716782294831,-0.0665184002742797)
(0.21707136179489087,0.9674931650767891,-0.18561531299189152)
(0.16732387100659069,0.4375377442400511,0.3868133566865437)
(0.17084002753667626,0.8451571388382323,-0.029452716074781612)
(0.14853848799218086,1.0448767902962026,-0.20111300539498436)
(0.18235437545963643,0.8595095872893608,-0.026640202414542586)
(0.20113094321805974,0.8793004010331446,-0.084479319834071)
(0.16602976074122866,0.9290973347454828,-0.1110949695306281)
(0.165131279516741,0.9246059662287283,-0.1087538733464141)
(0.17218549528392008,0.9357466020783041,-0.11988867008611709)
(0.15528695744968468,0.7874686170927545,0.02147333391381242)
(0.18420887391500593,1.0705179598196948,-0.2490794172686118)
(0.19186697343688927,0.8994139151082264,-0.11261957995978272)
(0.1630481247191515,0.930133841739664,-0.11159187495020788)
(0.19052872317485486,0.8556747297644399,-0.02177570805608497)
(0.1702274108378737,1.1474792089642447,-0.31903052431261797)
(0.15847667431275672,0.6063265237694744,0.19704852658143787)
(0.16666390133012815,0.8287635617848359,-0.005936436749815614)
(0.16685770900177346,1.0167057184727546,-0.19107387023929734)
(0.1495734078536441,0.944600071128603,-0.12294156752542126)
(0.17661274560629278,0.8620326739422175,-0.0512499093704026)
(0.1615502524764465,0.6214434659053775,0.21701514252156803)
(0.15821468580851888,1.1118665065662585,-0.25477840322943973)
(0.16307400413448692,1.1309707976438579,-0.30062625259638454)
(0.19136511538160167,0.930594232292885,-0.12659472787283677)
(0.16260349447295824,0.9197868215898105,-0.07935115738222417)
(0.19152003692224084,0.396148686632429,0.4320680181441266)
(0.18788509015619617,1.203270179362776,-0.37951424686262875)
(0.17713058004519644,1.4660339735233996,-0.6195392758088857)
(0.21770071086326645,0.7351641366074807,0.08538532312707801)
(0.18379798368737033,0.916219861690437,-0.07994705196366303)
(0.16836113850030024,1.1111286135220604,-0.26383994401968813)
(0.21571104986318151,0.7252921078142768,0.07243239126230563)
(0.18020338135255637,0.9016214613686823,-0.09419589916649798)
(0.13646224646778657,1.187058218897769,-0.31316116352638085)
(0.19536353649194488,1.0762918049239274,-0.26874607780024523)
(0.1860185680736765,1.3873774077990253,-0.587586473008623)
(0.18834464487007158,1.2110780683753681,-0.382631517429037)
(0.18121248690892125,0.6838073214589526,0.13356188061166943)
(0.18055000675714786,0.7251832653861757,0.09323549612758489)
(0.16156382775719885,1.006408327075942,-0.17124620909191285)
(0.1900490262070894,0.7103503895268001,0.10683496613141084)
(0.1745029869662629,0.5700574241285117,0.2577025978159191)
(0.18228324336860335,1.237464306811916,-0.40398151664720694)
(0.16884343002444976,0.797460461870695,0.007785804236432527)
(0.17326985723245972,1.1185370861347734,-0.2938621065211738)
(0.1586884849365552,0.7254783729310593,0.08191809977791431)
(0.18737048588209176,0.9666620883036098,-0.1438867277919913)
(0.1400580982520175,0.9425612124646905,-0.0983874668051449)
(0.20603062769907474,0.895010980664975,-0.08178904472364898)
