(0.2448008075635703,-0.23421935673207997,1.0156929816157503)
(0.24447063670092437,0.3132369820759492,0.452261550302197)
(0.20563747927131848,-0.35688421052278035,1.1430848944069314)
(0.15439062514498222,0.6237830417893604,0.18637939737807854)
(0.12384961343529657,0.44989555616300353,0.42286490514322983)
(0.24738224248205873,0.37138013139410786,0.4417294825558757)
(0.1726032306643974,-0.08214046491924076,0.9143502526437576)
(0.16296113075579985,0.7531249685752005,0.08553329220597386)
(0.1579972962889131,0.35942841074688914,0.4980799587996202)
(0.10861259570476658,-0.043659443611850535,0.9073300491316008)
(0.1576281846345236,0.37272904118433153,0.4426688478963218)
(0.23243553004969283,0.1888249228269265,0.6242482961068699)
(0.2773671850843262,0.18952408757396869,0.5381208822850072)
(0.20285539829502003,0.2176327707289465,0.5487842015603341)
(0.17315536042804616,0.46838384196258614,0.34482522581918873)
(0.13830463970866355,0.6438919578340582,0.26111649008193427)
(0.24818563153207462,0.06829706826469811,0.6825378103848021)
(0.14015181385962874,0.2561104792738599,0.6538861038274811)
(0.16134417501027712,-0.1292677793026057,0.9542327057365976)
(0.201507409204277,0.4282859142845261,0.39686265237395746)
(0.14535957673611621,0.8137204487018992,0.019415041557844726)
(0.26976311888092785,-0.45041522372464887,1.1882107167963316)
(0.19123058915686442,0.9203478817170032,-0.060385901399613445)
(0.1558556736841722,0.17222590712509628,0.6637775323614986)
(0.20907382059732854,0.25625047938476697,0.4947761317523504)
(0.14869431141675665,0.35970383610363155,0.41181351988171455)
(0.07337934570610678,1.150210506138589,-0.24888142352371448)
(0.33859211476070805,0.18319978401098552,0.5227530753922253)
(0.20919088211062228,0.310190574095143,0.5470346162609954)
(0.17203811302202884,0.8260579783265881,0.018254859768334204)
(0.23960120159610304,0.5441218444408676,0.2220949109143846)
(0.18009498488627895,0.2587357108176926,0.615162265781578)
(0.1298676448700019,-0.7162511155331106,1.6144692798091058)
(0.19012131764493487,0.5744828755768971,0.23650036506116945)
(0.19467820641744799,0.10267157971094559,0.7057678890895934)
(0.10509791838403354,0.6645293142916936,0.19168506520505482)
(0.2130563517396959,0.29524540849259634,0.5172398831309176)
(0.18455547335391134,0.24364548983488257,0.53728635962796)
(0.19295845475467682,-0.21352310738669786,0.958661617322875)
(0.10011438250289387,0.2699345696625243,0.5948954360220697)
(0.15164383558114575,0.36522422275339,0.47652069609098124)
(0.13009303037536088,0.19617694864344376,0.649756069755808)
(0.11192453947492155,2.3285674415123943,-1.3923804139686335)
(0.14066244737708566,0.2705169979369356,0.5664630692557829)
(0.10845557123054649,0.12276631641568503,0.7409955683406054)
(0.1746317187569906,1.4700864462415184,-0.5760852218706928)
(0.18107036603663862,0.23953449053399295,0.5705524992623403)
(0.12053353708445365,0.07764657093969145,0.741181164119953)
(0.17184314373022824,0.5580715513116596,0.27904551041896336)
(0.26267006878239807,0.11096897780961738,0.5688864204305593)
(0.22443745891325903,0.5598945920479056,0.2165661064651296)
(0.22563352147595606,0.10450382793734665,0.6543822063650716)
(0.16389216482566593,0.3913961381991594,0.4390518593502601)
(0.13217781803625325,0.12897483067015583,0.6995256480997418)
(0.1314605234864176,0.4430738899898987,0.43325564228264746)
(0.24264111330389695,0.18708809131618742,0.6137083749705683)
(0.20373002688648725,0.4280618812062712,0.35929026660086905)
(0.11471049114302982,0.9189402672535422,-0.05258425940748014)
(0.11044979441994357,0.341773285610755,0.5037877573053148)
(0.14795858448989138,0.2361629228134649,0.5774524507056977)
(0.16590178425241145,0.407685267083072,0.4216677262612551)
(0.17601633825857285,0.5198763213481726,0.35002757303867615)
(0.10198702392600635,0.18671998354580266,0.6856573324052239)
(0.2260712844010602,0.014428876246100904,0.7779369599942881)
(0.16167034536288516,0.412065351602203,0.41130303702285503)
(0.09700990720858463,0.7521392626752248,0.09399476080379332)
(0.20187965816061626,0.6133880720171913,0.1910319123362645)
(0.2667889371341574,-0.21988859657301796,0.9895012304573365)
(0.19234496452802616,0.16317498926684718,0.7028110622017608)
(0.1779547782139277,0.4640542964035456,0.353464681302263)
(0.08356021937042063,0.6142146683867432,0.24239781675365482)
(0.18711176566493787,-0.016608974249366762,0.8717946621364383)
(0.13830727356889724,-0.02226199704388483,0.905565956849989)
(0.1962119562837769,0.779200336679215,0.0563695761190902)
(0.21135784034874877,0.05989593603645993,0.7489159839884841)
(0.0987772367514706,0.9329770787830817,-0.08289801560187053)
(0.19893138832386356,0.5613889357621333,0.21749271824913474)
(0.18460935208869558,-0.11771659809628944,0.9251991661486989)
(0.2599994614109581,-0.376724910777929,1.1473385317757419)
(0.11528042036932318,0.3753525846689515,0.4897117936279001)
(0.14268552176482915,0.5675423319198106,0.2799960357416947)
(0.1691320525944599,0.14628507360990517,0.6463688933411273)
(0.2207845777879774,0.9917922114209435,-0.17746198997837878)
(0.12858627113576052,-0.04671436157961465,0.9300115981145488)
(0.2190460998765606,0.22956073572018906,0.5755305425361568)
(0.14780126133755442,0.6201558249023322,0.1953603704510301)
(0.23517484305604908,0.3178957210651557,0.4879038254256085)
(0.1707227093108041,0.4356401841679147,0.3877593050607226)
(0.18169388955923885,0.48136338124789446,0.2932291174525889)
(0.1679847920924503,0.26722233125621064,0.5983753988540618)
(0.15873034221397647,-0.04095356507030592,0.9055773616652549)
(0.2453278726873902,0.04403321752742687,0.739105282371273)
(0.20563823023440758,0.7887020945362377,0.040256900422877925)
(0.158477059490351,0.4371875441978735,0.4096083954007135)
(0.13087642746350442,0.5874301207510632,0.26581239477671037)
(0.1732000512356634,0.5696743576298864,0.20282150657796802)
(0.17440106344376985,0.98642915309072,-0.17040950870249552)
(0.11761675105354212,0.46936712767736294,0.4010506913266464)
(0.14522960264215543,-0.2679918971707091,1.1141516616955953)
(0.16864305083771985,0.1765276419168499,0.6453215112416234)
(0.17796161448773878,0.3399805722282995,0.4855024652170604)
(0.24130507713082827,0.5091375658016192,0.2597671198137603)
(0.1652421038307788,0.5766008710748998,0.29876832526480646)
(0.21589536392224518,0.17913713425495612,0.6060529564335896)
(0.11790242465875564,0.7404442191641821,0.08425807937278589)
(0.16953602820575928,0.7659071023943744,0.07899610958955883)
(0.19719081712419007,-0.018225945902847287,0.8174199023923056)
(0.22196278292986407,0.5976943615277128,0.18317052760977795)
(0.174840189125338,0.9079300815079837,-0.09876931037269317)
(0.21635735580861773,0.41699114152046796,0.39668260282159057)
(0.13749902537631425,-0.11442980879042937,0.9625697803518647)
(0.29771554553255636,0.6388047578667699,0.12014702931678199)
(0.24147809689916114,1.18495709493758,-0.36204297318678486)
(0.16008366687046746,0.15788364020765053,0.6243691831511916)
(0.16785477578793515,0.2624936187468382,0.5190745684629638)
(0.21725456938915597,0.4538997414709181,0.30342898631282833)
(0.14643199048800118,0.1762871034434958,0.6708573056977444)
(0.1185966020376419,-0.09737423352782132,0.9728788275237055)
(0.18530441423824287,0.4116944403575007,0.4014197573076564)
(0.32755057601346976,0.40710011820591957,0.32810672076469327)
(0.2760391775232298,0.7796028596538472,-0.04016600074252399)
(0.19287468374918706,-0.15110577251852847,0.9724563071171355)
(0.11569516985473562,0.8398027651335968,0.06327512661545236)
(0.21644172829697297,0.22764458861459913,0.5474547590391635)
(0.19904776604987362,-0.03736547354804623,0.8669370352675082)
(0.14839821134855885,1.1490412470267328,-0.22037327825218905)
(0.24935955492113968,-0.37516841497242814,1.094111562148005)
(0.14139703049045543,0.9516767458323596,-0.11555876622555837)
(0.17187646169403692,0.47674311262761915,0.32222715710324223)
(0.11446024101818321,0.9172468226416811,-0.05181818187597125)
(0.16887750251660666,0.49529854220311653,0.2954372485572536)
(0.12148224040894108,0.7163829355289419,0.17011876258289246)
(0.11709719757615393,0.12219604627199808,0.7202890008055213)
(0.14816078132424407,-0.039333399084397196,0.8620957362069279)
(0.14049903413514794,1.0323179850989723,-0.19389025710967941)
(0.1794473223679928,0.27296635602566294,0.5390044015516615)
(0.21532634657322308,0.539174471993358,0.24692615347632021)
(0.13957390776013126,0.4961227340361768,0.34155893531661224)
(0.18068990708279709,0.02957445794224992,0.7934437165324632)
(0.24169014876058245,-0.7071246794236143,1.5263928313983322)
(0.24442676641828198,-0.04667999317384525,0.8027540995163288)
(0.20024032607671313,0.5425901721114997,0.27020495630580227)
(0.09240848137049558,0.1190733945508411,0.7888125145619037)
(0.06671531979841851,0.43582983010185417,0.4920772820796965)
(0.20838811324086062,-0.009358069142244015,0.8105349089274597)
(0.155234640024964,0.20880012992063804,0.6682762395449569)
(0.19958534563526567,0.3672349202740459,0.5099674897769204)
(0.11678187688411287,0.8695908026521874,0.053388862407348026)
(0.23641104780437522,0.30396682712547085,0.47971896967845434)
(0.13711330865506335,-0.09693214738948258,0.9507113016428735)
(0.14125541908122977,0.5290263524549839,0.3366188557739194)
(0.0963699104844487,0.946217064927456,-0.04905351423951882)
(0.19162746991546845,0.06497359404788303,0.7523515090092201)
(0.24680748610743578,0.4499118122170462,0.3140507734084437)
(0.144381190073021,0.09068554449812094,0.7515092846908052)
(0.11630516338877589,0.6965395464098584,0.1345695719251692)
(0.19291774816312038,0.05214895149790169,0.7278893643950675)
(0.17969624223590994,0.43605079179917616,0.38913595438520737)
(0.1247208886858762,0.04121844169840387,0.828412437598588)
(0.26347766288067453,0.31513796664471116,0.44031989483898687)
(0.2577055898377123,0.2749082385439943,0.49057852721332756)
(0.15614169592635022,0.09854981512308676,0.7657991062617647)
(0.12824226196246044,0.38284744756730615,0.4797860034902326)
(0.13876299740931103,0.07709843979283329,0.7903632337813534)
(0.16735273005721538,0.3347765183699205,0.5108329901339267)
(0.11059539800397916,0.47842163803799104,0.37337656624961574)
(0.26108129253330303,0.3453087168820084,0.35633440812398376)
(0.13171055327279882,0.17029006973078428,0.6827001078107736)
(0.16268075510725225,0.5310181137135778,0.3177536375757073)
(0.28658730049293796,0.10951921456871214,0.6275673547115804)
(0.1796320179992648,0.34417644147458404,0.5070205792139202)
(0.24375457901897307,0.1576957995871417,0.5788855520348366)
(0.2539148249951608,-0.21126316211957777,0.9533288127467113)
(0.1459733852511572,0.8874206659878408,-0.022207248407267847)
(0.16514488866158997,-0.4049443565003914,1.2485263738764136)
(0.1420979512558314,0.8555750582456519,0.015306871233353524)
(0.08034405939662632,0.2426164671561846,0.6497098252999904)
(0.16035552896837743,-0.03457309330389138,0.9266147849612918)
(0.16722607464063657,0.22836359142287546,0.5746062960726737)
(0.1555304851404395,0.88664120539233,-0.016768651385294653)
(0.19609437233489607,0.9799798432222437,-0.11882937290158502)
(0.17380258783955668,0.7839313953419026,0.09130425014018338)
(0.16972022846157242,0.3828829911686162,0.4911003824695735)
(0.1467206204155834,0.7626476706173021,0.09057078117864968)
(0.21304978272917377,0.6645022496343373,0.1506564269826752)
(0.2262908275087958,0.23132083806237475,0.5390426489125452)
(0.21138075475307513,-0.21954529506967238,1.0338278998094217)
(0.1648980504300282,-0.0035696483282117984,0.802359823226294)
(0.15191290979958294,0.22735138832698767,0.6373243024664456)
(0.09131185872657753,0.060509553060871184,0.8172039883871668)
(0.08135234693904202,0.28919811913081317,0.6009864878193814)
(0.18881402421185536,0.016882914576246126,0.7480300314662602)
(0.12972779615926133,0.07300142869668787,0.7751868221824567)
(0.22285603363138695,0.34101795387207223,0.4090875621716104)
(0.22466675754078538,0.42053474292650617,0.34911568618064837)
(0.08364428555231487,0.21501758401137205,0.6578290538159097)
(0.14176715834831258,-0.07761458498577224,0.8992281422004188)
(0.21239960140179423,-0.19000147878822413,1.0078616641836358)
(0.20433984617434028,0.2843772029818509,0.527657479349774)
(0.18234459320214064,0.35846672619303493,0.4404568689771462)
(0.16318060445523005,0.18188151850714293,0.7147163978049618)
(0.1538219360003335,0.17909048838805589,0.6794205994704768)
(0.22637597146765323,0.21400930060632833,0.5306842250312488)
(0.16675612274157425,0.3778316250188194,0.4360543685183836)
(0.21743923659681608,0.9299864760182289,-0.1553245353453589)
(0.2543268124434502,0.6716312596221203,0.04074521978902167)
(0.10214502966044017,0.5335269138012211,0.3508975983096221)
(0.2445800577097003,0.6281358378077171,0.14273420840587595)
(0.13574191511866285,0.013993691465213749,0.848167320759702)
(0.19918732435218872,1.238298737803284,-0.44648823618329575)
(0.17694248654593622,-0.08892436556687316,0.8803500709319608)
(0.1827604652193437,0.4189020872917445,0.4237536820344288)
(0.16760429539267602,-0.01732828417684757,0.8454266775246484)
(0.20776399605400372,0.22206888271840602,0.5324128998306235)
(0.3094643204648319,0.7788133095390644,-0.052045417791579916)
(0.1823910127779389,0.39967524624725376,0.43021645125104324)
(0.16693849359061186,-0.2179394926386791,1.0707926908630803)
(0.2013733291160937,0.16514277386787765,0.6511086158410001)
(0.257699000211894,0.08824906567956263,0.7170003964006022)
(0.2321215653051195,0.500411388376929,0.2503145891643415)
(0.13348720862147717,0.7140482948022656,0.11365934261045603)
(0.20729842969399734,0.6098919274219109,0.12480312575140758)
(0.18296002415976842,0.9544212812177347,-0.12512129312451697)
(0.19226804079886223,0.35572709667332547,0.4499660483030575)
(0.17674748717700717,0.12568319900056438,0.7459162938006763)
(0.224023056651873,-0.3086756010693745,1.0931668439450413)
(0.32336935002398426,0.06471325349311965,0.627995387458658)
(0.09526926299921813,1.725300096292448,-0.8381452799746283)
(0.1806019881991616,0.1520703515846357,0.690671621118715)
(0.21427923479037542,0.6120843980978866,0.23585519785139256)
(0.10749687062187223,0.6276000319318024,0.27588206232510276)
(0.21321318229611858,0.3741659872273654,0.4670405220236249)
(0.2500836349166831,0.5060159416487432,0.30884303576382366)
(0.1884392857643074,0.332059445226974,0.4655189011238026)
(0.07252608485900343,-0.08646542924411715,1.0313648896220888)
(0.10291448835623071,0.26775232495757517,0.5979225015270361)
(0.2496794805869124,0.2904499285127935,0.48144126932674697)
(0.15086921496730052,0.12367252416950221,0.6607644087893112)
(0.1277258671009312,0.9211282678765045,-0.016129046365604006)
(0.22780344900995367,0.2114311081253927,0.5364985590597977)
(0.22103082459311044,0.45911831131077435,0.2993182951498763)
(0.15702100453304643,0.26455491996650327,0.5562884542357815)
(0.1736807159331934,0.18351333681278317,0.6436482918246214)
(0.2046943946496644,0.11434249385533382,0.7101665763929942)
(0.14451624086268525,0.21239360079312658,0.6352088605723806)
(0.15141784516073883,0.9319351532988425,-0.09789824033697717)
(0.10481603809954161,0.6262591697818054,0.2990900654489983)
(0.23103733883471095,-0.27686900475207143,1.044850538407541)
(0.13039231108547714,0.09721640672565655,0.7361514152683135)
(0.12921634043887922,0.5140473574457722,0.3165977230582411)
(0.13793288813764545,0.9796144952045203,-0.11210245134171874)
(0.13968755043042355,0.589485378953109,0.24725359446275214)
(0.18593392904639136,0.5552200713613471,0.26688446595617793)
(0.09691750843837424,0.055445138533065534,0.8200302506323351)
(0.13988610272023744,0.7091513972455986,0.1293795570164579)
(0.21413311450751538,0.6959148647792741,0.12380043768179513)
(0.22774533636682334,0.44347635757411596,0.3530042731420121)
(0.2088470609444938,0.18531176060354737,0.618301365679003)
(0.15662989021746418,0.5462042334973133,0.31591357047003815)
(0.16557137392417245,0.3598130238913173,0.4442871497238446)
(0.1623749505108712,0.37317759193761635,0.43345809072500235)
(0.17810564272289467,0.14378049100772364,0.7223383802397547)
(0.2146758020865445,0.27570514348760233,0.5094948221165007)
(0.2602160088482694,-0.4371968234509804,1.1656838138018313)
(0.15140334669597846,0.6673180988309165,0.18081871570212074)
(0.2102760771309762,0.11993019062407469,0.6855824550664709)
(0.18752410373729245,0.010642620099688633,0.7941073043675434)
(0.16451994603323633,1.179848755714433,-0.31686873575091157)
(0.1370699420356725,0.158264232761275,0.6592052577264441)
(0.18217760765898153,0.504187343431094,0.31878017304913936)
(0.19373325049663018,0.6706656493397605,0.1491672109883095)
(0.109662403192497,1.2094738253792297,-0.3623646331384089)
(0.11679057452298845,0.6805074176534893,0.14778393556638048)
(0.22811469344192103,0.09410460473991505,0.6747421753245187)
(0.13193768817593154,0.04851587013908191,0.8108558146532321)
(0.18744268159937003,0.2617885268447422,0.5167618203543235)
(0.18204556097470312,0.2639637679271997,0.5191509281206226)
(0.17928268267888267,0.5039763786267953,0.31555864140152906)
(0.1718188741622218,0.44154616833644866,0.4332340318605089)
(0.2234976237882208,0.5746378270172573,0.1919392269599871)
(0.14290262041999463,-0.12271818981736411,0.9600191133786113)
(0.1498598188067115,0.7068590009323779,0.11968697818917569)
(0.24179151891257444,0.9572726556403767,-0.18936380483448276)
(0.30513705275632186,0.40986212710586634,0.29592414151256247)
(0.19779431652004845,0.22845063104032975,0.5910113256678315)
(0.15748052713049732,0.28901397578809124,0.49400190330377286)
(0.20076163441040565,0.5400498555980713,0.2688129318751811)
(0.187692102087019,1.2150479106242897,-0.4041052292010388)
(0.13012580489618744,0.4253547216819353,0.4491665174012183)
(0.20246747098841048,-0.10971508450105552,0.8968269116642984)
(0.22685659743832837,0.34801883511036114,0.4609958338463448)
(0.15403230875148566,0.23405574407866178,0.5516165140219947)
(0.25625172149315795,0.38312037564589435,0.38927493945765773)
(0.22027502570350338,0.5911314123438272,0.1679845422800048)
(0.1622359347187387,0.7968919070707361,-0.01965908593723047)
(0.15064872628110956,0.7546464017104896,0.11283717014623493)
(0.18090085331451577,0.5642055872977703,0.24516762776670498)
(0.14326175062037622,0.2626286953775851,0.5964905596152146)
(0.17207045681894131,0.11332117346492279,0.7012969785296067)
(0.18680365021144427,0.8436339802867127,-0.018752204570410165)
(0.18737000969993906,0.772474934614402,0.05721807551447145)
(0.21859083765037435,0.6811969424981531,0.06842731149312115)
(0.1597607072666556,0.6602738732889726,0.15156543282467075)
(0.19272719583536502,0.5442215863723369,0.21459242966764677)
(0.2570557730828584,0.3111638547175896,0.4625628372926837)
(0.16890182937249226,0.4564826317528537,0.4425803424233986)
(0.20564038800075124,0.9155803054596041,-0.11981560503565668)
(0.20475492851346833,0.18325605133783943,0.693345614324326)
(0.2497776961278683,0.633670430336174,0.13676187327576655)
(0.159249751741109,0.0006779268539730449,0.8929101502453697)
(0.14432583579398145,0.3334822164404321,0.5043897793427979)
(0.1934395834937937,0.38872407448049606,0.4445520542974811)
(0.191294471513247,0.2541737740603419,0.5328544652697081)
(0.13871603882932246,0.49202268269267374,0.38034444883766083)
(0.14730839438557153,0.8945293855279599,-0.027859859263977424)
(0.2745908344199155,-0.020126801328603377,0.7602637105656356)
(0.2002685483887155,0.04470435878154556,0.7250356065931396)
(0.25642860254991684,0.6178941628760483,0.16305359516489254)
(0.14007521327367392,-0.39639404469610784,1.2148135877432473)
(0.1341456925466856,0.38134408298777556,0.45738899856046544)
(0.20684641631612694,0.5428357687044285,0.30395004174698426)
(0.1374556684845118,0.36126549412865766,0.5210345680780774)
(0.15727185584558515,0.30308293587964624,0.5389925883512521)
(0.1473089528957358,0.24544681891139905,0.6387326835425259)
(0.10865395422215664,0.6988113717625222,0.20188179232739364)
(0.31440085634352793,0.17967795840940878,0.5400812983277707)
(0.1228377897268429,0.10978889009211054,0.7760712002014568)
(0.226213098281887,0.16208285334170758,0.6373429729705627)
(0.11251708001136779,0.2280530599907595,0.6556495454451663)
(0.16576638725429838,0.7506286426064003,0.10603012682625297)
(0.15180441192854396,0.6278447053974803,0.14387385139304149)
(0.20832314240508762,0.4908905590612691,0.3097083301087121)
(0.3474227100368157,0.03212474208492507,0.6813221311853521)
(0.15653009262073775,0.5384533769959385,0.35057268109618994)
(0.185397872323047,0.6455436337176542,0.2033234870194472)
(0.12583223929756268,0.4684865431285766,0.3701113717546686)
(0.10342184213534171,0.878194535547689,0.052862243506340986)
(0.0999498861391421,-0.020671763668383032,0.9034174809140515)
(0.060187481024562214,1.2584373808671974,-0.313477520365553)
(0.23203070427858302,-0.20198351110579707,0.9685806935130524)
(0.237600777494528,-0.26938644881013574,1.0210942771230054)
(0.09023016821913463,-0.11265591908476826,1.0204766909467133)
(0.20433191468862458,0.11740168868644409,0.6709593213716466)
(0.18538303601844555,0.5354525016875589,0.29030239418625714)
(0.13040983302295417,0.33558065050442715,0.5627785085145985)
(0.22246187224604247,0.5712093113108084,0.25026821999962034)
(0.1343125592077685,0.4118168656732488,0.42330156440203454)
(0.17216611100557705,0.896591091519962,-0.04290280714745448)
(0.11058368748916629,1.199079769982733,-0.300961552262673)
(0.18101594844272725,0.37702078724438404,0.43640104179809713)
(0.15744855688635442,0.6370729424408533,0.19435774898021838)
(0.1712161035211123,0.7204020775807451,0.09993890126986112)
(0.22236703846662173,-0.07635775448246794,0.8525559741546412)
(0.2264688859387107,0.36714643197968033,0.4882655871809114)
(0.2027853583099687,0.23252511127525263,0.5868740779194992)
(0.12932944907552263,0.07992017556519516,0.78053449171166)
(0.2654905019158652,-0.1864498276507336,0.9523477610805294)
(0.23485321805167741,0.006810323950595417,0.8095769642143816)
(0.21521808888902494,-0.2683054682150813,1.075075270239495)
(0.15459557239014426,0.16557143735476176,0.68492832988158)
(0.1593201009026342,0.04989107475087629,0.7965513664215308)
(0.18162768423099623,1.8102475877217836,-0.9677243707774811)
(0.1930630852067262,1.1534578916692368,-0.34102980755396145)
(0.1594466618807391,0.22289055348452638,0.5826989060288686)
(0.14209607840755148,0.4795154277780164,0.40667466196276625)
(0.24185159833990325,-0.08378949559730633,0.8207043050087321)
(0.2637702925010699,-0.18528039367200844,0.9715380555886726)
(0.18713820303472326,0.7246921835875788,0.10025976220038282)
(0.14914420749558094,0.01645667589155477,0.8161847582516991)
(0.12503393130962662,0.22962764257349833,0.6690782133602615)
(0.16827275368426484,-0.13631834913537094,0.9381605252391056)
(0.1762071716070136,0.2236501966852283,0.5944322749450492)
(0.05072335889212323,0.37833920753212774,0.507488165590455)
(0.2036494232633774,0.4238991626382228,0.36304474662601344)
(0.21187682356616186,0.21713712407611535,0.5563112800397723)
(0.19088046088663763,0.6381395264994413,0.20571058941932494)
(0.20509084199789238,-0.1611817038790156,0.9770302156788643)
(0.1750223069721769,1.0746849668442406,-0.2673237177829507)
(0.1314594779255501,0.5286500408208927,0.32260789689738933)
(0.24178585229201774,-0.4420104905606735,1.2277408474473344)
(0.21886798943968558,0.3952725117952852,0.40407862686743506)
(0.17922368483963896,0.3355202527799988,0.5069622646708898)
(0.241651052063744,0.6096921089115721,0.19182275895705475)
(0.2635155943908557,0.11911471329446974,0.6488474645086308)
(0.13738261982581387,0.15313946411509177,0.6692712150082304)
(0.15012289624445152,1.25311448476972,-0.41915572574355664)
(0.23211149257907635,0.30542149412984615,0.4691897097436841)
(0.25079015765822643,0.23727928419399985,0.4953480114259271)
(0.06782955264588533,0.1313070272688167,0.7834501505247716)
(0.03332692306874827,0.6515185342959895,0.28747070205332753)
(0.21583246262923028,0.4222034184300519,0.3885410813544966)
(0.20552619178715134,0.6117356703297671,0.11994850808027849)
(0.17620024611782897,0.07901998206786587,0.7609123517279267)
(0.2816217591475797,0.1230411415993758,0.629386285054473)
(0.2257974124262298,0.39863592631090716,0.40601231036519175)
(0.07718173849255339,1.1153305910331763,-0.19200984144118005)
(0.09935815551106375,0.38511436955844147,0.48554679805635886)
(0.22851253461650603,0.6238839166895582,0.1777939095777613)
(0.24846526440935987,0.888937340382831,-0.13576889368132927)
(0.20328066815197524,0.1776990847637107,0.649757074041978)
(0.08307081216138795,0.7419646483964676,0.11208974756808851)
(0.2406505602749947,-0.262452076917138,1.036885272140887)
(0.24303128138778363,0.6238608538442447,0.19913496893657884)
(0.12015796142647046,0.19220158483897024,0.592855208849904)
(0.2647104857900397,0.0014301013484941864,0.7315695479427902)
(0.17273923510669903,0.5116957624721193,0.37557435917527887)
(0.10791479895745784,0.4100157747340537,0.40670693269810226)
(0.15785432152187867,0.10533744146367123,0.7232598323205905)
(0.1366502875372028,0.04926326602982849,0.7700040654275766)
(0.1659000543146936,-0.41426638019361905,1.2276052133969126)
(0.09720506143559894,0.31535676693804665,0.5020256800978964)
(0.11207271823574079,0.23561395145423594,0.6158215075940098)
(0.27778462108282487,0.5476318172339383,0.25522114074574315)
(0.19361397203416233,-0.4436165937122805,1.266556846508049)
(0.26720875683505396,0.7398377867581826,-0.0010134540824994114)
(0.11597103393013904,0.31908465162310146,0.5910495725812609)
(0.20164914229000966,0.5407374734954338,0.2878486292454459)
(0.18826769070490854,0.5057864290980695,0.3077044766375451)
(0.17827379068132673,0.9577076986499192,-0.18974459202013289)
(0.2530827317278025,0.020621447322730014,0.7375911921986918)
(0.26469886132957904,0.3835716116295709,0.3835085466796775)
(0.17714442925117907,0.19673327301573038,0.5890753958515726)
(0.06955436773561584,0.021656180396157982,0.8704560030662454)
(0.1336187392717394,0.5173511191093361,0.34915053658896156)
(0.17524832815950772,0.29217958949597567,0.6079295331579602)
(0.17423722729570948,0.24129426733788328,0.5456384289379261)
(0.2445870628036791,-0.3556108613904645,1.1547688157492921)
(0.24408838748923903,0.16306046422635054,0.5718756222343835)
(0.16083790249534385,0.9836227255938401,-0.11330042234677723)
(0.1663895796510719,0.6957950019887305,0.12375011930113103)
(0.16765824280053346,0.3045340564326992,0.5646359739551976)
(0.17742446296370912,0.12723179543687993,0.6821701755304825)
(0.11787064823154215,0.2750584104106966,0.5869064924670485)
(0.2572240706207536,-0.20730360471484163,0.9631047730239737)
(0.24225610076246484,-0.48814044164185727,1.2645245524660427)
(0.17308180552096214,-0.06638637185975277,0.8840171393316503)
(0.22478053833412354,-0.1435909432756067,0.9645523669098962)
(0.19167382082714549,0.6483853083017522,0.2096107944688165)
(0.1978260484455668,0.4998658475480037,0.31503814271910324)
(0.19200245883740238,0.9170036813282615,-0.13571965505929826)
(0.23784169697093144,0.4520362667896655,0.3494597412274768)
(0.17532636112411346,0.6062886714770986,0.23137617999057783)
(0.1520617171196195,0.3695967270056199,0.4911192849876384)
(0.18233028145195226,0.40475828205308095,0.39132847478136906)
(0.2658701452720046,-0.30350932432191086,1.0555598039358252)
(0.1932692457916828,0.36370131043560994,0.39112003248029303)
(0.23510461770018642,-0.07324745259172721,0.9220080392200696)
(0.17580515003510797,0.17908338976089055,0.6630508640926772)
(0.05720490112720694,1.0433132036992174,-0.1047583050502221)
(0.2730881760458028,0.3719761346285736,0.36357049860883534)
(0.17915017708257205,1.0503370407867385,-0.2047697827183972)
(0.14817832101784958,0.5489192665256394,0.3223050019694819)
(0.16075886256339608,0.9991934680584534,-0.09922802282033338)
(0.25046199532979874,0.06743063041021251,0.7065214323930088)
(0.23491873679808278,0.2539164749755853,0.5475949386509454)
(0.20121235237767346,-0.15004031836972842,0.9437972922617643)
(0.16193472444686302,1.209007874147045,-0.3572835535172766)
(0.1615733886641505,0.9743454279034397,-0.11627930391127296)
(0.18485821720477347,0.9983465790457148,-0.15217213924811868)
(0.23973971749914738,1.1651352943271147,-0.37388294192970234)
(0.1146065364480671,0.1418089864384775,0.7437230084612048)
(0.19062331222288031,0.41624222639453684,0.4580733280657695)
(0.18491232304678348,-0.12200860641581118,0.9430939590136476)
(0.18100830328544104,0.9072875105022656,-0.07681876934627285)
(0.24897915973104076,0.5452598444205731,0.21320532287817354)
(0.17925023486532018,0.5067815466192801,0.29573047490681037)
(0.21949703609686205,1.0681891329406275,-0.278301968098421)
(0.1945445350889715,0.7906624586556732,-0.013480596722095076)
(0.13421895174229445,1.2295415863040862,-0.3778124777654844)
(0.18681036991043182,0.35540940120777414,0.4632002174848621)
(0.27686358689699436,-0.0031811414559084848,0.765639905919035)
(0.16748056061365846,0.9732222250620378,-0.15119567094556902)
(0.26384100695278895,-0.19858596324292596,0.9396906754278938)
(0.12331445495902867,0.20347843180813846,0.6757650884182335)
(0.0830394394952624,0.06378015027718945,0.7883473079955962)
(0.17997690151989484,0.2842922719432538,0.518245816076959)
(0.20759802346404363,0.010182704205561416,0.7804147386238582)
(0.10374457837557555,0.2605473595273777,0.612631198884793)
(0.2266219735412865,0.6850092016079775,0.10717419609158829)
(0.08249961596265609,0.937167710782824,-0.016100810120989836)
(0.1159372247167284,0.07277902393395265,0.7890231852372233)
(0.2588647221640034,-0.11465139704143285,0.8998541516502256)
(0.12207621206385949,0.5756276133503617,0.27838570318186373)
(0.13722367771778024,0.2086451222253535,0.6673036432685314)
(0.12948502750226565,0.1885549830777452,0.7170010067789837)
(0.23947675066984245,0.03772228104646702,0.7106107268209132)
(0.1592341679805738,-0.06385168633103694,0.8850532847858134)
(0.14029262221222086,0.34636161615995886,0.5013162017402545)
(0.21937974481162767,-0.24861158477885228,0.9901341684407935)
(0.14191569438471746,0.4141670532241364,0.4545758345378663)
(0.1292668008911367,1.2146178365281481,-0.3052951943155728)
(0.09554641573265499,0.33604439680623366,0.5304272595472842)
(0.09755037584899935,0.23697414617059895,0.6162350621442084)
(0.1762656043654198,-0.46761348410316445,1.3026251742045818)
(0.18768794359475058,0.17601991509038417,0.6350950815367922)
(0.27556511883317636,-0.10809086841888989,0.8231133470064727)
(0.22686573956468936,0.11592633084224721,0.6673119973328521)
(0.17475181877527568,0.4593395259621793,0.36435277377126823)
(0.1693299827102353,0.38332108575698504,0.44379193452279364)
(0.19973996588188575,0.5693383345987273,0.22273528767243986)
(0.21644794701795284,0.7033394550980382,0.11282006308650373)
(0.12092404087484648,-0.04202947239533638,0.9545979150444355)
(0.22938890186527133,0.08671582207913518,0.6880168840860457)
(0.17637166241458474,-0.007042484947399329,0.8532077049252317)
(0.2576610752180483,0.5938451225083134,0.1235636680091356)
(0.17901019026508755,0.7156392606388892,0.06478049445680237)
(0.12136400814131282,0.5986775638819793,0.3231015133855067)
(0.10318171301482805,-0.27657352842756133,1.1838419700945857)
(0.1702523458210476,0.613442167730214,0.2632670756146893)
(0.128587687677778,-0.1287757829526252,0.9920092873774238)
(0.23837669605266876,-0.2952386202094261,1.1003267537096981)
(0.1738854952395758,-0.00944488892605557,0.812731604259162)
(0.15546690380606681,0.24754570857712496,0.584429004961395)
(0.19875811817354996,0.4406702834315378,0.35380591591662974)
(0.16963441466701762,-0.09123082658557517,0.9001306877803769)
(0.221067655340209,-0.06068253905292379,0.8233765869270977)
(0.2193256026381923,0.18338181500227055,0.5886146238532286)
(0.10167371001799082,0.5482087668794059,0.3614951216314523)
(0.1805782278137309,0.00019001702555785337,0.8020923526550319)
(0.14347434905117348,0.5757442164869329,0.25610100616663806)
(0.14052870594872566,-0.2330868094240865,1.083015345307545)
(0.1438047842961161,0.02051606693417908,0.847154609268783)
(0.18335547041549413,1.1932033886684834,-0.37484721504121904)
(0.13716040001472765,-0.25634481967239137,1.1642301219129068)
(0.24564213001030935,0.1279470353802288,0.6276869181885698)
(0.1483895204670408,-0.09296243265903945,0.9831816454259171)
(0.23314956965016248,0.12871234943335422,0.6197384775969604)
(0.20140411139147948,0.3210095122039495,0.4398063399795696)
(0.22623547575594743,0.6089559934004818,0.17646809073760375)
(0.16997517470056195,0.9340478881843998,-0.1362932484148741)
(0.1991022632969177,-0.3249971251622817,1.1453173901160612)
(0.24203918388200507,-0.13857257795705152,0.916431737221201)
(0.18362888216439924,0.27747917254762233,0.49952392786819233)
(0.19445170495454067,0.23372677192350869,0.5621223879598061)
(0.25523797318439245,0.11185287611604831,0.6453939862343806)
(0.19771261401392778,0.2849928183853631,0.4979186229796886)
(0.2658066946944654,-0.05389115505807549,0.8055719299955025)
(0.1886528464623956,0.9203820580562005,-0.09329506676795599)
(0.2215911783432451,0.42213201718870585,0.40822719806625546)
(0.1594542036024872,-0.033384847603400505,0.8572310609042957)
(0.17193291731833688,1.0358148130520983,-0.15437526047387592)
(0.22213933125482666,-0.04476000123675882,0.8437064500875607)
(0.1801789914443783,1.5989472691424997,-0.7598096573447498)
(0.23894089767956106,0.42264485314821365,0.3651556468168557)
(0.08357449889993339,0.24365672381546938,0.6351347521314218)
(0.17616614117593876,-0.09944204762951227,0.9757647996601562)
(0.2341091892058196,-0.003357991218771943,0.7759427313930013)
(0.2781068766570124,-0.10984589334871896,0.8412959181865711)
(0.1508138241127177,0.22300261578928882,0.5888169462187468)
(0.21618942948922304,0.32502483879499333,0.4508115914129522)
(0.10879526007117803,0.370557072961611,0.4973626569281037)
(0.2027805141898346,0.6934751613364506,0.11888295159365829)
(0.17675958036487563,0.3454204010654199,0.47147893142398506)
(0.17873292312496378,0.779762255971711,-0.011917272947479948)
(0.1956900022695565,0.463746209630107,0.3664888015353965)
(0.163790108246005,0.11561996380290375,0.6999293639655564)
(0.24820053338868933,0.20514040407156856,0.5831798848879413)
(0.3423141927277288,0.2255888022311475,0.513630698909418)
(0.21188993743485907,0.4433045268242722,0.3628948545153185)
(0.13734263550354778,0.3142092731629258,0.5571672940953761)
(0.1252014013418201,0.35855728372260676,0.5029975048148639)
(0.16449235305552387,0.3155514119374247,0.5382654843828868)
(0.22790205037552047,0.14558735145482807,0.6017059993486276)
(0.16672102524713142,0.6302833597242824,0.2075999016466391)
(0.18785191470802667,0.32055647848859575,0.4750484025600096)
(0.1546481287350847,0.38215315230845837,0.47220036958867634)
(0.15562085160625663,0.32033748694895336,0.5031346915247956)
(0.15793547052525908,0.21746543930778886,0.5680988416305031)
(0.07810122556579523,-0.06577855417415725,0.946036802619991)
(0.15977489433391584,0.34936820475425034,0.4833530952309011)
(0.2122690702341517,0.41792828192562936,0.35562368170818737)
(0.182625733070972,0.5730868544778778,0.21854642993591472)
(0.20345108198344672,-0.46722113259133596,1.2225313754565315)
(0.12199365520255395,0.9919238493570192,-0.08440588194582903)
(0.14198972876122243,0.21514734629956472,0.6812817789328028)
(0.12439467936342959,0.08560307658544386,0.8044150877073208)
(0.12776656469549647,0.4823431971639138,0.34921724801651927)
(0.0888055473194349,0.7921962779539055,0.13312328165270118)
(0.1721283101946756,0.5887587652431636,0.2085301921507948)
(0.17006502128519785,0.21669551861656855,0.5735121551626524)
(0.1667653547856664,0.17146337008023171,0.7030676663207184)
(0.19501055255005534,1.411880768212749,-0.6041639954929077)
(0.09233964257668968,0.6781245706663932,0.2460310475540163)
(0.16904616067263137,0.9350978715556634,-0.09540128746596407)
(0.09812227977683646,0.7268163163595296,0.19309551557457966)
(0.22355661659555878,-0.10875397642288212,0.9305290774043096)
(0.16589913292217773,0.21492381555620524,0.6396748908678267)
(0.09383730415566485,0.9156786864766338,-0.044377862534031025)
(0.2960440119604872,0.14372985423770504,0.5774171845449223)
(0.12303812294642893,1.3788020702777568,-0.5176852645340292)
(0.15545667965286128,0.39896523468492556,0.4411324829756492)
(0.23589883616156648,0.8852468121055866,-0.08121926519897116)
(0.20990740017664264,0.2753005202830677,0.5018998883586315)
(0.1492797026142882,0.6285499052725061,0.1754665062704822)
(0.12548274144480787,0.21799413172352766,0.6117946888474809)
(0.12044852104000194,0.9504681531623891,-0.06473439225125456)
(0.1997603420432436,0.3332050395592961,0.4639400637981977)
(0.31881918699577433,-0.25046628747974164,1.0078911163087387)
(0.17153190179228114,0.08076443542971169,0.6845554173367574)
(0.10986500149902821,0.4337031849465755,0.4404233384653076)
(0.2503896692129213,0.9922717313734288,-0.2427358713619341)
(0.24108523534218992,0.2956728144700846,0.41621466434307147)
(0.08645502714525466,0.47763893855865197,0.43207513715509466)
(0.15426387402940436,0.6630647683591979,0.22162755337712461)
(0.24289444462143725,0.34516731089086394,0.39847529795565884)
(0.1413970950302378,0.4931936580003936,0.3619725954220382)
(0.13251321273903938,0.15457919744107557,0.6781987316347573)
(0.13525150291381158,0.8917908149804796,-0.012766105310507005)
(0.14265438532419045,0.23703995339798248,0.5957091267535691)
(0.18049240146074355,0.5536164207365928,0.2964545265951169)
(0.1737823439365958,0.6112322954341985,0.25714603429545535)
(0.15180932992425233,0.7562283054912647,0.14130685787316302)
(0.22703323616713672,0.3070618402813089,0.51969480297228)
(0.1666443268167641,0.3714039225743609,0.44183672160028276)
(0.15444169919831222,1.0553688338897522,-0.23550600049391826)
(0.16172572167382357,0.12605682699530885,0.7181856010791813)
(0.10951115733386986,0.34279341035601685,0.5106768060929071)
(0.12116434163716415,0.18759541773630256,0.6943126114121058)
(0.1894473242995618,0.13396829436129296,0.6402956263901209)
(0.26357712441679404,-0.3738557880045806,1.117310785561276)
(0.3339414386835189,-0.2034810014080291,0.8722853486888492)
(0.19093864303526645,-0.2904157651821798,1.0958125843009958)
(0.18744602908585634,0.45913276115827417,0.3594217201490535)
(0.26575743792425965,0.08781623905977184,0.6747764816740316)
(0.2163373336166363,0.2864185759749338,0.527241544615944)
(0.17852183923413137,0.10860911851953493,0.6907163933363727)
(0.21302239080292318,0.3211082087664153,0.5132232869010238)
(0.17892865389808543,0.4948903948726274,0.32582234095667034)
(0.1959640566956151,-0.2722126091072845,1.0888871953727026)
(0.16392746824589638,0.9795937813854293,-0.14225723934720566)
(0.04199905036623962,0.4734914339726889,0.5127648737102439)
(0.17955361054218616,0.01095404284441868,0.8546347691051361)
(0.3697099172808213,-0.8653311305455504,1.5436771983983337)
(0.1998366336552223,0.33962460849854154,0.44741325742980054)
(0.1589819714116883,0.5624565481036332,0.2139924108305201)
(0.2506244422662048,1.1529789765741638,-0.35986362403510386)
(0.09155125065818422,0.1478274610222992,0.7375374005341239)
(0.21057623740146048,-0.34939013190094625,1.1551810209868059)
(0.2068219755439808,0.8275492908563677,-0.0034345615332619386)
(0.16121144724114403,0.7497719392005261,0.07413646917644699)
(0.21367840438786245,0.3423772367682059,0.4491002123074533)
(0.1783983912942314,0.5187764803613333,0.24860505475297928)
(0.22911766836392647,0.04844364685760806,0.7568884107535472)
(0.16958723191968628,0.5666042508856688,0.2829396123093211)
(0.18196272617364137,0.04117526345896517,0.721236265371827)
(0.1992446295879251,0.7119794152918408,0.06799783401170995)
(0.1435351545159528,-0.1511921708265865,0.9940758531175935)
(0.1253055732956195,0.9121812124905356,-0.044732716604905416)
(0.16032301378663233,0.538507438564044,0.3660268267313166)
(0.19264216723374378,0.632992139659474,0.1325244883774974)
(0.18503892151133766,0.6936424963079192,0.13325524386993695)
(0.19121659812244304,0.09242710233595992,0.7026351604291687)
(0.1716645778659722,0.2777907272147419,0.5432540714575352)
(0.186697296181291,0.7822561442873393,0.012890684480299338)
(0.12900134764697446,0.6598331175283132,0.17225279266148533)
(0.20208655060237737,0.034162107228807366,0.7508786275572175)
(0.1588805939238696,1.4295914292864984,-0.6387159636649812)
(0.1724238285282577,0.1877500499954922,0.6191647162168326)
(0.2630066884429415,0.28163056366010386,0.48351364094036114)
(0.24053478389030902,0.697453997281772,0.0843129398318956)
(0.178308054094457,-0.15068515956368195,0.9645444572407876)
(0.20971794297424076,0.3565594366147338,0.441471885812455)
(0.19180527975637174,-0.012116470251949271,0.8267295686381007)
(0.11681645809323483,0.7720934625962296,0.1229466573651339)
(0.15928050084932036,0.3520047526694444,0.526174949126483)
(0.19575446483897876,0.22618432449824677,0.606407207055351)
(0.20050938198980883,-0.09183977143511253,0.8703411723335475)
(0.21924776311690394,0.22026842164946123,0.6102295851071458)
(0.21105126193205354,0.8452291916421277,-0.040299248547699396)
(0.10756104220151906,-0.04435300273946068,0.9116577845800768)
(0.19476497609894777,-0.37267076845123587,1.1405283573227352)
(0.275263938579312,0.04507890605478443,0.6717275807723619)
(0.10215488559297528,0.3193784715265905,0.5784993279149466)
(0.10763413375874245,0.49150658120811813,0.4144837564877197)
(0.2507944700399745,0.7318168911225268,0.034025418811915564)
(0.12407739519975605,0.2229321044058096,0.6391966805616729)
(0.15803062969357715,0.08377700709385848,0.7659233184594012)
(0.11261887122430732,0.14538011207977697,0.7202563899705191)
(0.2278970425901018,0.5402163615424697,0.20790281393376533)
(0.16205613969661975,0.22673221400521798,0.6027220028854299)
(0.23271316322522262,0.04639474148344505,0.7303241868879548)
(0.18018469861105207,0.35257248476125735,0.5139900433133103)
(0.16271832182348078,-0.46321694780229106,1.3111920354512887)
(0.18331935170559904,0.20225264011581676,0.6179667495309082)
(0.24340259506099388,0.6559041452674532,0.12249305132039182)
(0.19606993386240085,0.5968478022469996,0.1999851586404884)
(0.20652562145018552,0.3552407539116857,0.45297994185743995)
(0.17144492432590144,0.5147388024710046,0.35370337986137457)
(0.10004250347047144,0.531048126849907,0.32876459274017555)
(0.13996153763113361,0.6657332931219919,0.23900499719089524)
(0.1485803915427069,0.37856015760929024,0.44195256429506247)
(0.13894078647346605,0.7101104600233982,0.17402521152628744)
(0.17250266923055205,-0.002808786860714702,0.8701174923358013)
(0.15900054771094285,0.109319968202818,0.7973056287626051)
(0.18060348354434128,1.1540398257383009,-0.3144413261058094)
(0.145795320886292,0.5649115923550759,0.2682504354428407)
(0.18856018337263708,0.6827015679833106,0.1080021934705308)
(0.2421436479473451,0.18946836733166475,0.5788547296651341)
(0.1604433628416753,0.9442849902454745,-0.12812253543883648)
(0.11948686813875509,0.7530222806467946,0.1470769402479032)
(0.24229748135189763,-0.05665400153026361,0.8504543840143824)
(0.18284384396613404,0.9542729072060705,-0.15131787805486444)
(0.10966462078023531,-0.0856423662876346,0.9698363396448754)
(0.1803924922413,0.6688946063470773,0.13868826151314795)
(0.23551642281420831,0.0555611744974637,0.7733755040817655)
(0.21295139136755398,-0.12284101298205317,0.9260948875180484)
(0.13630027084612878,0.22342263936333204,0.6246240667837913)
(0.22505454262806598,0.7960736963921508,0.008332532280541639)
(0.18683884225595046,0.35894139393577856,0.4510219320810428)
(0.12406027590999459,0.6641837997502013,0.21514760962114468)
(0.14489740196750864,-0.08593117673301517,0.9442708400030683)
(0.16368805270377682,0.9478985118175637,-0.05249100214457738)
(0.14517163053964643,0.32890070897496804,0.5162724682014478)
(0.15982962578712462,0.7220645297211258,0.08903367044611685)
(0.2001370584774447,-0.19881065561655203,0.9893966178301934)
(0.27209855582885495,0.33804847640400415,0.3998407939252162)
(0.32436405435201,0.4022703056808965,0.31213071337020154)
(0.18058866899752798,0.29133159145236237,0.4655565944227788)
(0.17963348482831312,-0.11307250955928289,0.9580600390700647)
(0.10482198755247282,0.15246148763597245,0.7374589895009684)
(0.2229452943562738,0.6725426454249814,0.10753251270711607)
(0.20703566378412896,0.47063720284511196,0.37203518034905075)
(0.18553691067564468,0.06503710222468896,0.723890831612255)
(0.1422133953905235,0.32846808500742464,0.5176695098379954)
(0.1854033474471254,0.48536140057569094,0.2987840380265289)
(0.2968035171279818,-0.013725944844336271,0.7161668046002251)
(0.15993328926535147,0.25422849453515506,0.5795072037915246)
(0.1219855424145835,0.4955205552282665,0.3503220775995296)
(0.13917265534690876,0.5042040592323732,0.3299056483480466)
(0.18909311911173335,0.2822904088157488,0.5155504534172313)
(0.18410673334870703,1.0460659102086762,-0.24920254504372408)
(0.17525913939316098,0.5692705133955902,0.2558471417456739)
(0.18856595619012942,-0.12881972651018228,0.8952306673688545)
(0.07012216605968467,0.016067680304686135,0.8971246986088302)
(0.17642584444982012,0.5447800221284355,0.25989806653336917)
(0.21343369845793114,0.13023812665112777,0.7037073244302179)
(0.24478957483271066,0.33579700605445917,0.4387834988376399)
(0.28380265890644973,0.11525100177221721,0.6603310890244143)
(0.21399219430194472,0.3706023484106863,0.40197572446690866)
(0.20695479882672563,0.07468472304339287,0.7393340662272441)
(0.17650229444214033,0.1695887206373859,0.6874620089773892)
(0.10253780499254551,-0.21556693752261583,1.11589479844929)
(0.24035168521051462,-0.1989181011801092,0.9874722261223525)
(0.2205572434082862,0.30455466402705783,0.4917846947033753)
(0.18735947705181646,0.5391384687138763,0.2628533609835453)
(0.1467396518404193,0.21352233638299303,0.6170481300419939)
(0.12885977212320554,0.5135949580425612,0.3491984732747021)
(0.20200481782350305,-0.17702718263349923,0.9563577765406632)
(0.16140382402829748,1.0473840020697907,-0.202444220354851)
(0.1602286534985414,0.7110173148385194,0.16818358015231052)
(0.21571284545932798,0.2887418162114854,0.4456961254817903)
(0.2502404657529872,-0.1307481681599789,0.8477329255402588)
(0.11906438100263567,0.1922877720373673,0.66705461150839)
(0.15122164215184714,0.31120910836374316,0.5125345767679311)
(0.156995694372585,0.7149612134824115,0.15902891820113638)
(0.21990313691278834,0.6393308486104244,0.21736298777257043)
(0.23644388407599343,0.35070438691161726,0.4323392506827135)
(0.14385470801937206,0.7875348638072326,0.011740493210675272)
(0.18838791208994402,0.5714872961204165,0.2313072331631936)
(0.14488197794563515,0.9050247966646783,-0.047291830610872235)
(0.1589721645596027,0.7078884225917061,0.11354322215280127)
(0.15855072469580708,0.6067629385475309,0.2216055290419858)
(0.2148254111593657,0.41118824157963696,0.3610269063318829)
(0.1514412271408874,0.3620905634987859,0.510733471845368)
(0.11837192570112885,0.5887236285234371,0.30524082575536104)
(0.24953389958092614,0.1828806630818682,0.5769297092678947)
(0.25997082398798005,-0.4287978496723856,1.1789711909718812)
(0.2118831156701117,0.23787232158632288,0.5788156281891139)
(0.13200998392912244,0.5952975841344305,0.21667581648461093)
(0.14872019989124485,1.2849702784372452,-0.47341832542197654)
(0.1789435718873815,0.225827213998216,0.5582171479583538)
(0.2376425586790668,0.05806380148502117,0.656808419769984)
(0.2257427505149619,0.8778511538015245,-0.0912059470756786)
(0.27131864215325263,-0.33271512060468406,1.034898006371417)
(0.1971649138854318,0.17743604366644788,0.6537627612614544)
(0.16239092533385732,-0.18727364504469543,1.0107404692785547)
(0.10447367597288765,0.9059290340212035,0.011832210629815447)
(0.226115573035627,0.04167567546623707,0.7352332080798206)
(0.1480189945485107,0.6201873741858123,0.15564359534075164)
(0.19421572001694057,0.35502095253841437,0.419282266099434)
(0.21809309654482892,-0.05090482097316108,0.8563671635210025)
(0.21059782933951643,-0.21051973973898763,1.0017139757084)
(0.27969385710943473,0.5470741322920635,0.2554575177726479)
(0.22082013820171614,0.054231053822303935,0.727877841014777)
(0.23986684664771432,0.2926284054228615,0.43215697786236495)
(0.19407828663275886,0.36099078743437446,0.4435437800839685)
(0.1310270786985683,0.8044348772235528,0.04865455646294299)
(0.1384439720549221,0.4575868209178529,0.34577349450117134)
(0.1307753748917697,0.3428472367611936,0.5079634118256673)
(0.0738157495406532,0.4368915544599903,0.45834668268124046)
(0.17052688469430666,0.10417845173583305,0.753595977715647)
(0.2506504815579701,-0.28353564214734794,1.0130142398910251)
(0.2628112977383511,0.8376881406020905,-0.038503246713787735)
(0.14904609265226754,1.058989546197556,-0.2224222856741446)
(0.20933417634612184,0.9792289467405181,-0.17052835962181248)
(0.11839553794111644,0.5672948506287014,0.3349343507130734)
(0.15791033826962325,1.0914415223285934,-0.21967784259671963)
(0.2371554446291697,0.6219337919625715,0.20317074889565134)
(0.11787626336549993,0.22998660305550245,0.6290379432323968)
(0.14179895876264578,0.26698538068584987,0.6064719436888776)
(0.18339663100551112,0.3218789006304587,0.47870876474931107)
(0.11573375061795918,0.06776281501022606,0.7899673484224161)
(0.1409710580293106,0.6474583711700848,0.18327172883962115)
(0.18217320503792975,-0.315216846099269,1.099121904838505)
(0.1441661133512378,0.9827824879150958,-0.12974393093728162)
(0.14579288985557015,0.17866077652372875,0.6252206567614547)
(0.20354237707434372,0.7850185071148624,0.0132437432579661)
(0.1113096150641332,1.1488281586768907,-0.27357543041856397)
(0.1253530926160696,0.4463794365085219,0.432463874045198)
(0.1223613564206702,0.5407162867621682,0.3388866726692795)
(0.19318584093944025,0.16432325050405294,0.6059215963942907)
(0.20362331617244933,1.0401294732527686,-0.23997158592163945)
(0.15510800355881305,1.1789751218400661,-0.29226183194413574)
(0.11626944636880368,0.1781942984265726,0.7092977420192551)
(0.14898199223015113,0.06544954953482399,0.7887729090385963)
(0.1350430023811403,0.7984266883784328,0.0934981455691889)
(0.2593255666017942,0.16570202371667822,0.6146557315352861)
(0.2602099818037208,0.4558232574857378,0.29746786645388207)
(0.243883020385954,0.12824464306862438,0.635906722965085)
(0.16102184867836572,0.5322325392482621,0.28087375271083437)
(0.17857258151300648,0.8525274812794769,-0.08433057717767445)
(0.20229323554024664,0.231746625286037,0.5285125481755316)
(0.23861372614353685,0.6487760863189059,0.12380415440894349)
(0.083000677413814,0.9029230899738988,-0.014970218306439204)
(0.23055934217580012,0.43197782730624873,0.34844328259561075)
(0.21448536282985492,0.2059414855702938,0.5963974205796263)
(0.2268788029695607,-0.04089263967164388,0.861817730534774)
(0.29797161524350624,0.716040066500624,0.05991066670215239)
(0.177112278328244,0.2257706449695849,0.5807521823262127)
(0.24071390674765392,0.14060263928292346,0.6519881689369185)
(0.19332333639503602,-0.11068151663377652,0.8963824940046141)
(0.24111895135592779,0.3160261087546437,0.4766009216641953)
(0.1670488005598931,0.69031180518574,0.1295824221453266)
(0.2134409255614726,0.18817413606082675,0.5757755445620929)
(0.12490925049064533,0.31782178289581786,0.5347101930196491)
(0.19190731223649798,0.6630922881755297,0.19021323186657585)
(0.20633263500329405,0.889580814818274,-0.041613095919494636)
(0.20065001450012818,0.7678067208504946,0.055336399698155646)
(0.09170034602188208,0.44940479795452054,0.39644259414976885)
(0.2875809568536797,0.17197350849300688,0.5397921498437231)
(0.23606627400270933,0.029213739032869352,0.7370198850906508)
(0.19276040192843286,-0.19830333415840673,0.966418939003839)
(0.1294801629276252,0.745229158299057,0.11001843115160209)
(0.13663880768975367,0.5934760564908425,0.2650549501713261)
(0.3014849918831976,0.11332170196391718,0.6075940535452763)
(0.2561174054089078,0.48409307071965285,0.2966334187658914)
(0.16839284897976647,0.6015807017317328,0.19072319174638855)
(0.2380442328078289,-0.02696565022793305,0.8192161550152481)
(0.16334821070164632,0.3605050265134527,0.475977388332746)
(0.21464868050521893,0.37611088265025805,0.49181681789058146)
(0.21259965951606702,0.3121574232197081,0.4761215009782215)
(0.11292376354313072,0.6951165164150561,0.17363898594218488)
(0.17509146891324584,0.3437702276630414,0.45836248066487945)
(0.22809084928434709,-0.18403688491643436,0.916054303391493)
(0.2587917343649688,0.7350285901263046,0.03074795846953643)
(0.18202893631567652,0.4580158273957793,0.3434111236602141)
(0.13414105288086975,-0.5785806101437256,1.3794444264924708)
(0.17608014735309563,0.11367512682062578,0.6807707504989887)
(0.21671721937755054,-0.059968543957150115,0.8563839408259603)
(0.19002363325852542,0.3854414443531782,0.4065721220385578)
(0.23629098208731664,0.7960605402166275,-0.015300186881943702)
(0.208843609517207,-0.09733989141819938,0.8827908486360211)
(0.13824925150180697,1.4473101101633097,-0.6208167005150231)
(0.18275661072321403,1.0643451921213287,-0.29803526825015764)
(0.2392584029365264,0.6927903645739539,0.11707719621546726)
(0.17806096121105844,0.2389555690672479,0.5549492707620636)
(0.13753294339843863,0.376588680369974,0.5185886975721002)
(0.184076692411264,0.7592020362548267,0.11470734028929483)
(0.17525506095323667,0.46656336165437146,0.37233015645115375)
(0.276293548107146,-0.06224040056315594,0.7479937151820163)
(0.19695643597232793,-0.05977158820249575,0.935858906951352)
(0.11310178027754923,0.4071862737151554,0.44129591583343847)
(0.16611446495662613,0.4147130527300386,0.4434913667580726)
(0.1288566956491042,0.028061864055193463,0.806149295814701)
(0.18269710219489727,0.8251811954562641,-0.01286259008424485)
(0.22439751773824484,-0.04893859453687858,0.791210459020426)
(0.2625869035669314,0.43394904161808207,0.30067078345527953)
(0.10127237673551895,0.43136024588687144,0.44166269992522605)
(0.2231997544219087,0.6011307530460543,0.20410078761342135)
(0.1726760271142769,0.19153856117246604,0.6169494613518844)
(0.22917640512716814,-0.18566956812084878,0.9891307764247732)
(0.21338217131543283,0.025470875850010472,0.7674596510135319)
(0.19330937248489133,0.4350036572346985,0.3755067242974508)
(0.26412734709334257,0.3447112728848425,0.44043998956892394)
(0.1801516749982342,0.5375209677987128,0.30175141378798587)
(0.17284269681416123,0.5462390970785064,0.25725028716759396)
(0.21465979263385776,0.16204581668776571,0.6133468278463956)
(0.24412535903456728,-0.15236515204545845,0.8977596827793278)
(0.2035277543127538,0.32655121076722365,0.4580147086094462)
(0.1611534304280501,0.23895089282127033,0.6524810995955604)
(0.18422622222057083,0.29440765640177874,0.5152789631567287)
(0.18807351396500122,0.6515216810292714,0.16537870996581253)
(0.1403823349827313,0.523736289181015,0.30384449302864835)
(0.18748898102354736,0.35403879063679183,0.4435155970515149)
(0.19990126135088515,0.10024349337989318,0.7168994172675834)
(0.13882324824007794,0.7917077440819854,0.04296480650236589)
(0.18855559064209818,0.6811379463038694,0.16571103880068436)
(0.24187464693893676,-0.22110600021775328,0.9659139563907561)
(0.1493217765163614,0.688212883495655,0.15993282059564998)
(0.27410039623913246,0.17655288234672956,0.5532474990477758)
(0.29945123196026247,0.5743319283083264,0.10750297464797294)
(0.23020868497925473,0.9514531633357003,-0.182942948260495)
(0.1764423049234017,0.33807628417081437,0.5142388879556208)
(0.12588537352718607,0.11395914807871795,0.7360046454397141)
(0.23086848910488283,0.13991529064354802,0.6155058497632077)
(0.2190869706784994,0.27637716215036373,0.5366097371921104)
(0.14940870108234774,0.7005300708785671,0.12455967199598489)
(0.2207479698151511,-0.38269355314485115,1.1855433923321355)
(0.18228476685559344,0.505120652402366,0.2907441040553934)
(0.22720198966045974,0.5011017041761187,0.26164371511938017)
(0.13309271510252726,0.09092989698438608,0.7523268243070752)
(0.2645582860084014,-0.3072550613869314,1.0415445345408967)
(0.22469407007710895,0.5213822820082643,0.2401176247858762)
(0.18277111413312133,0.6231334607556087,0.21115052776066992)
(0.22029380395853354,0.3728930314140046,0.35408539661816363)
(0.24815822779632668,-0.14799298975384545,0.9771818043888293)
(0.2792924136409767,0.3745226890551763,0.3727998591173668)
(0.20462577877678556,0.4093181343956036,0.42100813791955927)
(0.2126808248030799,0.1172773010815572,0.6415160795465444)
(0.18285993651037052,0.33337597948767594,0.5164423459300634)
(0.1622922624404936,0.28138155382352315,0.5315224146668496)
(0.09942892980078774,1.0496546014069752,-0.12572152145925025)
(0.1822122411712226,0.31139944068505226,0.46969625729672093)
(0.2083328618605287,0.20495831039391524,0.5232055042785946)
(0.18558476540818966,0.4237065962641692,0.36306627307474726)
(0.1675829171055279,0.8983853773393735,-0.11547666146034104)
(0.1881599844539907,0.7835381542597053,0.08074389231203036)
(0.1703482327874807,0.9350590090181301,-0.06625093791087294)
(0.19898691126217752,1.0753600151464442,-0.2463213094266863)
(0.2208388463981412,0.25771370025932494,0.4920276764404154)
(0.22670258665374024,0.8442024355117902,-0.06407553352691714)
(0.2447600167486323,-0.2178904908355332,0.9951898702317586)
(0.13949940451121176,0.15476878553517653,0.6868115126341512)
(0.14231263272994207,0.7019678027450068,0.1515127708815073)
(0.17427097237907985,0.6877741360304416,0.11158257607651298)
(0.137142624981329,0.5101314187769904,0.3638879073595955)
(0.18490259991900623,0.13262686304137253,0.6952182863647864)
(0.07744443152279494,0.3489036834665105,0.5411959019472649)
(0.1480773475900971,0.9676513080225035,-0.1297837019468924)
(0.2129871929975125,0.2958032070522017,0.45073895109251305)
(0.15194745670181897,0.852517026077882,0.01635703130200916)
(0.33667818000260985,-0.25742894242511993,0.9611862330109712)
(0.15765210418527192,0.5112487227610857,0.35640847751837446)
(0.18598015951574884,-0.12943362058174915,0.9515656751120152)
(0.21045209642128973,-0.10165393984694539,0.8960086574998269)
(0.17929897967765074,0.7855635416647785,-0.00991138501192722)
(0.19755656996016896,0.13593431194030942,0.7157289565849797)
(0.1847779575822024,0.34794231671044046,0.5076833229414762)
(0.22710236323151092,0.5317097543927755,0.27949665093024884)
(0.21810790223136858,0.8297816626075439,-0.07869457772124673)
(0.18753329289785,0.5978577789971258,0.24091987909203952)
(0.24731999223647871,0.3611140094487322,0.37766901384811646)
(0.1707267548624141,0.2431755265364146,0.5425389714744187)
(0.21303900293712444,0.3656322180713604,0.4395511675113079)
(0.16950906255487272,0.39972551222406566,0.4037017379801698)
(0.02730726633817246,1.1262897899840738,-0.18850963785785124)
(0.20154784171700849,0.8605806349957028,-0.09968607304320462)
(0.21018794375727845,0.3262424731241014,0.47661661124055366)
(0.14836651478181026,0.33210522862488073,0.49867223644227815)
(0.23517629625029052,0.2110196662732763,0.5645876522781988)
(0.11717243999406739,0.38968914056649384,0.4840865127659106)
(0.18980768658096403,0.056826446435223395,0.7445899955757147)
(0.15879010998266424,-0.02501820563006274,0.7949610495640608)
(0.26111065381309,-0.03541739202608266,0.7933905294207768)
(0.18767077018079964,1.1685628588531158,-0.3682265995699925)
(0.17108091676878678,0.32637851285490743,0.5240479204028164)
(0.06920081135589184,0.6202972172168632,0.24818469052184636)
(0.14088751541780034,0.027046256646330216,0.8495738479003149)
(0.23148946909806994,0.2865810274884133,0.5083992483224246)
(0.16752815873135063,1.0672330792785927,-0.24553653806808404)
(0.14337233768868188,-0.08889754923022017,0.9245174830943139)
(0.2110474897589012,0.35350956927408084,0.4181221970398927)
(0.26282312644700256,-0.014029655908705375,0.7387380161562)
(0.15120071720486566,0.5947380308012992,0.26805446892358514)
(0.20189217274866553,0.3655842850378088,0.45391766198891764)
(0.09069760360079748,0.6454760591948119,0.2658526320082983)
(0.1620448976794191,0.7311146801623072,0.10551818945187709)
(0.15175905862137562,0.5314285260811606,0.32168361358922914)
(0.08028847760005745,0.3114480628777397,0.5973550631765367)
(0.09764155228756485,0.42501576960860377,0.4726489222373925)
(0.11331834272301099,0.29056472023135566,0.6163069855781022)
(0.23503736895763996,0.6635064110708296,0.12917989553412365)
(0.0820006125312835,0.5536844654496775,0.33746896898759005)
(0.2511689917086556,0.40755817827116525,0.35609367017330523)
(0.15561606949588336,0.45823513306127817,0.36632879239481964)
(0.15601801168974228,1.0412518601811211,-0.22334595611297645)
(0.2209970279816895,0.6873528811857164,0.16008765060483804)
(0.1947644832160673,0.4578958112162082,0.32267446691581175)
(0.21217287232408014,0.5400862925765803,0.26783511188084036)
(0.23318927748829466,0.4115306752888526,0.3834399041712724)
(0.10153836174411933,0.4934831946788484,0.34280465483380984)
(0.19508303717481035,0.3358140438480038,0.5405230089337322)
(0.16083501933419841,0.17815555017181767,0.6354364699286329)
(0.13661973966258462,-0.20506748342366443,1.0831891224528292)
(0.19517133928386832,0.27111921761558483,0.5209570738897041)
(0.20851349111428505,0.5830022355735109,0.18353667308847596)
(0.15401904576554945,1.1420440332559683,-0.3096165752393114)
(0.1261825584237621,0.27064174097679516,0.5254102426783318)
(0.16265017075551863,0.27725957298307286,0.5480629754688752)
(0.20502455787246363,0.11597003778869762,0.6479894706205582)
