(0.6215130453748519,0.3822549410969134)
(0.7299312854988396,0.26536421384695846)
(0.6446132381808073,0.3567332909077791)
(0.5715902510705323,0.43527707734880666)
(0.5422747195568096,0.4436889557726156)
(0.5842362990505688,0.42325019528194113)
(0.7813665224494005,0.22308713715389183)
(0.6185570081833157,0.3863458740136739)
(0.7113637797742641,0.2896510387091975)
(0.7109237303174764,0.2890194751437724)
(0.9885450275395217,0.0035898687397013566)
(0.8377435873249092,0.14915253140897708)
(0.7643311183122204,0.23019007205055542)
(0.6812837627750807,0.31515705070198413)
(0.5369939156090654,0.4552100590728173)
(0.8892346216240286,0.12342601484502279)
(0.7357592741966981,0.25799186949647923)
(0.6083643609338794,0.39806873475135773)
(0.6081403051587218,0.38703736453856136)
(0.5732622992394977,0.4299614585364333)
(0.8288877392958744,0.180338614285217)
(0.7082516284106264,0.28701915184333276)
(0.8437913097933893,0.16052936204484086)
(0.6796227882568234,0.32122900300286106)
(0.6538680988484935,0.33772515887139976)
(0.8494441757007277,0.14742089938869413)
(0.6370783355846615,0.3647192971567392)
(0.4550908604948843,0.5574008681430563)
(0.5670376130988474,0.4420081539163557)
(0.7254775196486551,0.2723455369885309)
(0.6241151787517487,0.3761023026208304)
(0.4935503966621163,0.5086280386052684)
(0.7090545130068371,0.28602241546088025)
(0.6898784923211136,0.3096726495909495)
(0.7513119825723766,0.24280663231736663)
(0.5427037645636175,0.45587564676035514)
(0.5942762696532589,0.39759777033601684)
(0.6338357881345869,0.35945572597311104)
(0.5746210373858914,0.42299435776613076)
(0.6847466615701964,0.3047339282041202)
(0.6761794854263398,0.3171337100234957)
(0.7863209979088567,0.20725083315887508)
(0.6206442947676415,0.3859807210575387)
(0.7390685666685423,0.269652828808079)
(0.629996556972139,0.3815149867955456)
(0.5940728318911545,0.40583092514911623)
(0.6348718344855036,0.36235582021525203)
(0.7956014731359498,0.19293583406289733)
(0.7559813169467215,0.24568167349818548)
(0.7436798435231526,0.2528884652736535)
(0.6460306239410609,0.35390272558235925)
(0.6838781286569847,0.31008567744284254)
(0.8800020703263713,0.1232160454714048)
(0.6052465182190087,0.407080800128659)
(0.6678780008558558,0.33691751609867315)
(0.6505166473730822,0.35157286456776005)
(0.44549257889851485,0.5637209272685851)
(1.0717740012883212,-0.06434052838913282)
(0.5852098771545211,0.40778908411849446)
(0.7076064602476617,0.28418300955681713)
(0.7972853030026591,0.20601909287190084)
(0.7914260425372174,0.20015421539808576)
(0.7872972277558757,0.20804595869978348)
(0.747764291823424,0.24572934269302232)
(0.6091452300385092,0.3866152081750624)
(0.5719466399138717,0.4225599973735134)
(0.6435381133867673,0.3558201385555748)
(0.6859836220771541,0.3157293723935805)
(0.6104256139906973,0.3921990162324042)
(0.7135411575403381,0.2885588822174623)
(0.7766734314565622,0.21851741178525472)
(0.691240190791844,0.3090278338690412)
(0.6198043599390748,0.3789520934775847)
(0.5422607619284955,0.45113739133088415)
(0.7299479721949407,0.2712587135931922)
(0.4862066435314043,0.5163757482287112)
(0.6912885028211552,0.30761963852390906)
(0.6356112939390816,0.3714203528404375)
(0.5351851016620777,0.466243117913844)
(0.7736430374026494,0.22253505472777568)
(0.6355301199864039,0.3623563429485396)
(0.6068720714804724,0.38887576237092425)
(0.6057897928294422,0.3991439303733335)
(0.6347057848668637,0.36371709117966)
(0.6559999485142143,0.3494280516179595)
(0.7323294330494302,0.27887480876578397)
(0.6379582163318641,0.36406655601205573)
(0.598243774516415,0.3965464754378866)
(0.6971525333860683,0.2992987374685747)
(0.8319484539169679,0.15541107692725645)
(0.5868194926611642,0.4080610489528299)
(0.6616073832814523,0.3472232145342054)
(0.6326505739884227,0.36827947023022123)
(0.7061416579629376,0.29075044777426207)
(0.5720978158831774,0.43885804267067036)
(0.8165947486370926,0.17977430683020704)
(0.7434253517964475,0.24197218912915397)
(0.7718045371902941,0.22510930701633533)
(0.6970989573934411,0.2983338454367006)
(0.6777069212987828,0.33620726001782075)
(0.5662749519635606,0.4379260393390908)
(0.5759933235458036,0.423112429754144)
(0.6255345847317586,0.3759363997382096)
(0.7659384830998032,0.2473117766723566)
(0.7972316473655092,0.20227619589529017)
(0.6353185579985035,0.36854004814982344)
(0.41464015571095436,0.5977117596482185)
(0.7537851689103442,0.24618034111491863)
(0.7901548860707565,0.21810411821558182)
(0.7824540082697565,0.21181364885004134)
(0.5791875089333338,0.42363846095543395)
(0.42389210553817697,0.5717068409289796)
(0.8644567664845931,0.14100692406346482)
(0.6234293287409485,0.36752329425463)
(0.7378595700732646,0.2627803379671245)
(0.8924686045710196,0.1145847027816943)
(0.6713493116469934,0.34140057109306693)
(1.0161567732755747,-0.004986941546529379)
(0.9263147353573904,0.06287489966742695)
(0.6825286580913691,0.33326456750592454)
(0.6972822542954445,0.295021111227829)
(0.5426975858549101,0.4584113812948485)
(0.6846124833469927,0.3113011870759967)
(0.4739596887711956,0.537812015643314)
(0.7312814439741679,0.27371466751135676)
(0.7307619553466796,0.27744345786870295)
(0.8038527828115014,0.1895568093340427)
(0.7188113567022416,0.27711448139258993)
(0.7019038716111241,0.28696589581937454)
(0.9230489088925362,0.07142619119397335)
(0.4818021025648943,0.5122403271289542)
(0.7619970158655467,0.2494686795520044)
(0.8333858196821152,0.17065189218671264)
(0.6594560976310774,0.3313236509494032)
(0.8106019993669534,0.19434842970574653)
(0.4607432090185669,0.553107395399718)
(0.6159334324720466,0.3882864146131038)
(0.5837068535073744,0.4065978669189598)
(0.7458339208117363,0.2449263767805941)
(0.7778287518308195,0.2206033507084209)
(0.7365290466427873,0.2639183743865206)
(0.5772286969648622,0.4222833155492878)
(0.70235592032814,0.3079335385509035)
(0.4918762747092408,0.5159069500622582)
(0.7930048807331733,0.1918554454584556)
(0.7232890663479762,0.2744386171034213)
(0.5811452989543382,0.4130492023723662)
(0.5723569165188389,0.42905031261368326)
(1.0384188834334367,-0.039775076988903396)
(0.6249462264577541,0.35653435136095374)
(0.568829146652395,0.4244873936109474)
(0.6118717961367204,0.3876509000989612)
(0.7696416665722181,0.25126788415795565)
(0.7288165673543021,0.2818697537079104)
(0.4426311623997991,0.5617326878120812)
(0.48459687244937466,0.521805992111833)
(0.611668021122757,0.3854568939389978)
(0.8372952284394176,0.15851147916791544)
(0.7918109960019167,0.1924579864532527)
(0.6188450655369389,0.38554889028279005)
(0.6523800944697262,0.3443032242810774)
(0.6493371771829207,0.3474021408606808)
(0.8061051517598329,0.19709073897294693)
(0.7718100773563813,0.2329620063983946)
(0.5862633875725918,0.41727034314608286)
(0.5492758159736674,0.47109569604020085)
(0.7080064961973807,0.3054471424978632)
(0.5691282507145882,0.4407855871784107)
(0.7803178587085878,0.21549794134851055)
(0.5661041248913808,0.4363369427808694)
(0.7276354944635811,0.2724136453133101)
(0.6415439660221972,0.35772506567035167)
(0.8424466677563357,0.1629770381270094)
(0.743998510720972,0.2540897227372701)
(0.7718594604308892,0.2255622986376651)
(0.6591635810632956,0.33584329175618854)
(0.7246388113656169,0.2734010440450589)
(0.6976436637609856,0.30983607701090327)
(0.6946650210918079,0.30320423461032603)
(0.570572839050829,0.4262555791746889)
(0.6710785894609445,0.3214943477657968)
(0.5674000712133265,0.42829303867627855)
(0.6270572549910552,0.3638813083446174)
(0.5671511553245178,0.42956364534922675)
(0.5716620754868267,0.4408915769267963)
(0.8040319630593022,0.18755529946942223)
(0.7462544955515867,0.2619565972018542)
(0.7314857308077566,0.27666053700797516)
(0.9005853504853434,0.10786670034751171)
(0.8622000283853862,0.15569010205469652)
(0.6496893552160444,0.35113082734764023)
(0.6823641659806068,0.30705175062846923)
(0.6915036902863055,0.3073710467629809)
(0.6330681560968872,0.3494648128798883)
(0.7039760953585362,0.29896416715259383)
(0.7280764962622058,0.2622339745907839)
(0.6956449343786362,0.3022303716930704)
(0.5504296582881056,0.450931100693842)
(0.7642950727957043,0.22716300936323194)
(0.8016348637243065,0.1987834144567327)
(0.7198735794244225,0.275465228670704)
(0.6009872751647188,0.39645428124632015)
(0.6979423190247915,0.3091503626013817)
(0.8438332322790171,0.1558205751006412)
(0.6579462978487199,0.34365638021501205)
(0.5732433128567608,0.4309680062080065)
(0.7797815567795506,0.23656691338789823)
(0.8101602331401899,0.18521147424072315)
(0.6455846464769777,0.35147504928802376)
(0.6503788322903631,0.33118001999141317)
(0.6124280063661058,0.3812974632016346)
(0.7322451306831813,0.27045224670601076)
(0.5831322732251412,0.41241844629493496)
(0.3762284279556416,0.6286927195028787)
(0.6086142135343153,0.3810434829688021)
(0.5757198650126509,0.415771017969419)
(0.5310754216142861,0.4702007822479457)
(0.7182266015487687,0.27393736650344785)
(0.5991594551861216,0.40705815571563614)
(0.7362510304772013,0.2650894110538667)
(0.476185478747693,0.520862909667788)
(0.7863543371338823,0.2080383612309743)
(0.6878813832020699,0.31685496836279403)
(0.4813172014034484,0.5135094272628062)
(0.6047340885884409,0.40036881456977796)
(0.5693543621019053,0.43082623881700977)
(0.6417395908713925,0.3577658105325896)
(0.9590598779412728,0.04392975926759609)
(0.6468257450446225,0.3518182354425671)
(0.7674554086477896,0.23152436821880498)
(0.6650780165259781,0.3433047766871741)
(0.552985715689728,0.4457995245049648)
(0.8973939007806693,0.1117110552151174)
(0.7643322123370684,0.2303696970125974)
(0.6940613560184534,0.3086651949250766)
(0.7128947289784323,0.28448180974306697)
(0.6583947503761254,0.33976614936278104)
(0.8268497713520792,0.17001581690745562)
(0.6954677864101129,0.2963897786718744)
(0.5994757474594787,0.39566629502854866)
(0.7424347113099998,0.25431743226232645)
(0.6729561047635412,0.33054901271755327)
(0.49281813691440896,0.5045024341162977)
(0.49223117491854473,0.5132514935941621)
(0.7543364847580926,0.2517956736308848)
(0.7872471515197348,0.2197057858260556)
(0.5313447504345655,0.47451192193744013)
(0.67114214747938,0.32915831875195467)
(0.8734799849084032,0.12674359990443168)
(0.3217796823472688,0.6749170675786171)
(0.4171514591098031,0.5857386706383835)
(0.7955391174128833,0.20626134188471468)
(0.6539235620643197,0.349678156495572)
(0.6681904712080095,0.3323396483212711)
(0.6825752598365936,0.31495202170454634)
(0.5708204408479847,0.421061145433136)
(0.548907853596879,0.46279123809927714)
(0.6264193640806475,0.3805187364492595)
(0.6224366023221635,0.37291257869197436)
(0.771503907109392,0.23878875053693482)
(0.5672352933626005,0.44596908688943415)
(0.7894291630588863,0.2083108958517696)
(0.6456120465410483,0.3495159097129995)
(0.6468841241119749,0.3513830931853987)
(0.7481526556698818,0.2501596647993595)
(0.840559408356262,0.14395558857182378)
(0.700014235317119,0.30176656040716066)
(0.5870685648920106,0.4181416355867166)
(0.7633547883784486,0.2341621668731108)
(0.6263895090514027,0.3782075967908638)
(0.9048039306568335,0.09667030493256806)
(0.5562366719185088,0.4457247387121587)
(0.9449619166920105,0.04456779857344827)
(0.622926224991861,0.37967999952355114)
(0.6544108660016829,0.3485228782555611)
(0.6377884946199004,0.35728546101258496)
(0.7615053700912278,0.22757585546758446)
(0.7045358826630433,0.2945272357794425)
(0.7497774571952099,0.2540924810872079)
(0.7783410714610967,0.21837854621865094)
(0.7374263100398023,0.2647314919144112)
(0.4608632535187719,0.5397103160187683)
(0.7410817383339721,0.25682816832945615)
(0.89630104214449,0.09839109924348238)
(0.6427537645778141,0.360282180582896)
(0.6318179472773418,0.37027763759771887)
(0.49950677201519156,0.4991627639762112)
(0.6534988527878088,0.3464382487518294)
(0.7385771819376903,0.26708669123065354)
(0.7054978492388806,0.28711520172604366)
(0.6024686008329828,0.39840124257889387)
(0.5553682157680364,0.4511520323243491)
(0.772493078377919,0.23056470647804675)
(0.40385302145634516,0.5849939902992358)
(0.5911143206441911,0.41611447154229214)
(0.7350538270557824,0.2636998622899858)
(0.6601234003241436,0.3365619778368505)
(0.9483972876246283,0.05385198968391169)
(0.6630887963874196,0.33654289549757915)
(0.7645982347578907,0.23241159553392407)
