(0.8199762732361269,0.16970613624473269)
(1.040067001345782,-0.045456465365724556)
(0.86401370258676,0.11370356370827024)
(0.8589546596476826,0.1328664957768335)
(0.7267626170569592,0.27667407611049377)
(0.9225491789088718,0.0681994130102499)
(0.7608537356357896,0.2316942392422479)
(0.7244319746538899,0.27912956239717607)
(1.166741698427171,-0.15803897448816437)
(1.172119444840018,-0.1715102767774219)
(0.7027466356140532,0.2956489164095979)
(0.894062808742418,0.11777972805977499)
(0.983237074251567,0.020085781197518148)
(0.7317408142531022,0.2724932389481366)
(0.6585507916625563,0.3422875297625981)
(0.9039987577764962,0.10198426537863034)
(0.9179636154592479,0.07819012900431935)
(0.8764556454947326,0.11911324495607603)
(0.9591496534358263,0.04714063048653155)
(0.7188519620205019,0.28960499117890043)
(0.801693186961011,0.20360033724029974)
(0.8209582692044334,0.17818384103444135)
(0.567891141165636,0.42756602854935094)
(0.9889591784822027,0.019054456565924284)
(0.6726039252718912,0.3161576640473813)
(0.9364813338397711,0.05568410778426514)
(1.0299252933797187,-0.025161351364691945)
(0.9379160215139464,0.058220751878166076)
(0.8602170075195215,0.14163320245895822)
(0.8153450953193616,0.17912011732851132)
(0.8809356986357819,0.11423815975015386)
(0.802676103483999,0.19721452584189478)
(1.028466907875469,-0.02709306086613161)
(1.049784823551642,-0.04210025560125756)
(0.7897661342690474,0.20712958323635403)
(0.8899605487642572,0.10391291676934762)
(0.7178395705287265,0.27622347780977957)
(0.7327716925327465,0.27116808283526356)
(0.8520286534444944,0.14278919076400942)
(0.7795539671538391,0.2200738694091467)
(0.7169236810957521,0.2870881727512497)
(0.9248959557826525,0.07907709135634354)
(0.6787088627916031,0.31882619263584866)
(0.8102476018890581,0.1940127280344972)
(0.8110623704174761,0.19508922933725556)
(0.7812130429391945,0.2152895450659455)
(0.7311479171511486,0.2630027270443981)
(0.8293497991681422,0.15817467408610592)
(0.7633726422455542,0.2383970464876164)
(0.735260219327533,0.26352400507805923)
(0.8508482301182146,0.13914887266363343)
(0.7057115423701061,0.2905970091154444)
(0.8698764808441612,0.12921358611323197)
(0.8548884361136485,0.1463285087703847)
(0.8629334949589589,0.1429734956738844)
(0.7079068446240406,0.28523166944073003)
(0.7006291061334857,0.30834335962236703)
(1.0432445132968726,-0.05173231045851065)
(0.6410266540672452,0.3628135971668444)
(0.9522444198377285,0.04157564847432272)
(0.8454395630174439,0.15565113783299586)
(0.8678775262740164,0.13652129189019194)
(0.9563113619177721,0.05658381241313255)
(0.8758998913290674,0.12757248821105563)
(0.7688451918686915,0.2308999278808578)
(0.9407552266866653,0.0607218161003289)
(0.8328609604608168,0.17628583408424128)
(0.8799542832549251,0.12119979387567817)
(0.6589600440780912,0.3393929980684762)
(0.8944203518929112,0.10000758798893977)
(0.6712325297857246,0.3230126929071436)
(0.7057593131636503,0.2965111955783196)
(0.9154270767611653,0.08557530675687222)
(0.9557423977597168,0.05074797321169328)
(1.0849724192807682,-0.08303449989137165)
(1.0393588505425002,-0.05446732702662572)
(1.0257404748009673,-0.037072216357348385)
(0.9143962028984298,0.09747472566444915)
(0.9974670994124788,-0.0035784505838367202)
(0.7434598864939524,0.2747229931962686)
(0.855931345288865,0.14763117784085542)
(1.0216361180927898,-0.023773084099090666)
(1.0283585344962056,-0.02522982454362858)
(0.7640431799022541,0.24149989643944905)
(0.969845150161456,0.030270442015113263)
(0.9784566700474512,0.02196119060521329)
(0.8432993344532118,0.15312382958812384)
(0.8457889114502226,0.1526383387645935)
(1.0491933954354105,-0.05394064354369151)
(0.9418696196865165,0.057660591084978084)
(0.7412314672120603,0.24931953559294726)
(0.9139335460630563,0.09291561593620658)
(0.8785693375364337,0.11696414925326347)
(0.9024248118858551,0.09587430225476917)
(0.7611914626462999,0.24150390626271556)
(0.7571650012305382,0.2449782239332789)
(0.939584922257953,0.06197778189429448)
(0.8378489705660681,0.16646816812655604)
(0.8457873584337494,0.14699848888273923)
(0.8044744669010521,0.19602627278783546)
(1.03160056811847,-0.02713757717620384)
(0.9086042002933696,0.10139215578698696)
(0.9194618716184318,0.08550480473855868)
(0.8472247581303897,0.15042941240731572)
(0.8432905404610332,0.16101542980089295)
(0.8963055954445467,0.10373446252548814)
(0.8898112564318569,0.10233537634465145)
(0.8485126513505625,0.14945158152227994)
(0.92802796602664,0.08179481196103461)
(0.7349520025283721,0.2605258673335272)
(0.7287544754700616,0.27965863155096476)
(0.9070334244881437,0.08851921018700855)
(0.7502752433672877,0.24790300435032642)
(1.0660467651930219,-0.062245358114884464)
(0.8050665571944378,0.18969542580525567)
(0.7461807252929116,0.2458116788383692)
(1.0029700290712171,-0.0016219820622980325)
(1.1059787679181219,-0.10481985691344733)
(0.9495832375179998,0.052898533320143916)
(0.9914490404840974,0.013025455381992372)
(0.7676933795212448,0.23195259450004438)
(0.7961849808906096,0.20278898275083937)
(0.9498806406231801,0.04900446099626231)
(0.6941022440413409,0.31589857535404237)
(0.8124532397893963,0.18828908073574097)
(0.7709067544036085,0.22631222995093983)
(0.9886832853731732,0.007881202530720516)
(0.8130696280941019,0.1919768465318184)
(0.9132051194918488,0.08261245733615494)
(1.0439807753188783,-0.03646654009985466)
(1.0530529356129563,-0.05106231907342033)
(1.048986819861268,-0.04948553403408753)
(0.8884769855848493,0.12298714382936318)
(0.7895874693273903,0.21413034891108831)
(0.7957261447958188,0.19558007424820717)
(0.6256650812836014,0.36739255191286246)
(0.8426401694009796,0.16376102442671656)
(0.8114190397641645,0.2057433095825692)
(0.9506585232817496,0.050011111588930665)
(0.993317047959111,0.003450234930400978)
(0.7311662387062249,0.26340071653026925)
(0.9667580201067257,0.04740961331988721)
(0.9355467233890253,0.06429650084813404)
(0.8175301051963773,0.19476657063311667)
(0.7876533800153573,0.22605159493785268)
(0.7001793494327548,0.29886402889670016)
(0.9532989526737339,0.04426253351769057)
(0.9915191947766194,0.004101175629285073)
(0.8598263341865436,0.15094508562576192)
(0.8755052803856734,0.13282737397234573)
(0.6579368726291905,0.34614349260826366)
(0.8175116132204547,0.1890746055691912)
(0.761226777863797,0.24223346235589704)
(0.8429342745586057,0.155490298683838)
(0.9544067616860641,0.03881502796530605)
(1.0006461956759707,0.01042536142436317)
(1.0144238629598292,-0.014785807068605977)
(0.8312688882382734,0.16639153911558846)
(0.8614953968667826,0.13094837732943887)
(0.8759500236176039,0.12011480545524335)
(0.7637553849171085,0.23276454321536902)
(0.8627065501082574,0.13454831113849064)
(0.7195127873333542,0.2723761692892893)
(0.7818653031570388,0.21546653762341708)
(0.5675111787238276,0.4267637400189296)
(0.8723267693326952,0.12321130410215379)
(0.9197256481665266,0.0836068024422454)
(0.7591987207838277,0.23496753159593858)
(0.9568759456764934,0.04998423655311874)
(0.9860524112017761,0.025012037606827724)
(0.7469685377697489,0.24522164837265678)
(0.5787179403802746,0.42656741345311466)
(0.6430705399809923,0.35522730832678795)
(0.7803568622134066,0.22015758165690844)
(0.6961263742360446,0.3172295259358115)
(0.7472711444445459,0.24925177841887158)
(0.7585961909656324,0.2410591419528931)
(1.063027568162025,-0.06261870188010478)
(1.0125236793363803,-0.01072965365357391)
(1.100292782108542,-0.09228958048048522)
(1.1852887696436143,-0.18801562326928783)
(0.9841274406174924,0.017164017128012087)
(0.7922306337348476,0.20939909722141337)
(0.7793827024274512,0.234615440227558)
(0.8422874888974802,0.14916812759939457)
(0.6864276965368756,0.3090681235370105)
(0.9180458333017951,0.08631609416402587)
(0.7915824507973969,0.2003617841890018)
(0.7467588531334263,0.2500452590504937)
(0.8751078096614118,0.12298152819553847)
(0.7738494191565184,0.21647858211689058)
(0.9505151118607857,0.0474478182009935)
(0.8124592376236985,0.19398221817632713)
(0.7893404042088175,0.21608118111677424)
(0.8076486764091341,0.18727355250778002)
(0.8941000492633416,0.1091883443760138)
(0.7484239304370882,0.2543569703883629)
(0.9365981938672489,0.05923807784487149)
(1.0000892723729704,-0.0005678866165126673)
(0.9790031486696756,0.005638040409592548)
(0.8230209416125291,0.18154597685829862)
(0.891300978415329,0.1091974632337489)
(0.8319852849124691,0.17746914748277248)
(0.7942848636121047,0.20947867627306788)
(0.6765299121838404,0.3278499400694519)
(0.933493080094588,0.07181003361702694)
(1.01391169140236,-0.014273150890474309)
(0.9376171105385102,0.0548765694935805)
(0.8159029435428485,0.17306735355898148)
(0.8362007230601197,0.16597648325496775)
(0.7153574275372707,0.28661381464125024)
(1.1262218920205298,-0.13541925062321566)
(0.7061427097313937,0.28763998101105437)
(0.8866182632005719,0.10230278718189834)
(0.5835120549291132,0.42635537210751523)
(0.621753741598529,0.3739914628094319)
(0.8519109933409484,0.14829055750781672)
(0.7436838437049346,0.2602973763344528)
(0.6656938178172794,0.33890885234470614)
(0.7949893718189985,0.20902696601860857)
(0.6608919753998478,0.33639984331251843)
(0.6949189836414505,0.30787494465299114)
(0.9261373245716794,0.07754855850642058)
(0.9053916259112141,0.08824440855790394)
(0.8008250546992425,0.2006036381294793)
(0.9502140209542188,0.052721870078111625)
(0.8932235320534033,0.1094857439212169)
(0.6744643403828463,0.32525463370834656)
(0.7839916178018826,0.21439939881621314)
(0.946451439497629,0.05575151765363053)
(0.8569067871607364,0.15162326447977287)
(0.920574055852017,0.07074768260481731)
(0.7512519538883239,0.24268580070240334)
(0.9715223966549877,0.028396692977277812)
(0.841997727552222,0.15890731942990613)
(0.9834709568878949,0.021869146416210145)
(0.7401121372117863,0.26486865954812455)
(0.907283402894744,0.08334792862986797)
(0.8532872027771709,0.1404823280369442)
(0.8251937133852064,0.18416644649602867)
(0.677093392680459,0.321580005614155)
(0.8544377959024305,0.15535389872656882)
(0.8659451225468076,0.1342310637479558)
(0.8837264006593787,0.11406142696499252)
(1.0136161910199815,-0.008662981264921281)
(1.133829998643742,-0.1292100417445788)
(0.8375081857498518,0.16645408385749275)
(0.6537202586276463,0.3480599384592652)
(0.7247125095346358,0.2916514687640791)
(0.8467092616638408,0.1554523433862907)
(0.9382142867509817,0.06055314067582986)
(1.005305644462783,-0.003222440536794839)
(0.862952889125298,0.14501430797381062)
(0.9527984418116929,0.045630211712924564)
(0.8076801437907485,0.18600030362129918)
(0.8824905855336121,0.12052011027321355)
(0.7473275892798268,0.24936406875877215)
(0.7675774060626863,0.22857347484081011)
(0.9996425665844437,-0.0011180014318740755)
(0.8463182028124463,0.1648944675547697)
(0.7069676617427931,0.2933576578289151)
(0.9789721564735532,0.02199214845362688)
(0.7647943101818793,0.22171213770734458)
(0.8790776451132185,0.12249755670977545)
(0.8533305395830694,0.15188228308726964)
(0.6948922180255058,0.3048560546504757)
(0.7864428986762009,0.21491991509049)
(0.8876369734975759,0.11420795615632333)
(0.9530546715707757,0.055083224117495846)
(0.9532724559759872,0.04243568971688522)
(0.7554920611021663,0.25637870618779685)
(0.9297008526037476,0.0722105575511028)
(0.9151243275341652,0.0873128292881191)
(0.804020464074423,0.18943195099331486)
(0.7980267663983229,0.1998005201119229)
(0.8950822831913218,0.11034829302156117)
(1.0394403771133762,-0.0322814985917387)
(0.764801030784827,0.23195572644849194)
(0.9459786183057487,0.04052740073585191)
(0.7642703724997963,0.23471383367685442)
(1.1884810413747933,-0.19053929211579626)
(0.8902896541933508,0.11488752240455735)
(0.9985348702455686,-0.0008392803338614101)
(1.0749158673214523,-0.08379118859244548)
(0.8662535636301173,0.12904686364941678)
(0.9178226310215274,0.07840233991904298)
(0.6789948383739415,0.32025091573933995)
(0.8466730581134563,0.17363959629282832)
(0.6415295850510951,0.3531812447461016)
(0.7830794093629319,0.21620495725031566)
(0.7607008535362747,0.22563619720489758)
(0.974105249372187,0.027370778055060444)
(0.9824314910484933,0.00931796125489397)
(0.7120592191886538,0.28852189046369314)
(0.9026354431448705,0.09601312058151394)
(0.9000914704171175,0.09613094163559689)
(0.7874922635714818,0.21697045533713552)
(1.022404890665153,-0.01439824295401784)
(1.0742817509202998,-0.06766912888370258)
(0.8501576534516272,0.15213965044467853)
