(0.2008322562750106,0.6384308252354258,0.15895544660174812)
(0.1925525169896387,0.699190451906722,0.1123206573136927)
(0.1784476138873373,0.6615345831237837,0.15577282033154313)
(0.1881569406283548,0.6319454468367256,0.18203460981135466)
(0.1897407410750312,0.6654767170764352,0.15201802006892706)
(0.19232198429054706,0.6843467996878154,0.1257699017729067)
(0.19527668892339134,0.6006824477960002,0.2117186971969696)
(0.19024044075896768,0.535360434931996,0.2727664973837814)
(0.18143307825938543,0.6587857845058689,0.15444203260769157)
(0.20668934386494356,0.6152670283801732,0.180071136848081)
(0.1860099807760754,0.659388712589281,0.1570715991395043)
(0.20787708729838159,0.5459086476360611,0.24772894105238702)
(0.18466409408888873,0.635462890740865,0.1789939321674507)
(0.20228398994064653,0.6038209438694581,0.18906589102393986)
(0.19499569261910046,0.5610419944718429,0.24091833545974622)
(0.18053310515604576,0.6387147583983975,0.17553205351689702)
(0.1953818082472309,0.5684101780901455,0.24236850998613918)
(0.17879130812918634,0.6401036611136289,0.17257417328598204)
(0.18343137123129294,0.6829220255590692,0.1267877487805788)
(0.20866263725484704,0.5652022192831373,0.23629622664542982)
(0.19206010599955647,0.649605548929928,0.15182296128140157)
(0.19466364928976918,0.5362531588002611,0.2683000738839442)
(0.1722726073333474,0.597835537181057,0.21372311271967342)
(0.19124938314634624,0.5608466996623779,0.2428908374339839)
(0.19732873836352727,0.7028582901660768,0.09858226448049119)
(0.19592249388373173,0.6098877707532102,0.1944893412454515)
(0.19302151810746118,0.5596208062461224,0.24700465313681289)
(0.19644066115419453,0.6380837467662178,0.1730217444172572)
(0.1910448545883202,0.7317306206626487,0.07562138961118124)
(0.17508156653693244,0.622525376410878,0.2014826356165644)
(0.18938169807307534,0.6252826346273876,0.19487688337757905)
(0.20131680117226117,0.6211209858985494,0.1853646695146543)
(0.20872237201227148,0.6550005986978061,0.13955542205494)
(0.19885279797809016,0.5847413669393435,0.2175801919900569)
(0.19002317901165194,0.6028852001086189,0.20339773702620184)
(0.220974873863309,0.5606106042974079,0.22341566206435745)
(0.19773971712354224,0.5933257887293619,0.2165499319085966)
(0.1834536538108622,0.6524884406452036,0.16170939002400364)
(0.19144068394816985,0.5749112531736648,0.24303875921248355)
(0.19677570080680798,0.6555356046482687,0.14067387360448128)
(0.1946087254908028,0.680878540996329,0.13197986989765967)
(0.20624226986887903,0.5674308224476609,0.23042482463669606)
(0.2028851737438769,0.6169530417938986,0.1802699058945645)
(0.19192885568853474,0.6691213929951204,0.13690055353011427)
(0.19688049444487637,0.6185544992276227,0.19367298394434576)
(0.2111343031537178,0.5698869322435615,0.22787348725672035)
(0.19069789153443362,0.6284729114074717,0.18046534586259053)
(0.19996157658439354,0.5392395079308065,0.2626796572131214)
(0.19822410369968776,0.6499317603875678,0.1516326102254016)
(0.19643948222778457,0.5361157933950946,0.2660892832796558)
(0.1965159934271292,0.6816207145750174,0.12966989326192274)
(0.18706019536814114,0.5301366057089366,0.27816435745472684)
(0.18871716737414773,0.6889018365233536,0.12783161950355174)
(0.19502147050131147,0.7560485520211344,0.04741276454304171)
(0.19380835436004,0.578556508691253,0.22425208499790072)
(0.194160265487721,0.5855500113262295,0.22124883882012153)
(0.19661209496515297,0.7193143721326221,0.08000834823112819)
(0.19672345939976355,0.5983656227133285,0.205505997370667)
(0.19330722287136293,0.6275770106100372,0.17831858344221518)
(0.1832320610065728,0.5638110129758146,0.24926358974453644)
(0.20199548497801595,0.6233310145268685,0.18191277494239969)
(0.2024991460605804,0.705373173163763,0.09378151002300285)
(0.18788014794500618,0.6312239019472405,0.18505444346541283)
(0.20074953665003492,0.6230713470904158,0.17302739943874268)
(0.17995354428677893,0.6538804321974812,0.15966483949526386)
(0.190047438951538,0.6407326520766741,0.17492846652022112)
(0.18775343142677944,0.6302282993977298,0.17845245214024796)
(0.19670900629854857,0.6272213906228644,0.18112125505834883)
(0.23080311792802546,0.6024030199320733,0.17248784800742792)
(0.18468444568517506,0.6001704170003502,0.21288404126550536)
(0.1799690885966517,0.6149819782649917,0.19655821629427525)
(0.191523109235195,0.5548644950986187,0.24285987194357844)
(0.1894392820440675,0.5187553499103448,0.29379158105447134)
(0.2040918886904593,0.5335675588795167,0.26122778225234716)
(0.19414809295490204,0.5990301710153153,0.20325953408427588)
(0.178589115387178,0.6012148690558188,0.20779546781304115)
(0.2200319084934319,0.5170119746943919,0.26753614029868783)
(0.19341837383761182,0.7577653934237758,0.05440741838695916)
(0.1831138315063963,0.6286830591271152,0.18220252816478402)
(0.18971896121740636,0.5837170196236959,0.22824961638842733)
(0.20358373273902688,0.593537329447319,0.20695155021969794)
(0.19149230402278536,0.551477598846203,0.24945406082058866)
(0.1971660694351628,0.6512189290874981,0.14808029129945782)
(0.18179444065731185,0.6259379632354615,0.1849951948405194)
(0.1807343537778258,0.578276345860479,0.23875117562329506)
(0.20337572568313816,0.6340984284838329,0.16704221460199611)
(0.190263857612505,0.5855588187497835,0.22356432035295157)
(0.20208969769644755,0.657212941509054,0.14223993604489843)
(0.2111384739001652,0.5896949150146015,0.2026461733770701)
(0.19815677250701785,0.6555120749783434,0.14713492173837248)
(0.1929003553060543,0.5937614804411202,0.21579632498171278)
(0.18790256272321268,0.5491149628783334,0.26330856068781616)
(0.20495603137819632,0.5741144053142574,0.22434600550585423)
(0.17876505574271573,0.5423513737118669,0.27472796580444336)
(0.1971999246439613,0.5263318929930348,0.2741564274884424)
(0.19185304554116722,0.6214024346873471,0.18007881197180386)
(0.19829784590173236,0.6169571385842969,0.19193832063793317)
(0.19199558192002122,0.6753740234084236,0.13663975041281629)
(0.19075206100176784,0.6699545212022432,0.13549662287489384)
(0.19997250643733575,0.5797221451456908,0.21523333378325982)
(0.19212549888765074,0.7184232177415907,0.09198791337254668)
(0.2197080123391602,0.6886969646737992,0.09933005253532215)
(0.1917995781649407,0.6374872303469925,0.17715900291711942)
(0.20220385677569094,0.6278350435863314,0.17850233998880424)
(0.18463743860474388,0.5605912229002848,0.2456318263256429)
(0.2113567051202026,0.5476335577476787,0.2430781496607726)
(0.20107240071397403,0.606837529732128,0.18709455742447362)
(0.17214678206200154,0.6661234591793036,0.15928294860928094)
(0.1887767555204118,0.6091594366553446,0.1997013676395533)
(0.18820737459606207,0.6559812705473475,0.14956914571112687)
(0.18021896940002408,0.5647767351330959,0.24597977451075742)
(0.19694028689700865,0.5870787293444856,0.22116766498786347)
(0.1818866461739367,0.6310639013845689,0.18090767584042883)
(0.21539912802487135,0.5881035041329696,0.2056241687906976)
(0.19243774508644265,0.5269873526048466,0.2864821467006562)
(0.1901249635427318,0.6294405976554738,0.1835851043068516)
(0.204609851250309,0.683801450578596,0.1012527740576206)
(0.18933676712923336,0.5903717264416725,0.2217212741877451)
(0.19532397529373802,0.6648194568855714,0.14679060340299865)
(0.1815838393768306,0.6409098774849448,0.17113464814695867)
(0.1918735892851838,0.7340749168798661,0.07762255946437556)
(0.18064855552465264,0.5361848829400094,0.27269219688141266)
(0.18597127840809044,0.5641921996071988,0.2512523337776557)
(0.19301111661163994,0.715205223437553,0.09681518433854851)
(0.2006190207477091,0.6084063172918526,0.19835071953507966)
(0.18526429255724602,0.5868001855754396,0.22454824413538968)
(0.17839726745582613,0.6718046714161208,0.15013880864459236)
(0.17820000443480058,0.6492334462858054,0.16979202761220435)
(0.18633000608434763,0.6052003750089319,0.20428862936363015)
(0.19589892742117598,0.6272559760699509,0.18478114913739332)
(0.19123762604938055,0.5997083426114445,0.21183167000435074)
(0.19022270446944403,0.5774428193643488,0.2349943784149334)
(0.20265697858269993,0.5727517332408226,0.2316492557032432)
(0.1830579395665928,0.6653003854182156,0.15302386319793593)
(0.1816488566078778,0.5513352949182276,0.27157776531101674)
(0.19204163409386282,0.7691294581360607,0.037765254899067166)
(0.19214949348305613,0.4953892007728696,0.31186237875570866)
(0.19503742558823933,0.5813599880902035,0.21863542699122185)
(0.19790514015692368,0.5988995660170756,0.2005003708521031)
(0.19388691331242502,0.6084832146393448,0.20531126330654334)
(0.18387220507657442,0.5832612424621031,0.23750045083443244)
(0.19813198560307965,0.6281970865833084,0.17446278853452835)
(0.18679120912242594,0.6446369815564236,0.1642660779562804)
(0.18871971661634812,0.6396373310233672,0.18064775349711548)
(0.18974402178848104,0.5622389214302763,0.24165955227236588)
(0.19529375410208585,0.518104562235025,0.29159824796094114)
(0.18714889800517553,0.5960919721604084,0.21629578842018118)
(0.19704510307581263,0.5702900190324881,0.23303255049401525)
(0.1858879408186338,0.49731385816085455,0.308958825670399)
(0.17446287131142327,0.6264989335009388,0.19023576478504034)
(0.19293535197749034,0.6801808936320118,0.1230288066017256)
(0.19054878026528285,0.6874758486670924,0.12177835344006385)
(0.18278404366147497,0.5965803894962436,0.21158800084447746)
(0.19347318012359857,0.7012070722603144,0.10600680775974293)
(0.20171919174254896,0.6094134254676338,0.19773957378640805)
(0.1878083879853742,0.5624801529807176,0.24829654941288695)
(0.20738325389173767,0.5987206622085746,0.19351743425687545)
(0.18886669539266088,0.5494980397628819,0.261660622740509)
(0.20795652355860222,0.5583885377409932,0.23655734176193058)
(0.1732345170134759,0.5826234905908512,0.2316613194918647)
(0.18529019196541271,0.634546300545299,0.18336316858459004)
(0.18705267703713244,0.6111936738164596,0.1970116754406661)
(0.2018500363574125,0.5855378752267684,0.2226642599560152)
(0.18636892129402235,0.6434369609292093,0.16859930926163716)
(0.21838117797424936,0.5513700092964283,0.24256361375029678)
(0.21055856368624504,0.6118007494727185,0.18528024458753178)
(0.1885095523465979,0.6631865572564424,0.14851690878368193)
(0.1894719273544588,0.6137125927494792,0.19308580912306939)
(0.19876745467704893,0.6070458567777385,0.20030500119767894)
(0.20658264373155544,0.6635332322564574,0.13514952427546612)
(0.20219172335933158,0.6580757703879928,0.13865578485144864)
(0.19052256806611445,0.5850937026872381,0.22640153583233463)
(0.18547852185267302,0.5963629309140642,0.21967684838825416)
(0.19355986635556727,0.6159152184983402,0.1936438449180875)
(0.19472133705127145,0.5846942121507632,0.226481326752539)
(0.18725229256519496,0.6234088288189268,0.18913032573255772)
(0.18267868924229386,0.6484872615515715,0.1668083553800286)
(0.19548511396002002,0.6813156275683052,0.1283459944384735)
(0.18975388809706206,0.5329775392672816,0.28178326396635445)
(0.21274075315803642,0.5406945356853633,0.24608481215426561)
(0.19533816658773898,0.539830197483209,0.2627115470743303)
(0.18487590032446152,0.651059728564919,0.16321912823974843)
(0.18100352293206765,0.5889430210173902,0.22605532770885342)
(0.19154142484482897,0.7123606446465066,0.09616139236850277)
(0.1903060526924969,0.6154208721799623,0.18917218211246825)
(0.21116857713376547,0.6085291704322868,0.18097630757615046)
(0.19778584125670265,0.5952903835892729,0.21602361557183286)
(0.1987238787702238,0.6637664113376828,0.1427284438240056)
(0.21054419740967995,0.595071150214926,0.2024308826976545)
(0.19214442977138424,0.6466397614509589,0.15661575229665742)
(0.20340518188835396,0.5755911737811867,0.2241334088178701)
(0.19346652010414356,0.7367395637311634,0.07064909947114645)
(0.20010909835439034,0.6452989758419602,0.14912619820482903)
(0.19311980868730316,0.6719201122238927,0.13011420876342109)
(0.20132879367305181,0.6332973203319828,0.17047044507655837)
(0.1900052001625878,0.7179145706790239,0.09207675502086941)
(0.2283385178281463,0.584374570812024,0.19221189369033603)
(0.18907535437480966,0.5971350922115299,0.208625096661311)
(0.18905503498128168,0.6113596769536823,0.19442649129576955)
(0.18749935805932133,0.6111482893451172,0.2016129462391674)
(0.1884218426483004,0.6667407938896863,0.13890807136769032)
(0.18982958141194353,0.5728359579031864,0.23387776428954019)
(0.19292399598960544,0.6195373192595742,0.18881882288291385)
(0.1891589410649064,0.5587764358922336,0.25336330628751863)
(0.1832129093901265,0.6700750411938683,0.14568638455441224)
(0.19965334449983713,0.5352842411115055,0.26278220463054386)
(0.19444063911824308,0.6314254218895248,0.1728770057015547)
(0.18806198269089308,0.5496978338860076,0.26134575074709776)
(0.1980173022552454,0.6885144537727842,0.11910492615256676)
(0.193940532675158,0.6431739186452126,0.16513899519363073)
(0.19552644901304955,0.7061346616531216,0.10627700367858212)
(0.1902178979330788,0.6285668371447923,0.17436247161235197)
(0.20305469212354973,0.5941803004807057,0.20777012122532235)
(0.1989433785806262,0.6338736991004673,0.17022477125263039)
(0.1918492652402577,0.5541668623854944,0.24688613288897243)
(0.20199223854057785,0.5196389510618388,0.2769029705167484)
(0.18193710688809686,0.5242145900190406,0.2823518535695214)
(0.19918289500321434,0.5834123091497064,0.2194456740827919)
(0.18922166833688855,0.6447518739069059,0.16392381167283246)
(0.19676197909006474,0.603368891795271,0.19548960035259905)
(0.2162141231043833,0.5526045765745599,0.23149569583715077)
(0.1838789678697345,0.6444696226161988,0.1602385432846577)
(0.17923231998818603,0.5744488360193092,0.23486019859852164)
(0.18838852361839725,0.6743634953103166,0.1389525534753018)
(0.20660002743049158,0.6062846270147579,0.18035254314542942)
(0.18201197004596256,0.6431343625645614,0.1713455918942025)
(0.1907383924959156,0.5442245724122505,0.2561792183079691)
(0.19886816851196543,0.4954629743350364,0.3078716114112734)
(0.20198203142036766,0.652786554863007,0.14269318047581822)
(0.20804639854900198,0.607085569820671,0.18692809828616133)
(0.19468093910318182,0.6287052887591611,0.17731795530296746)
(0.1991050882447696,0.6190597977208382,0.18220962853626596)
(0.20710768214349878,0.571072701016509,0.2257130640534443)
(0.18863560399135124,0.7078456040312642,0.10513045031148782)
(0.19305920543766478,0.6734754287857545,0.13363599353842764)
(0.18954480330911092,0.5980302615839761,0.2197183306979343)
(0.1812100693880701,0.6005008758173714,0.21867465636626057)
(0.18367618107685885,0.5173612360927172,0.2919272990260436)
(0.19919376010869563,0.6273763694191067,0.16680737788743252)
(0.18377056609640957,0.6782736253632718,0.14006136269632916)
(0.21165338993870753,0.6090314781066727,0.1757935128029645)
(0.1955153821647873,0.5488868300209855,0.25724937931952585)
(0.19349600178384446,0.6328758853441031,0.177701232758301)
(0.19594986580514068,0.6080305369248644,0.19438729884263592)
(0.18883072631748501,0.8508030350109977,-0.03569778430321707)
(0.19537124594424332,0.5877591211254107,0.21692731404453555)
(0.2065196302945253,0.5660210210096601,0.25139694975347543)
(0.18503620265237564,0.6447246715323347,0.16232293068242243)
(0.19758202347371673,0.5804934753921417,0.2258132203576505)
(0.19898785580672962,0.6156245787922591,0.18353832921187316)
(0.1843860724569924,0.6211580962942134,0.1839196302601166)
(0.2002201598599227,0.5220420993650141,0.27744044254705374)
(0.19330192974741797,0.7044424186559947,0.09938069583093716)
(0.19840669398443603,0.6049169782918447,0.19906905599959376)
(0.18731315633861143,0.704644217347791,0.10299811720563597)
(0.2070764247857201,0.5820068152492833,0.20550060450587576)
(0.19618236661904925,0.6255507219844237,0.17808683870884506)
(0.18223088223187664,0.6028806632401791,0.2214023626087073)
(0.19053018284107506,0.6294843081948974,0.17239374396501658)
(0.17977647088945328,0.6119338107355142,0.21228360763787846)
(0.17554293772058896,0.5485457052483254,0.27514038548002945)
(0.18529718863688177,0.552634909412031,0.2594379739348527)
(0.20198466354995076,0.6230675808941716,0.1691376306778192)
(0.18619523288590034,0.7169624879325311,0.09458586895580176)
(0.19146081257013128,0.5194211943841948,0.28819726151530917)
(0.1898757122740525,0.5451596538982207,0.26286662656601373)
(0.1925821086603394,0.6405500585243323,0.1683079551425661)
(0.18489135047058294,0.5738225441183896,0.23338452358170994)
(0.19134106359829445,0.6379089699095291,0.17273461399553056)
(0.18106229217995864,0.6034222010790955,0.2175317022998163)
(0.20074803252737833,0.6180429839650882,0.18132428952398957)
(0.1862882788696235,0.560894544945837,0.24903146101164228)
(0.19495985506965827,0.6197073097671043,0.19052754229454275)
(0.19376351689728952,0.6371568956868597,0.1644134087818509)
(0.20274941716620154,0.611363082475058,0.19459271757224147)
(0.20923009223868622,0.5767699994129744,0.21168395891445507)
(0.18238150836733508,0.6019264454794246,0.21913502985466382)
(0.20445825517521743,0.6237564483131508,0.17229320887158792)
(0.1944216230729594,0.7032810084472162,0.1049191328678383)
(0.1979103143451472,0.6234941105288972,0.1747149003931305)
(0.19021290078363004,0.5805342403004193,0.22392868975433622)
(0.1906859256093035,0.5922076426932873,0.21336781909474645)
(0.1880988533884356,0.6653367668358725,0.14356221130189142)
(0.1859180711132932,0.5791347509237508,0.23152250153508852)
(0.194001316359238,0.699979015984083,0.10636277886898389)
(0.18625016682051082,0.6162913925337608,0.1922681632589611)
(0.19388233915144026,0.5958889519561889,0.2058296711911229)
(0.20152749676088996,0.6596310444621113,0.14824271624027918)
(0.19139976277373147,0.5218358649353569,0.2850594648169672)
(0.17835814245261594,0.6156702531216071,0.2004588842679787)
(0.19023011825710678,0.6253830277025767,0.16995644876194493)
(0.20936650034800314,0.5404149066883688,0.25802916465661824)
(0.181608067155878,0.7317500212085599,0.08347980799704602)
(0.20143376101820853,0.5911318612260653,0.21419176610422727)
(0.18127233597290968,0.7214666719808402,0.10071692124868924)
(0.20387817601327066,0.6091346451940388,0.18858750221384238)
(0.21729977162359612,0.6126322188988862,0.1731347663072764)
(0.20202747174755853,0.585086941353121,0.21920616524094205)
(0.19351172246350376,0.6142196528835439,0.19096311868637678)
(0.18628708759166496,0.6611100226850765,0.15978903871944647)
(0.1739624547793032,0.61931137270208,0.20528886782877726)
(0.19283558076854104,0.6327383602344572,0.17278292837625497)
(0.2006545499904055,0.5889707483982768,0.20705995395586996)
(0.19508197366991745,0.6958816009214158,0.1123746028832678)
(0.18691326921781987,0.5784086598193162,0.23758235684018414)
(0.18439053855284593,0.5676618531555268,0.2499763681417557)
(0.17993882680726675,0.5667000334842228,0.2550344205353142)
(0.18723273409993516,0.5528863786688095,0.2545919332511803)
(0.1934748032914579,0.5858999954401484,0.22865380555636083)
(0.18505771779380648,0.5873684530315149,0.23184956646880356)
(0.19839117448455798,0.5362405344837009,0.2616380200111346)
(0.18891865057461596,0.6519554944993441,0.16866019342144017)
(0.20234082015019728,0.6072734838938528,0.19892365491025435)
(0.192957501962118,0.6175921222414726,0.18897555539477678)
(0.1811809308931257,0.6592119110576845,0.16014329327229387)
(0.21335177331937094,0.5817521158023453,0.21858723959200088)
(0.18486913427154175,0.5497903933969084,0.27085315980427616)
(0.19377782935048687,0.6003079432298655,0.20740718452836532)
(0.18365435334605487,0.6360004161088252,0.17293224415043493)
(0.19406505596060453,0.5599141294598048,0.2440319235955229)
(0.19619764324476682,0.6047786592327453,0.20727229555359228)
(0.18409179721615856,0.6044860060218091,0.21601195084874442)
(0.1807222519008757,0.6566467498419362,0.1619325900399763)
(0.18962511967198725,0.5822492661335148,0.2251662232717295)
(0.198414090722081,0.6348100906838201,0.16698395392446977)
(0.18247758699760286,0.6193144559676692,0.19279008851569698)
(0.20872057587300727,0.6402880012520521,0.15521390003166835)
(0.19176560062015166,0.5908248628701553,0.22234990637487703)
(0.19226098547381432,0.5924296850003268,0.21815027979869475)
(0.1963141874248696,0.6427525788178303,0.16257054715897487)
(0.22736357810456959,0.5229866492871846,0.2488239287180641)
(0.18037192677789116,0.5729069744547565,0.2447657245291899)
(0.20848117257922727,0.6445163110474706,0.14979219824470033)
(0.18325128024733509,0.6016811140589919,0.21382808207472312)
(0.19070098933125673,0.5981313879775979,0.2173902631351795)
(0.18974211059569296,0.6943611236411091,0.11884979374446014)
(0.21413167731642233,0.6658485893749716,0.12784895947145647)
(0.1872597558671833,0.7074201122026025,0.11448353661379689)
(0.20853714645365654,0.6165466995209756,0.17622725509175452)
(0.20420745673352414,0.5777457824971789,0.21788149088396302)
(0.18652133702964035,0.6581586296842621,0.16267103452981363)
(0.21360864487215245,0.571918413550422,0.22571068541563025)
(0.1989127420226846,0.5616129036767223,0.24069732120991238)
(0.19817450250587193,0.6391782719999897,0.15873832135301094)
(0.17946921641871288,0.7134032465780552,0.09345977490438599)
(0.20563754573120493,0.5749457942131523,0.2235615674761757)
(0.19711499250468126,0.6578167672052686,0.1443854831511308)
(0.18692645303187935,0.5972797907462518,0.21204696016980934)
(0.18106702307430875,0.6496611093609811,0.15988149109757485)
(0.19495840172378792,0.5547596561410324,0.2619118684567711)
(0.1857164930697194,0.6283936445908529,0.17895454950446824)
(0.18754053908407384,0.6514348755655945,0.15527971207720515)
(0.18195487586261536,0.671333471125854,0.1462373059135951)
(0.21093140877760996,0.6252405381021363,0.1737398616685153)
(0.19879409027740624,0.572105885958476,0.2242654515042978)
(0.18588720391229377,0.6995665151570531,0.11465787065230784)
(0.18077504822276128,0.5629332799947309,0.2503313726605538)
(0.18220639343138773,0.6284851401431453,0.1909193718835155)
(0.1860926357629121,0.5995911307269051,0.21447602417671993)
(0.20094937227131132,0.6226200561355661,0.17482740396670338)
(0.18479312395131364,0.5857483977316605,0.22998512256298892)
(0.1977631262730623,0.7116946553779336,0.09529924840052233)
(0.1983092489532001,0.6107731634455925,0.1954815171233987)
(0.18804177428843075,0.6444498945108602,0.16984252102830966)
(0.17980807145965783,0.6723345800846123,0.1496126330160828)
(0.18697808954588385,0.7129410578727357,0.10207996670410728)
(0.2015743429301098,0.8193716259575423,-0.028126028158191308)
(0.19851931211090842,0.6775064674055777,0.1288561731011538)
(0.20391482868328467,0.5961248684332674,0.20693314512402872)
(0.20538072006578856,0.5184775645478245,0.27647462247980337)
(0.1975636319877737,0.6312227078228934,0.17629540550014772)
(0.1996748073579008,0.7124188175953753,0.09467079268712802)
(0.19149945818702724,0.5491783513890194,0.2591318197712663)
(0.18832861369692835,0.5912315808923182,0.2223576165975375)
(0.20366542442496172,0.6263488415448802,0.16568732210231527)
(0.18393750167135384,0.634873434110851,0.18026965949058665)
(0.18676928239390264,0.6081639860491649,0.20594613582559199)
(0.20325269223633716,0.6004238822705792,0.1874288102481242)
(0.17799519539051575,0.5850227149550362,0.23455349270921594)
(0.18978798128987442,0.6096188371427516,0.2054356693416116)
(0.1907882982393179,0.659170868715263,0.1534156788282451)
(0.19095054665798633,0.5699801307330778,0.2376482003419714)
(0.19609949718646988,0.7388233641490664,0.06909134077899093)
(0.1991460376102557,0.5794096164755421,0.22003476739206596)
(0.20343006905142377,0.5911087966156318,0.2177318428669553)
(0.19001348473673524,0.591908614339371,0.22403017576551756)
(0.21493704283514017,0.6887120923414093,0.0955999551510165)
(0.19345318631331093,0.6465611594220598,0.1617914535672354)
(0.18403686619215953,0.5722406884429595,0.24308747979242015)
(0.2022533262730254,0.6239081452395231,0.17463506671270973)
(0.19280026301570796,0.6041809270279435,0.2058211252143288)
(0.19970567398936476,0.6399910909358377,0.1551610766438201)
(0.1987175782325094,0.6382777436449034,0.15987799371130174)
(0.18208558646607145,0.6923162799442745,0.12093991493525816)
(0.18792767384144934,0.6045915684871034,0.20986278429028615)
(0.17982444826250876,0.5965842698089701,0.21793801268253707)
(0.20683063443412253,0.6864184524188822,0.11810388290402493)
(0.18520142995269795,0.6804756941907891,0.13033856417110706)
(0.18381426294389394,0.6051310638363382,0.21393232306481)
(0.18551936484617748,0.5099622514394507,0.30138622966847795)
(0.21184846792541895,0.5454904319439,0.24161427695239918)
(0.20863940869600428,0.6142590637732617,0.18441982634175122)
(0.1932598068402239,0.5613664069579606,0.23884311068577052)
(0.196563724332664,0.7364385575589724,0.06556186041211452)
(0.21104587685770843,0.5644108339130586,0.2204234554747676)
(0.19624720078921984,0.647562921012401,0.16395273252057413)
(0.19823896996506352,0.6407223207848504,0.1520946910686134)
(0.17899412744728083,0.6275837313347838,0.18661497165499927)
(0.20451671223712867,0.5902677024036599,0.20220176161633907)
(0.18661804302058985,0.6419408053074601,0.17648263242059134)
(0.18946168170317354,0.6493395723752716,0.159472137633762)
(0.18763915738806144,0.5859017007005866,0.23040754564440882)
(0.19697182189814755,0.6308911264305497,0.1769672388240136)
(0.194898815633954,0.6915148155731855,0.1134433940750473)
(0.18695860084086735,0.6361155490373978,0.1779574358970143)
(0.21568636472311542,0.6089667258821958,0.17730779397584615)
(0.1880934993450158,0.7389211838299934,0.07563841896471313)
(0.1927427366224803,0.6291762925589571,0.17554723783707868)
(0.21384045939894483,0.6123181917563301,0.18313203694722968)
(0.19576685971827146,0.5559659920087051,0.2441685224227013)
(0.1908543400990059,0.5723789568567101,0.2329077137518463)
(0.18634495390374747,0.683163254378142,0.1264906019514652)
(0.19229610424352359,0.5292331856846524,0.27473608500435515)
(0.18403852745211663,0.6406207929068022,0.16683861768477412)
(0.19324521400630698,0.6183574185130669,0.19385324262514028)
(0.19587094364812188,0.562972119422588,0.2369981769983919)
(0.20026142159346103,0.6008985872950328,0.20310664639511486)
(0.19618330753325483,0.8054666246767535,-0.007496249455363083)
(0.1908132837273218,0.5223476611605463,0.2893505359625541)
(0.19028628408524972,0.616187868161325,0.19143804003038284)
(0.1813013489647279,0.6404064820893008,0.17925483275068954)
(0.2189497849861487,0.595184193187117,0.1915080520695513)
(0.20378808762205347,0.5774845143948064,0.23083732327626877)
(0.19073686440309365,0.7286621779902723,0.08257964783384018)
(0.20246197279951772,0.5243980038786218,0.2745035237831909)
(0.19268258165998198,0.6734773670151755,0.14044681366469552)
(0.17626363985606577,0.5520379201067996,0.2665513690269615)
(0.195224492690173,0.6085474056811567,0.19555189421146557)
(0.1897301607865673,0.6246137703716987,0.1907767946432143)
(0.18851743328128193,0.664258000200052,0.14514102195373782)
(0.1996506549661379,0.7091849431178493,0.09225701477094587)
(0.214048270032736,0.6071954057293301,0.17612918715799433)
(0.18516684496844935,0.6364567551622206,0.1731461468459456)
(0.198679587930223,0.5543272100648453,0.2450802685279526)
(0.19166875044104065,0.6690812488570939,0.13168121859774737)
(0.1821937767796931,0.6515743706129217,0.16613842454483027)
(0.21199634762923045,0.5811854640387597,0.2049640024950231)
(0.19433070940506203,0.6593597651025218,0.14699348702719586)
(0.1898017256394225,0.6430723834188723,0.17530820251096288)
(0.20188342540660678,0.6387166632254199,0.16491843216018345)
(0.20695457129127712,0.6447002285986757,0.1544333810150188)
(0.18763791486968087,0.7304416155581192,0.08070643684910435)
(0.2053164907508914,0.6975889412032492,0.09133806184685733)
(0.19188940801342086,0.6202161591182376,0.18805110168949585)
(0.19733769725828312,0.6002589820181674,0.20178211351571423)
(0.19556077314973933,0.5868201925069276,0.22288243161226845)
(0.19578745099623904,0.6563171995708142,0.15065456206824826)
(0.19739395763938025,0.6263212114836308,0.18515249801866043)
(0.19844040815974276,0.6750300115665926,0.12171823869873846)
(0.1904094106630088,0.6045599947044384,0.20186750653610405)
(0.1827100632121287,0.7035022949878676,0.11456011938273707)
(0.1859255299149177,0.709429924272465,0.10319518316717104)
(0.1928151544604789,0.5624449069363393,0.2349490314371555)
(0.19084486246206422,0.5788437307555229,0.23387822970887412)
(0.18787428443171733,0.5840307686889006,0.2296174358343371)
(0.21929692955065067,0.6013577099913856,0.17547718310223956)
(0.18121872126455155,0.6814745246859012,0.1311824772348438)
(0.18313591819079558,0.6167044734411029,0.19207979229293604)
(0.1908157487083358,0.6952070689157541,0.10915634802803723)
(0.18993998193472425,0.5962351344161126,0.22120693954212695)
(0.19458610510872965,0.6976328847856467,0.10850677946669943)
(0.21032720242013134,0.6576850174797284,0.14002218559520802)
(0.20986196656025202,0.5788603973995469,0.21645400079099517)
(0.2087796173298905,0.5549868103595916,0.2380044452678497)
(0.20882931321479622,0.5949186972335038,0.19577074250639004)
(0.19586494905804117,0.5648470574989807,0.2377524953407454)
(0.19666629235034797,0.5721745613109712,0.22387868292916677)
(0.2085706436503047,0.5618684731081109,0.23337169933288143)
(0.19929877656160783,0.5507212818880446,0.24917821331563692)
(0.19646406219360435,0.6433925571887309,0.15739124869826537)
(0.19374431009100992,0.6203580052713472,0.18744263599171695)
(0.1961322657991862,0.620952853818215,0.19484079430825496)
(0.19917912482217434,0.5847565529304809,0.2099637371063803)
(0.18596749075656954,0.6195977019165418,0.19291929999658883)
(0.21025178181042545,0.5855761574200234,0.20951554192375163)
(0.18937711527316686,0.5625352038358838,0.25417626388832243)
(0.21307320481632608,0.6646170552479876,0.12812336559851828)
(0.1883391141969383,0.56085879091201,0.25927333688744636)
(0.18803989591468748,0.6247891613162866,0.1856361579090961)
(0.17379526232355944,0.6874848638738116,0.13441556708466218)
(0.20184441282003918,0.652961130489432,0.15554051233694127)
(0.1925589825067333,0.666354010021995,0.13541654281236376)
(0.1831207842220999,0.5536638985400798,0.25407485693671755)
(0.19216632104550066,0.5529556297874865,0.24897854503529393)
(0.1890945066632451,0.5397171856885762,0.27063180781127594)
(0.19308454964924454,0.6071330107261758,0.19958569400228915)
(0.18801630808037556,0.6706674761741485,0.1422399497367279)
(0.19963023262487137,0.6614760777981152,0.14741379829230172)
(0.191204461572023,0.6110649950467767,0.2015988019903064)
(0.1903289228526872,0.6411900982298309,0.1806333021040436)
(0.18252097539755635,0.5561857472880474,0.25752566134846366)
(0.19196380445222183,0.5625194821988283,0.2472221406110209)
(0.1914239698061279,0.5819276097643205,0.2266884956666539)
(0.17730430619864565,0.5558811527951076,0.2660815467678641)
(0.1932698004730559,0.6356967791817363,0.17079427445052797)
(0.21761731488893543,0.6389398281783684,0.14311153244482272)
(0.1948951884573752,0.8067680207602955,0.005334571029475516)
(0.17974182559585503,0.5467761022405682,0.2669321229691344)
(0.1954326158853479,0.5672098927149195,0.23492304020882424)
(0.1876820179098808,0.6453718695347939,0.16287325448539108)
(0.20882784554499306,0.6082846639670568,0.18383781125253232)
(0.19617598320848578,0.5076489638586359,0.29895421496703606)
(0.1871267187154943,0.5640543742135901,0.25338830766983467)
(0.1964014131701389,0.733716986442907,0.08336709435991115)
(0.1849219609803417,0.6285373123656759,0.19171559855738696)
(0.18418031693344247,0.5773020850837597,0.23551503815842675)
(0.17944238883170696,0.6435540888185334,0.16677338719412338)
(0.20533994806121547,0.6890380426783546,0.10945534840417699)
(0.18505411456523346,0.6308742510038746,0.18591970324157467)
(0.22879747738370482,0.6122451133924808,0.1655148811713725)
(0.18929979205223513,0.5773065614811321,0.23053889105225428)
(0.20848776238281547,0.5507123835633705,0.24466995090358445)
(0.18023387880011782,0.5964422769189816,0.21827984193372482)
(0.1826870823578778,0.5304371684709873,0.2796707066950806)
(0.18149124838959216,0.6432610481728818,0.174298291891882)
(0.18901687178144438,0.6007210906694508,0.21243157236305774)
(0.181989372169759,0.7353353485252294,0.08033574996718482)
(0.20932543934628198,0.5789070166437216,0.22126014904462052)
(0.18478008133574694,0.6480711283736647,0.163765159518911)
(0.1755820826408267,0.6524835184852238,0.1719393683411505)
(0.18833745313012695,0.6648968345854952,0.1448033118125665)
(0.18340584648904107,0.5865063284998798,0.23144904528478563)
(0.18753424633394616,0.6145371057582893,0.20219196056109065)
(0.18253108956359873,0.6738646084370945,0.1336424111477164)
(0.18751228273060952,0.6338300906508246,0.18043880613490412)
(0.20035888510737151,0.6615016821055797,0.13646064872783314)
(0.19287271512978554,0.6746267550458606,0.13280862191009513)
(0.18998559894338496,0.6221257231697329,0.1880764971228206)
(0.19316126267601033,0.6247606869051878,0.17704240733636437)
(0.19347866114951737,0.600524203456217,0.20033808493939143)
(0.18684171738950625,0.5953082369048651,0.21255647623099308)
(0.1972187388355141,0.7268457202711147,0.07586305337763394)
(0.18467397220513526,0.6358297752108424,0.17590463834380052)
(0.19678174872972973,0.6182758736089559,0.18725431296234946)
(0.2004106713710822,0.6203836480347957,0.18697340681427171)
(0.19987873427446085,0.6629012782532172,0.1432559438115566)
(0.19723783339074732,0.5943453422278417,0.2094480720615667)
(0.17756648988825902,0.5389367342795314,0.27989843974769885)
(0.1837639303522776,0.6253814121445707,0.1775117374213211)
(0.1892153119074991,0.6253878252754685,0.17734501973171354)
(0.20584121722079693,0.683567314938218,0.12174917086784887)
(0.19844856097555563,0.6557667470850589,0.15131059734098745)
(0.19668589786349708,0.5480791448494569,0.2559384866548333)
(0.19630499756473405,0.5374893361856141,0.2676281573116959)
(0.20836266414605853,0.6082633926481132,0.18360340710201267)
(0.19537728426787584,0.6404950464094209,0.17306156395130617)
(0.2062570587724773,0.5159938255919112,0.27863181054678465)
(0.19385339495760728,0.7277627847308379,0.07367620669456088)
(0.1872268639851435,0.6907342014938016,0.121044471557525)
(0.18580997541492716,0.6532350368948402,0.161635007503022)
(0.19789157078483335,0.619900645668873,0.18945230780612604)
(0.19070965859812528,0.6459594312709661,0.16225572854101022)
(0.19068701067732538,0.5076877855688736,0.29912816907272)
(0.18400039336961932,0.6288512902041767,0.1848420474604509)
(0.18765860219163438,0.6875479252947848,0.12252362871840866)
(0.18156246095151415,0.5332279728516529,0.27899297562956327)
(0.18864917169942086,0.6689217142008157,0.1460302105790697)
(0.1820074565271088,0.656858173005764,0.16042604943698746)
(0.20547343176804914,0.6169400059028416,0.1825453518465184)
(0.19949878084807365,0.613479259539225,0.1933717400983809)
(0.18145956719778464,0.642316205885111,0.17099553494565817)
(0.18013591385739314,0.7143944473383808,0.10346570963061062)
(0.18017241044546636,0.6712420323569264,0.14807880912675606)
(0.2059428312196682,0.590629286705678,0.2147493971575517)
(0.19730893510566444,0.5778765348373927,0.22900942583309683)
(0.17668343991208052,0.5753164146406298,0.24019819492075953)
(0.18040717486915375,0.6876557761717011,0.12663241910359516)
(0.18655954549208098,0.5690507306193774,0.24376538297569902)
(0.18397414215071323,0.759871290685732,0.05419519515518801)
(0.21892396679646112,0.5929753230103317,0.19236777272105007)
(0.19642850938449624,0.5490471405215376,0.24762435495704369)
(0.19125304391326164,0.5937214804334326,0.2202802108912286)
(0.20603830042470825,0.5936954569524098,0.20094023527988342)
(0.19236605839650156,0.6588173214546554,0.15004809410894368)
(0.19549011593031743,0.6362416532707097,0.16354862023585828)
(0.1919911372270219,0.6757783350085014,0.13689223972252493)
(0.18648381541681303,0.6368396018146528,0.18264816217844784)
(0.19659305689878964,0.626905871039427,0.18321987301600784)
(0.1896357038425511,0.6104431566151545,0.2013184634391028)
(0.20213387575227626,0.5474392452285339,0.2528889574146419)
(0.1965101430483323,0.6484029261774773,0.15684429886125603)
(0.19319377066639443,0.5550352524495167,0.24757300367964613)
(0.19407357792296973,0.6714884179028282,0.1366749021969019)
(0.1900606155385221,0.703754089786789,0.10612857695540437)
(0.1839020303071633,0.5992814951846077,0.21709505727610967)
(0.20885069223740804,0.546074562587667,0.2450285741834713)
(0.17704245405215677,0.6774262882190845,0.14016901266351517)
(0.2022953548911117,0.7081879041495128,0.10252840689194019)
(0.18737764121705927,0.5790515051312339,0.2250952785610483)
(0.2070081092853452,0.7807553599426775,0.017819172271017862)
(0.19777963990402073,0.5781116174688014,0.22750551696369906)
(0.2008471044994079,0.6417291789427975,0.16289875521032207)
(0.18913533307869018,0.5947140885607443,0.2163596625105592)
(0.20058435811261519,0.5845723343623179,0.2193461107494333)
(0.1891247061934139,0.5692636147697339,0.23805800800005836)
(0.19773878111173915,0.5231886318501209,0.27867200039803736)
(0.19629091047497663,0.5690788532661699,0.23592829559468445)
(0.19282398910501683,0.6428792387719212,0.16678933096757856)
(0.18584552504820384,0.6236180991247937,0.1904019744819759)
(0.17573345570874474,0.5464786417395328,0.2683345426941656)
(0.18760265003467558,0.6050869390133993,0.20379340693213377)
(0.19446863087106847,0.5676404262660336,0.22987473429846858)
(0.1897521308608336,0.5650259590151762,0.24158481984123595)
(0.18089144618503245,0.6274211288976994,0.18955897127850396)
(0.1894478627483071,0.6157657177830769,0.19584400086198553)
(0.193125215513091,0.5560597053630506,0.24016322610250243)
(0.2032427951863704,0.6620120047312816,0.13804182766169013)
(0.1955699892860298,0.6021161790501847,0.20702623895742256)
(0.20045586941378835,0.6450898509962536,0.16004519449034232)
(0.1797837776546541,0.5950996880878479,0.22135947889920266)
(0.18767130381693112,0.6448378034183806,0.16978104907596303)
(0.1739122498152003,0.6851595847422091,0.13191675401074104)
(0.19996124795929124,0.5448638062282968,0.25614651293528634)
(0.19089227964198408,0.6588239522622381,0.15159282761171447)
(0.18065718480469464,0.5870758456692708,0.22877503159217782)
(0.19116637827595892,0.6021445839444195,0.21630527400568947)
(0.19698874108021305,0.6868621320935905,0.12423405960983959)
(0.20000864535990978,0.6955030264237254,0.10544999441762787)
(0.18819796881403827,0.6473681026392636,0.1698570912569839)
(0.18345950010160111,0.571431848887801,0.24125779834348446)
(0.19019466943909322,0.533613435226873,0.2729508534206165)
(0.19715175469684706,0.626662063704942,0.16894990670162624)
(0.21674886658780484,0.6289338976421452,0.16083153860885976)
(0.196614958314174,0.6011370350331545,0.20657239912154593)
(0.20549136977133703,0.6398230473150607,0.15687735759265486)
(0.19073043952589205,0.5960443864593591,0.20563802117547977)
(0.2047907330405878,0.577639133850704,0.2149870545068408)
(0.18919870596742336,0.6486464654172632,0.16353147107542185)
(0.18788737086579244,0.616961907931982,0.19395986485850117)
(0.2013767232131872,0.6888060899878706,0.11535338533893062)
(0.20440140224794323,0.5676401567597227,0.23340810628520486)
(0.18938004173357428,0.5730196143930101,0.24155012904796416)
(0.1987301932332326,0.6344103175822714,0.17324473351656977)
(0.18795259448972737,0.643251992495834,0.1734232877780904)
(0.19723323198479045,0.5961503464858827,0.21097664001752997)
(0.20755598548986437,0.5808174987763525,0.2168136030400195)
(0.21546684090223456,0.56595082145741,0.21705143978722322)
(0.19732122548477724,0.7117971379150334,0.09481373872826679)
(0.19709920409402726,0.4932923168128952,0.3177057195783668)
(0.177124864295734,0.5934392635998689,0.22497672198240962)
(0.19936027738089132,0.6495069798793516,0.14872580543893085)
(0.19020587379435433,0.547357827045856,0.26514629346508345)
(0.19526813455097428,0.518916692543919,0.29088054707485783)
(0.17837081163067814,0.57002697142811,0.2543722259979895)
(0.19527549908839217,0.6978972600556995,0.10756430219218334)
(0.20852127782977517,0.5200602058284121,0.2682811891254164)
(0.2157295129124452,0.5825068088127476,0.20743054227157684)
(0.20013612699739924,0.7083489998190854,0.1046177148396537)
(0.18596931401660646,0.6032456196436953,0.21365362853348024)
(0.18960268232289687,0.6505817981561753,0.16077406083229068)
(0.2064169264333193,0.5580451176515998,0.24016095414389413)
(0.19136529609955227,0.6330251346408181,0.1741670381733252)
(0.20683497933594855,0.5806911453964775,0.20642257946934223)
(0.18835863052942448,0.6713992438566139,0.1429226530049892)
(0.19496901929735772,0.5456923469457771,0.24701706310938187)
(0.1932137976217019,0.5485057324038544,0.2524868306357826)
(0.18417777711315064,0.6297619943461555,0.1870401650832003)
(0.21334609300542545,0.5650182219981567,0.22670239677653214)
(0.20307070446064354,0.6154610690789486,0.18265647018318942)
(0.18358396562452975,0.6341371667830026,0.17693730673389063)
(0.20091938704002874,0.6379187564920664,0.16732819899853768)
(0.19603786196077974,0.6358675887716662,0.16099535863575973)
(0.18524672764145111,0.6766413366352663,0.13660908071053735)
(0.20347987596571665,0.6581215978244277,0.14125991349011538)
(0.1846049479990145,0.6126500056945949,0.20155632789038477)
(0.19387651846092027,0.6702839721878686,0.13609488852048626)
(0.18740210943513821,0.6309468914482352,0.18212003653583936)
(0.16769820999059976,0.6143518501608075,0.20508534402602382)
(0.19300585402607168,0.6208820098315202,0.18731051276742577)
(0.19459346632516017,0.5697402902090642,0.23241413426217772)
(0.18307429728948552,0.6387135003010886,0.18252023201099118)
(0.21281462768677187,0.6419048565059345,0.15171005931192202)
(0.19633808123801746,0.6041172085064057,0.1940482592712034)
(0.1885343761067791,0.6810803002761308,0.129888664846234)
(0.18816610757490765,0.5786309560017788,0.23210275969759495)
(0.18209633142858658,0.6573780374584618,0.16149806869118374)
(0.20293159546525671,0.5889581907949846,0.21012478590550118)
(0.18923470573117207,0.5427144815482992,0.2717337167434939)
(0.20932501962834468,0.546039034410502,0.24652488156075777)
(0.18584115424887046,0.6083434659944119,0.2033979786457667)
(0.19006390290348824,0.5474552747004685,0.26167495127264023)
(0.19240050723703872,0.6043081240174014,0.19103158261571698)
(0.19168386056481573,0.6608215608352344,0.15345910334131052)
(0.18702713836640603,0.5525772604956969,0.2538225762066368)
(0.1821809404890691,0.6042711418110588,0.21356003948299612)
(0.2071251899584613,0.7013664535771195,0.09716207761672808)
(0.19686932327471476,0.6332295476917954,0.17855415100130648)
(0.19855050542383346,0.5798997677893627,0.227347493026295)
(0.2001900307965791,0.5914701430592839,0.21015170559937246)
(0.20188724072186562,0.6596929918213005,0.1456985776693185)
(0.18637966472291667,0.6165192902787965,0.200360827080252)
(0.19758738202086157,0.5963349215619906,0.21393401961607136)
(0.19740788685080052,0.6343774115371786,0.1695990577934153)
(0.1837693595792646,0.5458381580732666,0.2663660452179741)
(0.1805034776585767,0.6371709289080069,0.17949407304856596)
(0.19687009143003545,0.6980100615472075,0.10903547773846152)
(0.2066806271018864,0.623878786602904,0.17277659635121884)
(0.204761559695199,0.6595481622320091,0.13329270853831737)
(0.19010385891110498,0.6450359498846919,0.16343009767529407)
(0.19617012525975785,0.5377756928616775,0.26748844216563883)
(0.20222595932054277,0.5645860711999452,0.23441685227767095)
(0.19028350535836613,0.6171985471338003,0.1985300716225248)
(0.19744239504471855,0.5513001328467523,0.24632411694821327)
(0.1839867092067879,0.6559660922185988,0.1589694511800617)
(0.19246378488467245,0.6190522700215935,0.1896665395959523)
(0.20286936675345313,0.5390394288773461,0.25331139490496263)
(0.20378239950891855,0.743370430081508,0.057574473749270695)
(0.19543807862347556,0.5769528067714602,0.22522037131945644)
(0.1987780479412331,0.5484417309009453,0.2520099485537212)
(0.17944614695728361,0.6264510368283092,0.19191462074282326)
(0.19685050738929236,0.5939752937251885,0.2119484606303898)
(0.18685938768606486,0.5986511803865358,0.20474497228432367)
(0.20231388882596996,0.6350835013120077,0.16017064943649018)
(0.18183905952914814,0.5594632074669752,0.25201568076602143)
(0.17923657168139753,0.7195482950709431,0.10476291431194253)
(0.19313698441106525,0.5998438271439084,0.21503242161448044)
(0.18011862944472046,0.6571789766933329,0.15887417796780845)
(0.18098220381231972,0.6875148686042231,0.12582687229231446)
(0.19494805972316379,0.6508044457187314,0.15890712829857923)
(0.19642844770669898,0.5888647418392926,0.2198185110484509)
(0.1922833035065207,0.6323164026608817,0.1741436044385727)
(0.1762170896293646,0.5686241727092541,0.24448235473252294)
(0.1922847053827459,0.5999015530276475,0.20712854874906897)
(0.18470764235997847,0.6826607796131507,0.1344711403757424)
(0.19427147446947815,0.6796307539253286,0.13213382908689936)
(0.18859676498150738,0.6144252628854697,0.19186223385220458)
(0.18282534296200126,0.6329489860210787,0.19114205687961305)
(0.18265705641543495,0.7051952043316171,0.11368749071207086)
(0.18857619587295726,0.6396264107222572,0.1703582697623361)
(0.1771002919910207,0.6288563487173889,0.18928314121479897)
(0.20466627736018997,0.6127499488684603,0.18130195858241865)
(0.19184706842603536,0.6138884342353054,0.20188335652528608)
(0.1986696556388889,0.5778191166031654,0.22298075371747128)
(0.2024966192467161,0.6298540530657294,0.1758935856151041)
(0.18538796744618652,0.6476323290762893,0.1690507831421138)
(0.2137484162299986,0.7111027194226035,0.08291216339895442)
(0.19069327724814827,0.6083803356293734,0.20078021961759554)
(0.18309476433439842,0.5885083778197332,0.2205119448391653)
(0.2132386775823991,0.7066781264091824,0.08925248490054541)
(0.18502486004537794,0.5799708351166434,0.23156366952531238)
(0.19348894116816742,0.6243212793944277,0.18288907690111209)
(0.1850861867964642,0.536915757686759,0.2736707886843364)
(0.20850420724206042,0.5824219147876737,0.21440784001305094)
(0.19883373941198146,0.4854116238830569,0.31639903454081086)
(0.20184601792062418,0.6046963468473975,0.19455630887057243)
(0.20753444328687862,0.5665726220411281,0.23084350317471783)
(0.18579684390154746,0.5920583991082873,0.22481100468348467)
(0.1800588673751812,0.5588871866631482,0.26187206797683005)
(0.1757158886617871,0.6106208017099829,0.202197573044277)
(0.19716651358734164,0.6167405075339524,0.18228031859463698)
(0.1992800421816032,0.6570744557314296,0.13551968409044346)
(0.18964635875488098,0.7134963260805248,0.09335986836812728)
(0.1765704990742589,0.5353339638750956,0.2832160870152131)
(0.19473129135683406,0.5851152868236487,0.21327841036772688)
(0.18582380995589898,0.5691989780206241,0.24842575937898997)
(0.20188281745255063,0.6348278835176303,0.17196099323087166)
(0.1913073111919277,0.6541391163794119,0.15600775325431318)
(0.17870139132401747,0.6413512796319117,0.17711691008681865)
(0.19099612051322626,0.6496181662003426,0.15411690673723044)
(0.18183525695012406,0.6214211503378035,0.19802851083201412)
(0.19527896197872388,0.6462492634571096,0.16131843287092168)
(0.1961795129169016,0.6133734167649644,0.19352171512663607)
(0.19776353117455248,0.6156640965093885,0.19405961967508537)
(0.2064478412025549,0.6719135345526198,0.11856827360105954)
(0.19866610849563968,0.5852074475130674,0.22346825827388225)
(0.18114404359552377,0.6300748066639961,0.18232742061804535)
(0.18907916653493878,0.6467654131417363,0.15749646012993437)
(0.19901061197819142,0.5638342875491191,0.24751496633967504)
(0.19939609240772457,0.5205456190045182,0.281861352750644)
(0.18957353900804563,0.5647807493385879,0.2507597285315949)
(0.17812999696957785,0.675380309808923,0.14776973794420703)
(0.18863132279535388,0.6031793475881979,0.20116259334419054)
(0.18608068610259715,0.5711573409172215,0.23349612213211052)
(0.19818337463014482,0.64676277441708,0.15111300061574465)
(0.19049861371080526,0.6273179410754522,0.1794595344359438)
(0.2017997088502003,0.6753700077068592,0.12852863125518574)
(0.2003000251662407,0.5907905149554329,0.2074480475549855)
(0.1978505000250712,0.6434789834987621,0.15881928993287364)
(0.17276626179582885,0.6692628309429882,0.1478488360247193)
(0.18968218513937082,0.7013204371652483,0.11019564012749397)
(0.20387123442899915,0.672261317291694,0.1305916866991561)
(0.18779875619958586,0.6573202833288968,0.13773914108762148)
(0.18564479559742583,0.6216844230604435,0.19705686937863057)
(0.19589271083599155,0.6434230505335892,0.1542034743563994)
(0.19563790622675423,0.5994294356646734,0.20664385775874147)
(0.20538434742848916,0.5405838896315691,0.24976186717134002)
(0.18436760200470562,0.574497846680919,0.2417109929287627)
(0.20170236290329813,0.6638725733415036,0.13526623788053518)
(0.18422656750611396,0.672600715525532,0.13810217362537724)
(0.18786305520294647,0.6272085880033774,0.1843224082497484)
(0.2010378198446805,0.54522643127043,0.2507339564044421)
(0.21752219650815927,0.7059599874964348,0.08393138634167126)
(0.20473016033188937,0.6440605286813585,0.1498893714782094)
(0.19083123973479055,0.6231039562353603,0.19266535502812032)
(0.2083135586809349,0.5850829482053334,0.20681152802234148)
(0.20430890289703862,0.5313055254022635,0.2610066188429214)
(0.20203574812433742,0.6091846564339112,0.18961167326855585)
(0.19138972424209433,0.5776521391682822,0.2280277215328937)
(0.1918925192057283,0.6265193387587167,0.18532675937395993)
(0.187724656458931,0.5111462142713207,0.2927111476603296)
(0.18342419398593082,0.5931848102170774,0.22183088949686447)
(0.18837096954869537,0.6889625252764802,0.11334871518427289)
(0.1915923037768308,0.6574306586996763,0.15347996590257468)
(0.19248999813248194,0.6513065043279925,0.15695136623083)
(0.18368583476006187,0.6132453510425792,0.20257870558367927)
(0.1870084875930961,0.5620285584124213,0.25128883797610346)
(0.18994505383891389,0.65437350875155,0.15627462501775852)
(0.19433537829908346,0.579401068362287,0.23081386633331052)
(0.1920949978605378,0.6066024063486117,0.20089700436290403)
(0.19168417654793946,0.5732048455344101,0.23946282117149134)
(0.18698484724252826,0.5691800212880498,0.2360925557910404)
(0.21657655553505523,0.5680070948506272,0.21443946993854696)
(0.19380397238985383,0.5744842805503034,0.23558797682280538)
(0.18215402845638448,0.6898798190163249,0.12124492231494338)
(0.18400485282097717,0.6394307385806084,0.1811671174640666)
(0.19234673481130984,0.6092547546781583,0.19396109804538306)
(0.19553738665444964,0.6902922073577702,0.1078044224849774)
(0.20455518818131194,0.6406831297247056,0.15587363490687417)
(0.1823861974554089,0.6286659945982132,0.1842318155022491)
(0.19497919140717365,0.6308469688710364,0.17849403490879404)
(0.19599399812824728,0.6578215006689306,0.14578037653623108)
(0.1906940012937523,0.6266198502375565,0.17895659918969245)
(0.19877358722843183,0.646324036964325,0.15525198740595006)
(0.19976710063955694,0.5182364921404587,0.27837295125079875)
(0.19517256107391226,0.5470925756976086,0.2442089639084889)
(0.18442933439746956,0.6348321515735595,0.1742292838199292)
(0.21357364641245383,0.6190224533492117,0.16964376009201856)
(0.20089231423302756,0.6251215620287958,0.17820450157120574)
(0.20074051243483476,0.6511808362876725,0.152333247894206)
(0.18301326307503796,0.5821186088391607,0.22949638554017948)
(0.19044645972516244,0.6646794306133122,0.14767973692164454)
(0.18576479614969404,0.5982310757646023,0.2183383376237212)
(0.2011388417907844,0.636256025700717,0.17195146476867404)
(0.19573236611624378,0.5895123790739415,0.2173056319300286)
(0.19610800482382149,0.7164240193251112,0.09126478771399013)
(0.19179118695783529,0.6233075331589053,0.17583934340116805)
(0.1870668206211764,0.5568324698151679,0.24677468447534592)
(0.18768092155312666,0.675849327931129,0.13484084820760667)
(0.18871836915515502,0.667420143309369,0.1506253094196946)
(0.2001631353311749,0.6069629173405205,0.19509115677311314)
(0.17713079495906237,0.5876982513929522,0.2297284943520064)
(0.19655800844522203,0.5955913231327745,0.2066750125330169)
(0.1805705863525554,0.6393108905011865,0.17184272112201793)
(0.17947198742896636,0.6911532137337181,0.12721831108055845)
(0.20502190817501645,0.6292243014793403,0.17248992522850423)
(0.18397003691928407,0.6434148953811949,0.17110765318417478)
(0.1956189607075318,0.6384782267513711,0.17171455219075185)
(0.18589514083191364,0.5162043729919706,0.2971407686551237)
(0.1922807894927706,0.597027751312485,0.20915594793061537)
(0.19137334672402656,0.6201722189054253,0.19148741674741476)
(0.19266146323505673,0.6954614367398598,0.10583084816523898)
(0.18858336768993358,0.532054839206779,0.2822480958000228)
(0.2050540809881039,0.6950750514759926,0.09885083475782833)
(0.17499922804630963,0.5238144211765002,0.2953372694116721)
(0.19730793716700293,0.5208325473677526,0.287304859039606)
(0.18630012573139895,0.6670908741185393,0.14560778132192656)
(0.18665865826449285,0.6209053021012549,0.19133813039154954)
(0.19829276985403582,0.6339538853229948,0.16880212775256265)
(0.18729119410184977,0.5401921498247229,0.2679335813543311)
(0.19131535281348308,0.6597354694961669,0.14757630745587233)
(0.19501526836707092,0.616462746817689,0.18929554003204885)
(0.18409173249160013,0.6396928873023313,0.17449129303017918)
(0.18219883408970763,0.5825965700175225,0.23884475448117223)
(0.19960859745805465,0.679138988126786,0.1300564126407408)
(0.1921631870584229,0.6769719671893788,0.1347562326415393)
(0.19786853364926402,0.5782799057697238,0.21983531740938297)
(0.19091350616904468,0.5875870859163501,0.2225357637057214)
(0.2057425985053358,0.6723596325966846,0.1252374226858212)
(0.19366556479131294,0.5864571344385293,0.22269080183978132)
(0.18666106748149072,0.7560736443875057,0.058363956800807595)
(0.18979279949150588,0.6407808876275339,0.17182885246791163)
(0.20434487066527524,0.8066342533133694,-0.006546486962381559)
(0.1995122508680166,0.53304840111473,0.2703254588004779)
(0.19219937075778168,0.6457668447997955,0.1647503313161309)
(0.19008759909665035,0.6512141111650624,0.1519709686584402)
(0.17992759190162924,0.6063914501437551,0.1974663181264718)
(0.1828775924825197,0.613057086093149,0.201822282267731)
(0.19305446507968688,0.5289757614591678,0.27886197503899274)
(0.1908422202305315,0.7086036238870347,0.09916238354882093)
(0.19877269628167374,0.6319856342986648,0.17048243510404726)
(0.18223379915485327,0.5892739843466333,0.22477509066030363)
(0.1872875784559499,0.5826027870031981,0.22352023885670713)
(0.18277265220597363,0.62985762527605,0.18359187380727732)
(0.18437265670333788,0.6040352838441043,0.20774951668962574)
(0.21230855793246373,0.6595076834410203,0.13506729382381977)
(0.18051800403935747,0.6257838951850375,0.18867707695516733)
(0.20115058052497464,0.5909329292935732,0.20634836386980157)
(0.19663820932898535,0.6324428572134358,0.17430777162658562)
(0.19345856800480532,0.5641504207014766,0.24198842317730448)
(0.20401065795909415,0.7771098226262566,0.0203907205671167)
(0.17645783619876454,0.6551470603371273,0.15722441805600793)
(0.20160138394281515,0.6076146856705836,0.18850960244544607)
(0.19571886853528428,0.6008158356023594,0.20062526598393873)
(0.20678286028172088,0.5705197326467686,0.2301618440845975)
(0.19321090209423625,0.7022812054356711,0.11371536710151346)
(0.19613892798218885,0.6089005967563391,0.19438725342171453)
(0.20121062750748164,0.5776181405293559,0.22327164176437247)
(0.18655912728676308,0.7641818610115738,0.05090433859014525)
(0.17319602647157342,0.628427936392801,0.19521424990044123)
(0.18827801731128221,0.6948481640474281,0.11782378050032012)
(0.19910426217586025,0.6107730020670975,0.1909262534889417)
(0.21327128276600507,0.6356695163590063,0.15292342437162063)
(0.17977531448662726,0.58471584131556,0.2295284143501678)
(0.20465802957285792,0.7523522240799105,0.053295521190368296)
(0.20467989791226135,0.6256433077992536,0.18327310776594566)
(0.18709396589455113,0.6198342128536796,0.19066055087573003)
(0.20513043385222868,0.5275473018615743,0.2733573465326523)
(0.198926720406709,0.5645526279461914,0.23820914580060315)
(0.19614306151925723,0.5803911723347331,0.2225568863987045)
(0.18829281744444973,0.6028142049187681,0.21392997232763175)
(0.20755053276888588,0.5132749203811223,0.2751451347429973)
(0.20715635612478564,0.6406146255647646,0.15402253635268068)
(0.19335287720173586,0.6725579374697725,0.1411861116692783)
(0.19652793412212816,0.6734782768768854,0.12402134086307633)
(0.18410026569159557,0.6351558212356347,0.1775835641050982)
(0.17791004419920162,0.6048599432895557,0.21186253868394858)
(0.1991520828855269,0.6455141434410568,0.15704204971739869)
(0.20625614937124626,0.6329074888340407,0.16689156909855665)
(0.19193265219595557,0.5410299168110188,0.26632427372113)
(0.1849329388594882,0.5838222487835205,0.23223194593527488)
(0.20567423628385334,0.5985392863818153,0.2015612968356134)
(0.19430542914910431,0.5768827826798287,0.2330834890369247)
(0.19271725733916914,0.6169393716739567,0.18597054146714015)
(0.18888090415936373,0.5585171315313031,0.24517697830121576)
(0.1984561591089277,0.6235165870524045,0.18398552355964642)
(0.19214523557618587,0.680086185342905,0.12730072592773733)
(0.18202643667698845,0.7171452022954268,0.09324434602182192)
(0.19239157824574735,0.7246361699463111,0.09177807075941188)
(0.19019658141890655,0.7055488411794348,0.09966807674793311)
(0.19017183861870382,0.5910919871957514,0.21619383017636792)
(0.19526161549799198,0.5528385274392059,0.25046366376090196)
(0.19199946028903955,0.5646713997115765,0.25374741799127015)
(0.19318910727427946,0.689784283121053,0.11749534826038507)
(0.1907405802256082,0.5762911733087137,0.23459303079869848)
(0.2018231645269176,0.5516950836853362,0.24453226265266229)
(0.1981938632640467,0.5891388397198413,0.21466909342891083)
(0.2043141697780377,0.6070753713041497,0.19384629985552038)
(0.1973758857437718,0.6330611067361744,0.16796493856377423)
(0.20002320534833398,0.6781528485424787,0.11997131753051433)
(0.18810904205936105,0.6126934806957373,0.19878086011724708)
(0.19253493740273206,0.6071378822329871,0.2043068765556428)
(0.18613436913633477,0.5750120739293956,0.23582707836401987)
(0.1857668091265703,0.6353312194861839,0.17136243684835153)
(0.20951511851938182,0.6195995039825114,0.177284606598711)
(0.19190269794994935,0.6243568347745775,0.18328320026907566)
(0.20417870916294747,0.5781819200728844,0.21495588156136025)
(0.194687767524794,0.6468789460496716,0.165002434789674)
(0.19068918186963046,0.6302299384065307,0.1773391310724383)
(0.19666194973479917,0.6149136218885755,0.19837737376104334)
(0.19397714418408254,0.6505077590027714,0.156555338325926)
(0.19386800630669396,0.5868648279160754,0.22869554723966776)
(0.20276770458293084,0.6063437857679863,0.18198656281482473)
(0.19325796624518862,0.6446824698333431,0.16618706377610154)
(0.20319736443703276,0.7015980267983939,0.09558734522575424)
(0.20241055236199884,0.7123568264576527,0.08469074780507736)
(0.18822268881221577,0.6044374436676232,0.2155750384073567)
(0.19849204021098124,0.626860604073111,0.17015563025752806)
(0.1798700880717125,0.6585821003370786,0.1512635179109507)
(0.19812913932099604,0.6502967410360001,0.14749329740043748)
(0.20638529167788833,0.604524196089572,0.199488942782916)
(0.19717054098186854,0.5531287583326084,0.2545020749553032)
(0.19810740062880647,0.6076747294190649,0.1901791941463823)
(0.1783934673797555,0.6237953101984107,0.19728623752072733)
(0.2000846025353985,0.6982335062708452,0.1105938006168826)
(0.1951392275721168,0.6284652079956132,0.17793143372401043)
(0.1974098495709177,0.645846372767008,0.15807685804730923)
(0.1883011327338715,0.6017516801103701,0.2122442246083285)
(0.18648972679996942,0.6321234404726095,0.18393256426811402)
(0.19993120916227464,0.747082527984441,0.06037342898043118)
(0.19361372464037813,0.5975864151333953,0.20717882357844533)
(0.21212442403872495,0.7008452834545981,0.09433681006678614)
(0.20738998891858892,0.6330181502029761,0.1589087237932556)
(0.1865146717123039,0.5730322876241928,0.2391614096658035)
(0.1986243580518797,0.6183394146419243,0.1786256308470519)
(0.1900107866412847,0.5876717172673331,0.2183367945401694)
(0.1912947091359204,0.564731487413037,0.2506322726334877)
(0.20697754843344496,0.7571764814863625,0.04170905709924324)
(0.21003044798629567,0.546027704348823,0.24727063461396406)
(0.1954087440565053,0.5736829856027563,0.22556412054193525)
(0.1881412327840084,0.601156481339455,0.21144864088791557)
(0.20145224921473942,0.5653730624191743,0.2448300327213069)
(0.19054713090643643,0.579724753535768,0.21960328173739058)
(0.19812978336167703,0.5878914949364913,0.21550662535308895)
(0.1825267895373229,0.6412750475482409,0.17613444876108814)
(0.19450264504906165,0.6542672457715222,0.15906496557895541)
(0.19606190350047029,0.6559892522487473,0.14313611040071095)
(0.20036613576772574,0.5318812303103289,0.27295345702246004)
(0.2154353113725267,0.6417891557391882,0.14904412825096167)
(0.18258824178253766,0.6234879234365472,0.20063063408260914)
(0.2002927182261852,0.6027388230741113,0.19996261256419348)
