(0.21862561085777288,0.5746844212626968,0.1978373280635933)
(0.19452491655257342,0.6373165622735879,0.1668875395740316)
(0.2157062462603538,0.6478725608055655,0.13080583827672068)
(0.2347205377119923,0.6176743957581159,0.17093518229827173)
(0.27124072563754215,0.6205200847681309,0.0958902638271303)
(0.19071436787932466,0.8618991042369345,-0.030898042204336458)
(0.18462381364769723,0.9650758837580096,-0.16305609943544294)
(0.2274339598841177,0.6457455383071166,0.13885290999957195)
(0.1942332552112883,0.6617622442349422,0.12113662250352024)
(0.22184918013669044,0.8824609686201851,-0.06734624122238404)
(0.2326038884959049,0.525264986587423,0.221603831751416)
(0.2092869059782307,0.6945516635760772,0.07273635221901409)
(0.24742224395462947,0.6972895059390319,0.06765942668355056)
(0.22655904673239521,0.7249612650283557,0.04174571689072205)
(0.186041018036415,0.7460500141822836,0.06834892992172512)
(0.16629684407465148,0.9640405254920429,-0.1293316462965302)
(0.21172568257987745,0.6177120130105365,0.1763758521754216)
(0.1665797096342724,0.7796300714603092,0.04611797760243818)
(0.1569746231723873,0.6828664791876297,0.13431402204217635)
(0.17634567946771368,0.5546283805248219,0.2867784416376714)
(0.1580952251839339,0.6584629602769395,0.1776523872568687)
(0.1678461189298634,1.1539446648906166,-0.2717620213591484)
(0.22597870724667848,0.6539965926885472,0.1303704166317261)
(0.24360896598495335,0.5596896465451545,0.2193775723659083)
(0.19760788679943073,0.8107332263725304,-0.002402032933776233)
(0.2755857559560439,0.5458610742196693,0.2287999947479279)
(0.23018367720081193,0.7725438459490321,0.032051139081957294)
(0.20348178723492905,0.6013741424654162,0.1899601723250121)
(0.2301325671296155,0.4883977109265601,0.31452648567457264)
(0.15568286397259104,0.8100679854751583,0.02414033409925084)
(0.1918374212792048,0.6102630254163858,0.1759124125185014)
(0.1841774695912337,0.7921106540727556,0.023255671932603604)
(0.1984631572843351,0.9092408903154612,-0.13308189153422995)
(0.17417879696362193,0.8394640340467112,-0.001261854863705025)
(0.19263871984606354,0.7321138603110678,0.09323852734110254)
(0.15600486437646896,0.8179233540866784,-0.0025945580237801383)
(0.21509682362931032,0.9901217756044618,-0.1402370527894573)
(0.196014448072523,0.7020068541226947,0.12848289294213752)
(0.18599209576668882,0.5305912347606937,0.2704555664344933)
(0.21884063080532404,0.6967206695210173,0.08384288259998875)
(0.21840023501259623,0.8941027184074365,-0.08586874195591034)
(0.14033287620462492,0.5551185498395843,0.2668982079696558)
(0.2214606502746282,0.6616406040111397,0.11245019937179661)
(0.19449254422325798,0.7352862895832074,0.08135066382506012)
(0.21052030797657065,0.8521054999547413,-0.045971219205559674)
(0.25791141983564086,0.8769363113246799,-0.11205227771555658)
(0.23447686000185822,0.706474497814212,0.057048027845752594)
(0.15337950861843644,0.9205290840385771,-0.09482079715797789)
(0.25079749412173236,0.7087788778081194,0.07299665898102552)
(0.1480314654038261,0.49739962044372743,0.3469792589820906)
(0.20191434023739982,0.5819842125153316,0.2200775238271766)
(0.19538643439160383,0.7510089282739405,0.061804136925012805)
(0.17985126287234013,0.5048810971406812,0.3050813828093048)
(0.15243115537613341,0.7723920630911133,0.05598484711271551)
(0.2172830846875052,0.6741307581370715,0.12009186753780753)
(0.2157796688193543,0.454995290034926,0.35361187665826105)
(0.19764519266338026,0.827671183246305,-0.02139989333927951)
(0.1840354463431278,0.7405379506242196,0.06771254101492838)
(0.16714759822559147,0.3800749754517904,0.39081750157322814)
(0.18546879143593836,0.8026810431155711,0.022279860960108124)
(0.20117930639460885,0.6666441208889016,0.1514086519702912)
(0.2024284271423743,0.840416140503981,-0.025880290506506854)
(0.19586484813562532,0.447850724350603,0.34469087880653954)
(0.16516088047712796,0.6068885612790725,0.19329595965160531)
(0.1647095827778737,0.4067410168179047,0.374255854461516)
(0.22879167622535124,0.7327353903259315,0.034700912362006814)
(0.16947960442588803,0.4254712387350514,0.37845639039720824)
(0.20482917433538397,0.685307538655561,0.07815534865771541)
(0.17711019518970256,0.6754190301764805,0.14085495965539688)
(0.2120482842077353,0.7860965772282709,-0.01101311163957917)
(0.16258931694305434,0.589312273913514,0.23726452889340616)
(0.17304597283044623,0.6115715407784521,0.21065384682950905)
(0.21834112268754216,0.8241754423451508,-0.010719771377431343)
(0.20670505327465866,0.7637691812645581,0.08455039354851365)
(0.1747772843982267,0.6844541674746839,0.12271298726949378)
(0.19499645079129885,0.5658041722657492,0.2357234569181443)
(0.2113231915261637,0.4739560662092664,0.31037204454292444)
(0.22272681465528615,1.1505204749650548,-0.3346021875619007)
(0.20921516534102177,0.9595978825182765,-0.1613928063116935)
(0.21240468680012262,0.713556072227576,0.07489239974901596)
(0.17199612239378098,0.5767153301393111,0.23017237534670196)
(0.24280937676269765,0.6458425764067042,0.130813227737652)
(0.19972980781719843,0.6201132014814881,0.16484590084722606)
(0.1928508268902027,0.3471023605758614,0.4670103704824374)
(0.19818121744165737,1.1785521540391677,-0.3631610351737165)
(0.2400235250829206,0.6076050529614866,0.16581991829439247)
(0.2087498859176828,0.5602218579993774,0.23046026346417045)
(0.19643878573184065,0.6290263854515301,0.15720688741948471)
(0.2965339569040073,0.5890150829782925,0.16112599410148068)
(0.1870087537354145,0.5818729561397364,0.2351798291374533)
(0.15406650658343427,0.8302365374937691,0.0035416431715605545)
(0.18083163196411792,0.810638954950382,0.03775277192988381)
(0.2580216737188635,0.28243088673784256,0.45527355540525416)
(0.23111946215022444,0.7727800193974432,-0.017853887412584344)
(0.19954248426715349,0.503766528961681,0.2958579061255605)
(0.20932168979266536,0.6264089448525763,0.13322554268577327)
(0.14638310727579296,0.9056809843437131,-0.049086063454845556)
(0.1848116373282313,0.6476784927563867,0.1510915028272194)
(0.23977098198345614,0.5960868976135142,0.1693877724791538)
(0.21660856297639727,0.6542122822956377,0.13910931584859157)
(0.2563589139008332,0.5354030998848937,0.19831869293641932)
(0.23354554788300627,0.7024980867086492,0.08039143024247614)
(0.2012517054975814,0.46141163790209155,0.3487733269284596)
(0.24558031451348528,0.9986561553696012,-0.22121021917458092)
(0.20987988057198748,0.6514300814491922,0.12479699015215212)
(0.22338395810615802,0.7919628868683125,-0.029465309655730243)
(0.235015858341101,0.7582699807874145,0.017744640712446566)
(0.19260249464565335,0.88539403292975,-0.07216864210351703)
(0.18786656058126303,0.6502977469250526,0.15746500922374015)
(0.20308075052239039,0.6141099127587865,0.1790121087627374)
(0.20177178514524027,0.4807483710755421,0.32898441549078855)
(0.2111606286273595,0.5777642534178021,0.1869401797999798)
(0.15231940192671145,0.7450940135417723,0.0816308439774961)
(0.2059789808554856,0.4899553967124333,0.30349470859885097)
(0.2134162551823518,0.6921597236243197,0.10443013214691357)
(0.18995099769129942,0.644062369923779,0.14862498570829918)
(0.15932001482937327,0.8205991021310398,0.0022758831747041507)
(0.19508029260471774,0.8919215094595383,-0.07966330593382209)
(0.1893196499756792,0.2834313519796675,0.5458946806352665)
(0.16893706486812834,0.6553927476028568,0.13998440998516848)
(0.2028885288191469,0.9239563790101534,-0.14474407738941822)
(0.20782323422288762,0.8905406366502163,-0.09715978413448552)
(0.1875237809529855,0.8981418633835646,-0.11069464663900479)
(0.1261500196168057,0.7006208057314323,0.15124167400445002)
(0.1891252742714029,0.48506765704627786,0.3352284064695099)
(0.17646706440264193,0.5928402647019361,0.17242672800153708)
(0.20929842600185397,0.5528045606521296,0.2327164099263986)
(0.24232144014853316,0.8704709476208654,-0.11198867631475203)
(0.17954753683019517,0.7386859572875635,0.09886539085392768)
(0.18223516477320034,0.29283171110645717,0.5022873962147028)
(0.18602055201376913,0.8948269621815965,-0.09239715022415193)
(0.2142875456044271,0.8738141610957282,-0.08549879846526456)
(0.22178911439671326,0.5467683188331547,0.25091332287079143)
(0.20969314907512632,0.4813920105983532,0.31756658173511937)
(0.17043502305462196,0.7581257712027721,0.04953913650399749)
(0.26394644532370065,0.5423285116821815,0.22046862961838554)
(0.19744438228965597,0.718600359368999,0.1010468960174521)
(0.20601832891022107,0.5555847332081939,0.23036792683379703)
(0.2245794383896349,0.920273614544301,-0.12808533661657162)
(0.19257698342684712,0.8056076520014543,0.016959709447449917)
(0.2342716063207657,0.5598399134010215,0.22334341113304237)
(0.23701532822763843,0.6880307333280529,0.07369101686588742)
(0.16349368994231786,0.7270335586319088,0.09594273741026685)
(0.20415778939012863,0.6535056101252452,0.14469072185253276)
(0.25880998992459564,0.6503019646375308,0.09491224164621084)
(0.15820192282231013,0.7751198062181319,0.06545818764310288)
(0.19051347796776208,0.8161679259082343,0.0009087293429679433)
(0.20941133210915994,0.6456637049747399,0.15333272312797916)
(0.2489202434332915,0.59686885057179,0.17480732595094323)
(0.19259162528310875,0.6683047234218337,0.1307894111958699)
(0.1663591289617545,0.6498241374271794,0.18009932655704425)
(0.2276031224645862,0.8555444577271307,-0.08231194400924982)
(0.21206434522141068,0.6287487305925566,0.16298689942795427)
(0.2608772695597622,0.7343137095451486,0.06284110642054877)
(0.169603836466928,0.44572186444727163,0.36644728239975305)
(0.1624665238465299,0.8584808307760695,-0.02089395882299675)
(0.22717986051302372,0.9276965133135385,-0.1291227933455331)
(0.23502641810078106,0.6758194714979845,0.1159834137654575)
(0.16991974514970842,0.7245068421893127,0.0746294339966787)
(0.19145167977806646,0.40357991367192364,0.38631725488176966)
(0.2268872071721557,0.9130260456769651,-0.11243623677728122)
(0.19050702595769672,0.66653001544863,0.15729121070466412)
(0.15497572724552147,0.6753217896064178,0.16888289040775598)
(0.18441615950211382,0.6701499599841142,0.17134436387700697)
(0.1960046367466771,0.8016101212823712,-0.03193606405427629)
(0.17287568198521916,1.0189120769588114,-0.19155296057598142)
(0.23440008637723755,0.5842786369798217,0.21740518483076948)
(0.2291591205978716,0.8402599822641716,-0.08800492556970713)
(0.13957831199243695,0.7014274623043328,0.13600933617879893)
(0.22695804662136052,0.667922312079759,0.10462435311395928)
(0.17272897878468974,0.5524546022011537,0.2789937959029591)
(0.21738220210294454,0.6856905474017535,0.08889329183759796)
(0.1868642141107916,0.7508083769147554,0.09707001315573795)
(0.23848474833204217,0.6002252912301684,0.1737899996384252)
(0.24459898901910127,0.6701368145396008,0.07081875568703316)
(0.2300647009438678,0.7611741700103826,0.027610072147765955)
(0.1895277330137341,0.7711993342530002,0.054892617133576294)
(0.23153537013552108,0.5034102840823416,0.30158434028771136)
(0.1559399629014857,0.6237156374076761,0.1877189310716194)
(0.19830965827177077,0.42101422492738605,0.38179089557738266)
(0.17592661108524227,0.7721331172326161,0.051611798005443035)
(0.18521373765455118,0.46943960847379473,0.3433319010017004)
(0.16119132870688493,0.7724079298507648,0.0515278030074778)
(0.20948986618863846,0.6378864913913944,0.17073982540324617)
(0.22255654430858218,0.8393094914991922,-0.025955535141454517)
(0.2585453751447524,0.8247114735071713,-0.06703572358964358)
(0.2013646987930828,0.5028005499878512,0.2684988257442062)
(0.21857402397429507,0.7480626427787802,0.021064102639416223)
(0.23302023797109397,0.2599208542180744,0.4944872646294038)
(0.20409314449292465,0.5391051663477422,0.21982104785210568)
(0.26004443026510277,0.716635404293238,0.029935060503343106)
(0.18063584940630395,0.8761766058158218,-0.06777364388167403)
(0.21506094384658436,0.2715857754196539,0.5305387457181248)
(0.19047937151086133,0.3062387423826622,0.4617658720234947)
(0.24765253347357438,0.7116443509081068,0.04799154080872037)
(0.19763704223320744,0.7878232072930121,0.01881304554814582)
(0.19003454012890747,0.48364264142318475,0.3146621385945562)
(0.19434043704070306,0.7061108079122288,0.10859126829418517)
(0.16180593926717238,0.7372185686918329,0.1096526432323881)
(0.14578956530470355,0.43412267460156095,0.37606871357384036)
(0.17980996822927445,0.6773693838332381,0.15091604949597862)
(0.21167743062840802,0.7605789477061426,0.05246426636480382)
(0.20634008263797057,0.7089657078323315,0.12919820071987728)
(0.1627220857018918,0.4992758827165462,0.3307943201577367)
(0.1661285829608374,0.7335821827849514,0.09633355423401183)
(0.21566790744753034,0.7564956890255765,0.04096063877678648)
(0.24823883544674294,0.7964719551462429,-0.0263503763405399)
(0.17013084786483712,0.9716704250583433,-0.15858370059293156)
(0.24265943711178517,0.661899945322147,0.06521136774720694)
(0.21130546081475385,0.6619867810402936,0.12287019275740504)
(0.2382055971330659,0.6121652378426762,0.18336115405546283)
(0.21514731181135238,0.7858042932117806,0.023318651873117675)
(0.24486567221664024,0.6400434194412319,0.1315952443122338)
(0.15188583895827198,0.8822778278431953,-0.008425744056256651)
(0.2070678955208416,0.5184616902154376,0.2949052118889553)
(0.18430810645738885,0.6051955941274129,0.21911162634610012)
(0.16645481710648452,0.6525264724267229,0.1563142959590712)
(0.20198189670188021,0.7328575920739195,0.05174615174550437)
(0.16217998599975564,0.6547583487710179,0.1645542948456114)
(0.17912449315480924,0.8148350041634099,0.006377560362347593)
(0.2449701145703399,0.9796617163230553,-0.18457600952929995)
(0.2030206844130691,0.8356712557650029,-0.0436460343280266)
(0.1512451703399593,0.6974624976700097,0.1877513624604636)
(0.22634154752282928,0.512806343689736,0.2503109571914186)
(0.1486399093173972,0.8808925825375189,-0.055942250882912985)
(0.22144902821031506,0.6723808361909932,0.08066417025305457)
(0.17097498655548515,0.8236566984508479,-0.026942620024580262)
(0.2155533808064496,0.6367163970683157,0.19588396365397284)
(0.23909902755702045,0.7371391593739676,0.036710790482483664)
(0.2849773099449257,0.5133363531404095,0.24473222798263833)
(0.18562063717680632,0.5641444925728335,0.2513135853146961)
(0.21934344677245485,0.6680621603137851,0.12841023530994958)
(0.19176937540265657,0.803543268046047,0.025443268136054305)
(0.19398548019161252,0.422487574516138,0.3689326607187327)
(0.2543619760530015,0.8048448080745493,-0.029882036007918614)
(0.19114946784473336,0.2937923921411597,0.4644767341810598)
(0.16901916328456623,0.8455564934272247,-0.022722243831078685)
(0.15792947149623143,0.7058821731632372,0.0851055286614251)
(0.1806951961313643,0.6724247689235126,0.12286026742749605)
(0.23453636893559907,0.5054551202478392,0.24930106512387046)
(0.22589413429065588,0.5665880919847455,0.24324710020861742)
(0.16966584315279587,0.8390556065887048,0.01066304633935299)
(0.13714704259893296,0.8332497017004317,0.008382237364645405)
(0.17154912277598555,1.0361568454927719,-0.19719675537513973)
(0.20696146816822988,0.5712456466443528,0.21920448881443463)
(0.17393908259903726,1.0587406371109478,-0.20165473079189813)
(0.2150953279924635,0.5435801438292187,0.24778157828237946)
(0.23497702153688435,0.6174657870483282,0.17306655676477437)
(0.1590174779155014,0.5604639254600637,0.268452144762288)
(0.1794206967834051,0.668850691466969,0.1621086903953317)
(0.1054706699055188,0.7091282890805898,0.1236918316175354)
(0.19707795275515597,0.7075653422158725,0.09688967530401237)
(0.15916717467619648,0.8817182276473118,-0.05493396767879046)
(0.1742430741679139,0.3914182093404063,0.42039597824936775)
(0.17990601667065653,0.630579267774105,0.18802301335422245)
(0.19794220441765084,0.8264592935749091,-0.01082533696899621)
(0.270936532055686,0.450570454229108,0.27021144711860084)
(0.1986541049831302,0.6768684209486407,0.17415481519389842)
(0.21639167487232006,0.5343423024775165,0.2374817291562821)
(0.20581106542987979,0.5134050051869302,0.2911443386209232)
(0.2438548149569434,0.6389965066894224,0.13141446847660934)
(0.24796328763865377,0.4446218809492386,0.3015003535640166)
(0.21411279665425803,0.6922706412553807,0.12303266020822931)
(0.165047916504945,0.8481674700390143,-0.05536910241648714)
(0.21422153729778304,0.5195860627831841,0.29641626309566876)
(0.17435815900194196,0.6479284448468582,0.17920101294062296)
(0.1905561641556033,0.8099071436358566,0.026645911639004455)
(0.149145357461542,0.38545263444442474,0.4580889057898109)
(0.16370032198562462,0.9815880298226448,-0.1299379726435207)
(0.2400699868822577,0.5966936873958023,0.13092448608868748)
(0.1496707872306314,0.5401380779161951,0.2803746588579812)
(0.20383278417054693,0.7521347507818444,0.04325717692491533)
(0.21814672135037885,0.7442068853917478,0.054222696135551925)
(0.17450922205717528,0.6475637550203819,0.1495612236599434)
(0.19779159094627294,0.8151753019812378,-0.025815690999759007)
(0.21363908863370526,0.522193969205998,0.24816317884563258)
(0.23861786602599228,0.6512217423387437,0.10271700927790971)
(0.24478480388966045,0.5987270404189018,0.18643068357558107)
(0.17965578837824245,0.7401626760685511,0.05901575315048447)
(0.1978024175050961,0.6618705716064814,0.13143249462706488)
(0.27549296036464205,0.5594614272544135,0.1899720522306834)
(0.18722723385066287,0.6692321835928425,0.13941331195787537)
(0.19253738346294658,0.647077830000462,0.15365845773137368)
(0.1953384688943438,0.8742028616088866,-0.07546923103751993)
(0.1782509516500036,0.70511991023499,0.10381565557702349)
(0.18328653354009689,0.7240477280944994,0.08379865137243267)
(0.21541358418054743,0.4619148114852766,0.3068593644426841)
(0.17941977157210656,0.4666715540483849,0.3434138748074757)
(0.13315931410073237,0.4375382709692495,0.38136541903529403)
(0.1923385013865471,0.9538231468965976,-0.1083576771361919)
(0.27575692497309534,0.6200061518558091,0.13345057767955262)
(0.27049986445268887,0.442312172452162,0.3212168913387284)
(0.23848474942606707,0.9853321323800439,-0.20175737834259963)
(0.24116952392810526,0.5895468791133397,0.17856441271761653)
(0.19724375750888004,0.6584537641071512,0.12671429410277665)
(0.18448637636481274,0.5570247377628352,0.2563066452200846)
(0.24228635546397362,0.43650049562313725,0.33825363449842427)
(0.179135329489512,0.7106243861379344,0.0845631105925443)
(0.20742692990050202,0.7118388029445658,0.08256960626995288)
(0.21571632517762393,0.7097543137816478,0.07425092000452774)
