(0.21315321559056918,-0.24577041452798684,0.9865338593820947)
(0.19533619414157954,0.2954409387834331,0.526564545640609)
(0.14586901967915786,-0.2624144530855019,1.1173586580096513)
(0.16065730025964534,-0.21150057010065565,1.068150336979249)
(0.21079501601846173,0.0061845509834267355,0.808439192113411)
(0.19171144646539143,0.49757444562330017,0.30277345537056394)
(0.18844864316461826,0.21996843566548177,0.5400999086240523)
(0.28336422731285504,-0.16189554150501995,0.8781144322799661)
(0.1968633918004445,0.07747953822831914,0.7015307984476676)
(0.1646051112847799,-0.0003709549405802739,0.8373003480102403)
(0.0718706099674212,-0.2345659816188372,1.1296717883637415)
(0.22089414160100987,0.08375420223822283,0.6388116956880097)
(0.1336523593369934,-0.04244288643511586,0.8498215218977949)
(0.24662372315963518,-0.19301253571518434,0.8898854072478942)
(0.13778055957324126,0.11955707007834851,0.7406709194910035)
(0.10432032993488943,-0.10132445676623038,1.0106284430394028)
(0.15824758399876854,0.0597985404068746,0.6903998577665768)
(0.10639140900353367,0.4811027007653,0.3495727783778205)
(0.17732132910214138,1.0022246856418844,-0.17588146000855776)
(0.10259842676537705,-0.4168351507221848,1.305722226035904)
(0.1682568867437084,0.19991865648335141,0.5625423446517864)
(0.3258235677698255,0.44535062878220955,0.23304321516486795)
(0.1351585392947604,0.5139222561094129,0.3223689907709182)
(0.19224126323313673,0.17362862664183068,0.5776850703972842)
(0.2058430820686417,-0.09321765879210943,0.8706277399267662)
(0.10856825983470814,-0.10146154901199274,0.8979360167076287)
(0.15335050299087125,0.5109640954142864,0.30265678610339414)
(0.11722627040250626,0.16889250153394242,0.7443652298692689)
(0.06283237870686165,0.5709953716240841,0.30049019844055214)
(0.1186672711659611,0.3872433962953257,0.4275485387793658)
(0.24080073583149192,0.459391273232643,0.34398755215004306)
(0.09672041988435989,-0.24928937473874394,1.1134733455145618)
(0.21416990110120762,-0.33641848803006175,1.1579630371080103)
(0.2473401196967789,0.7308498860686664,0.06971602638999343)
(0.3322730822662619,0.5153245171882038,0.18751176247326332)
(0.06608724445841321,0.567450592867892,0.25942538068956955)
(0.19018544941245324,0.28118353738532,0.4935849836119117)
(0.2194225253247006,0.20663901388384884,0.6530223262692041)
(0.18444625994222033,0.5103840922903087,0.30638157558043067)
(0.14773039907398663,0.048604828471864696,0.7666242410426143)
(0.32678294192968943,0.7552079837206603,-0.06971078329205467)
(0.294506353193591,0.4511420101647601,0.28324767811832047)
(0.0888778009869148,0.5450295223172932,0.30501645787355525)
(0.15049295716312872,0.006930559066472229,0.8168289651485545)
(0.18305568705933586,0.4925970728924988,0.2915370168457753)
(0.30072253546416644,0.3615929905678286,0.3816970268129915)
(0.2679842511494483,0.19941377218061795,0.5609572292775881)
(0.19401248535233873,0.448412567806401,0.3990417775497625)
(0.2470227285531817,0.21075937293968086,0.5971689913535818)
(0.21233273130458377,0.013798279684666412,0.7870506662503871)
(0.21381414732422765,0.009258916837447069,0.8088679815633515)
(0.16285744177391392,0.2056895001789087,0.5612325451196852)
(0.15856196236531658,-0.11870457012256981,0.9766705866317774)
(0.11573819227648154,0.504321742215352,0.32815055302257196)
(0.19908687981793338,0.15271703900792064,0.5993290964353593)
(0.38063355674573457,0.7376772653743797,0.048964276446090846)
(0.11676716172467107,0.38590664601517055,0.46127977023925487)
(0.19795226188098486,0.4362123621349604,0.3932911586567247)
(0.18050002915337085,-0.23962553307391732,1.0912235849414766)
(0.21480215210018067,0.33915877609904194,0.5031307882910616)
(0.13161433747740425,0.39900327634083826,0.46746566320742)
(0.18742761114854117,-0.04116567250800232,0.8073136880549338)
(0.31510301217934106,-0.36016231392828624,1.1177910765924413)
(0.2854285442896825,0.33333256440407183,0.4068234660654727)
(0.3159519748136512,-0.12909537656530667,0.8468959813789754)
(0.16413622029812008,0.09057371223969216,0.6929247132384081)
(0.22744178606335946,0.10815267375022318,0.6047398256561903)
(0.2630400867635178,0.5772953522241234,0.181042448050208)
(0.23719490509647356,0.20831173494402902,0.6053907639734686)
(0.2458461922593067,0.1999566705079823,0.5254511079278358)
(0.06564224992753458,0.717810593077468,0.22103512413828483)
(0.2968519122353984,0.23410714452265463,0.5228942446148237)
(0.23423038417874842,0.3034009201701973,0.5058486366024825)
(0.3275679500726404,-0.28528449042894843,1.017846337162763)
(0.1564173418515381,-0.01930900994544429,0.8356590533939064)
(0.2420201721075246,0.052034365363215596,0.7283338791217622)
(0.16101630930300706,0.012716326181627649,0.8309588554589978)
(0.2454876801731903,0.564145366814193,0.22689610231260407)
(0.3171278363007871,-0.29085886105722064,1.0154690106238473)
(0.17857105561213302,0.7752989464133107,0.11295753553202935)
(0.19710986186128904,0.19686374474984414,0.6038494413841651)
(0.15559689698124096,-0.006540642798558319,0.7823224663885063)
(0.3163558490908583,0.49698222404311454,0.2845377593322929)
(0.2817152016771513,-0.01917641231016893,0.738980558508855)
(0.2131061563688239,0.2796922967871419,0.5111317934671732)
(0.17818389005154078,0.264373999811545,0.44778237492982925)
(0.17742609727272715,0.7350184350782748,0.08720695245419152)
(0.22786672993481819,0.9491595590680507,-0.13924886421335295)
(0.1699768365285767,0.458197825141434,0.44414457234502414)
(0.22418790018441123,0.8131371643067721,-0.0240081645050178)
(0.19069778360171935,0.4832877919055368,0.24718705773952257)
(0.14705017121127364,0.5174302845762169,0.3633525173472408)
(0.19751431059965177,0.34914735408519887,0.48469993889748286)
(0.3107398512580085,0.11488261815243267,0.6468973907664923)
(0.20264948225187343,0.24375934057513712,0.5463647580097555)
(0.17334219415306223,0.1664848572422578,0.6368279295525421)
(0.1581167480236023,0.22192544292980082,0.5883804356967366)
(0.15695984563880142,-0.19740166284217986,1.023582197441476)
(0.22868971320905726,0.6784072424273615,0.07073098542106127)
(0.1716375828891601,0.5263820404364414,0.2566850441583614)
(0.2165518483453732,0.7104655685905155,0.10206660756414411)
(0.14469421568041907,0.07820029684307142,0.8106988023591662)
(0.15518403569345138,0.43882787665838996,0.32531674791864296)
(0.19918989933460413,0.28023096438835965,0.5310189151307577)
(0.13726429086448852,0.3246646151788468,0.46367649498828034)
(0.25708115770193996,-0.5467048548583843,1.3087021464457416)
(0.24136806639252803,-0.2581224147232397,0.8856337744677903)
(0.0894372963090526,1.005349624523429,-0.1130184134580364)
(0.19159658044555133,0.6754651686346195,0.15390442000917384)
(0.1220932968171602,-0.08758123477933065,1.009395181051057)
(0.26576022613119044,-0.2771165903978193,1.0314288968518202)
(0.11943235110689458,0.41425541823528095,0.3992341697224498)
(0.1116046118221715,-0.023330497459299382,0.8326413456756824)
(0.21722961023344187,-0.06427057204754796,0.7842459550323985)
(0.2053699924473733,0.16877670288527236,0.6080995934987746)
(0.16359312349016944,-0.04184829377995786,0.8209872744021043)
(0.18629057303157737,0.13553456324392443,0.6394199773490354)
(0.19074098012235136,0.530212793649349,0.32830550438466594)
(0.17425246079347506,0.4559658185972229,0.2913908493907346)
(0.20265882277136654,0.6592319988039791,0.22280786483394813)
(0.13710541872076729,-0.24555056999094685,1.039817959446286)
(0.18294112464879836,0.025448018798942602,0.771431416464991)
(0.2054694727595347,0.13440900320947954,0.6846445844205112)
(0.1990221590288418,0.5201838711888204,0.2811997636914793)
(0.14837415501984494,-0.00292464673869253,0.8102160690612035)
(0.22320563017150352,0.1794215225542174,0.5977479881113035)
(0.22695165635858985,0.6171048625529476,0.23170239045564173)
(0.22419124113891306,-0.5143033151684152,1.2885305575791584)
(0.26650203331419203,0.42150329306223416,0.3930186453035261)
(0.12931813991475752,0.37237882015779933,0.39793320863642445)
(0.21463664736370971,-0.04676428726985329,0.817814977000958)
(0.2861305132830188,0.04455229884624162,0.7161851322219761)
(0.19856758495808238,0.25625251169386787,0.5818993281965456)
(0.3962573973601507,-0.5192621818580481,1.167288118213117)
(0.12576238167897477,0.30198944429226093,0.5880761458024053)
(0.1868850627744795,-0.3872480240946444,1.2617925609453025)
(0.15672434370883187,0.03896931886054483,0.8490872963350746)
(0.22052561208895546,0.8908967017950516,-0.10976741716983889)
(0.11372473800243761,0.4688089669840122,0.35099625414463603)
(0.22098345093956143,-0.048597793812273256,0.7999795415651673)
(0.17885669204924437,0.6840122269624245,0.12727783912929042)
(0.26484267233373376,-0.2908715563773844,1.068474759721843)
(0.2749995775211056,-0.3740167049224203,1.1539653239301686)
(0.357262040569271,0.6054236688683867,0.10833547360567601)
(0.2502341680223977,0.33832902958689376,0.462877108908427)
(0.08171410410658368,0.3230202205915598,0.4732905792815767)
(0.0688856315148816,-0.28235759087468926,1.1395878598119205)
(0.19143094312486827,0.24138432423144493,0.5518557900440454)
(0.18049970449003327,0.5279383532846393,0.2965509580077976)
(0.18314574233333755,0.22316892581833103,0.6082298350566439)
(0.26724591315252777,0.6156639277256567,0.17233288229037488)
(0.16011291805407607,0.16282435892376976,0.6617315262917574)
(0.23010877586989112,0.04559900650439082,0.7181519241168868)
(0.19374521651901222,0.04047016737994109,0.7940355691433892)
(0.24569159533631196,0.28149165178757923,0.4826501234812011)
(0.2851291343433371,0.45734561719327804,0.31387655522865615)
(0.10774182298401998,0.33766441392902374,0.49275885063624913)
(0.23307338317453455,0.18713011642657149,0.5796036918092464)
(0.2609673297178871,-0.212708417878117,0.9662503448160099)
(0.3290741968806312,0.5728328739047408,0.18255630301083464)
(0.19351448116455014,-0.21503512744340839,1.0192810611613263)
(0.18084010447887752,0.5615261231210081,0.20202068927964686)
(0.22711501422330146,0.47615494021666854,0.3163757108889767)
(0.14543004942363058,0.4043770835141817,0.49881303787030706)
(0.16584114989264467,0.47054405601552834,0.34212051673095506)
(0.233325746175534,-0.24816640760749642,1.0269179932359098)
(0.14987541303172536,0.34112956855966614,0.5095613923973729)
(0.21697645869174137,-0.1636995103712682,0.9788927338944412)
(0.17798012366766292,-0.18442697524321566,0.9539745169292033)
(0.24630631687625315,0.13920162037581976,0.6380974647100911)
(0.14452736572897537,0.14530048757844552,0.6759487393744535)
(0.1309271939096187,0.4717480709144893,0.38465576491951764)
(0.29190799895315245,1.1083892021477253,-0.3391428411339011)
(0.2691417319868271,0.7942155785563059,-0.0009393716811276924)
(0.24027726013607356,0.19588443984853063,0.6062356401378353)
(0.26053010890988954,-0.20237454299898025,0.9466182262800054)
(0.15491556572426068,0.23795660358206353,0.55532760555058)
(0.16915422271546462,0.06348294096943607,0.798529601167495)
(0.16231259507855855,0.1825681281577182,0.6360999782537962)
(0.24635109935995694,0.05913001680993719,0.7417866655563388)
(0.1815337521597071,0.26184039201878795,0.522066216189727)
(0.13962506573073682,0.3165648116841547,0.5025136584092507)
(0.14957718652279337,-0.3713478103413073,1.214981984344143)
(0.19510761660003068,-0.14553019230518197,0.9790383828928927)
(0.1365358697378436,0.1470919917916769,0.6169838144925647)
(0.20342422425592413,0.655394580423186,0.25836324479105227)
(0.22849476585774556,0.22689648424522355,0.5819148155009576)
(0.3021635555593381,0.3660555834250274,0.3578386053863366)
(0.15127865280687786,0.3853381572208004,0.3847089257929027)
(0.3531953380204584,0.45417936417962373,0.29892633424601267)
(0.18480824805458204,-0.4413422295024329,1.2504832708190334)
(0.14832677263155364,0.022243361387652656,0.7955477682879193)
(0.24022657751995805,-0.10918680251702868,0.8896817112877895)
(0.22468280988057301,0.05259645348967245,0.7399780913188091)
(0.1586085554174178,0.2274476855624984,0.5143769465141139)
(0.13465606303754443,-0.08793728097399953,0.9023608328560494)
(0.24229418286094706,0.31197562732446443,0.4412600665882608)
(0.1874421432269183,0.22487061815417236,0.6871285730084489)
(0.16325714665421545,-0.03395443417030824,0.8724673964497212)
(0.3033467370365312,0.19679092636867485,0.45948369301496234)
(0.2571322433101981,-0.17381284377676967,0.8754804791043412)
(0.16382078963456437,0.4539176795519765,0.42906496183054793)
(0.20790031418600893,-0.5471320019896279,1.3766183496059097)
(0.13012634133476142,-0.03289337569871857,0.8373472627640859)
(0.14085051576299376,0.6000226876862407,0.24352671903397735)
(0.2151816088512918,0.6254494915277868,0.08963279937445484)
(0.16843000301093872,-0.17024566418639447,0.9412854252795907)
(0.24222840026987977,0.48665964072912704,0.3069373832315185)
(0.21264516440249062,0.23775283618104867,0.5425285586479653)
(0.2004832967146228,-0.027053698408825304,0.7867923030012711)
(0.23434285003977168,0.18982084610316646,0.6212626196530598)
(0.24096970218593383,0.4779439023839175,0.35620315153773446)
(0.24525076107805394,0.04825707630449877,0.7414639043499979)
(0.1771303132062135,0.14203296410643182,0.6911412611812978)
(0.1759931734201882,-0.14746825029689908,0.8867861742047783)
(0.27571375423955546,0.011766558320974261,0.7279685725001203)
(0.19351535308624435,0.9575256403578175,-0.1284836679157328)
(0.0591993265813529,0.44472726508467253,0.42194437434739873)
(0.19711460197998162,0.20521245056847798,0.5830889752082373)
(0.13637638624556453,0.2947989081603199,0.5376847861516563)
(0.2546829397526205,0.04132740086525002,0.7169928450043856)
(0.20518405356499528,0.4268579657065951,0.40380597619401254)
(0.19822057473427923,0.014728725201355998,0.7661913705705231)
(0.18124671277461238,0.3531709964113543,0.4372014462237038)
(0.18372606612478548,0.45994485561397824,0.28818421167193004)
(0.15977390883661566,-0.39134412509103317,1.2339613770093674)
(0.2090517541171426,0.07081540974572822,0.740070658620665)
(0.1753264821802229,0.3533686453340379,0.5412782371113506)
(0.1609707081900118,-0.43086437695116897,1.1697897627521938)
(0.09603145292085616,0.16535069343701647,0.6622750744406808)
(0.1762287153032697,0.46658656675762866,0.3196353961338947)
(0.1268299640131157,0.13483119970658897,0.7084260141778489)
(0.16608968335184354,0.11115339899051332,0.6862961283110468)
(0.2249185652435296,0.1335228007737778,0.6452714677202357)
(0.30769715347527227,0.1513349621284193,0.6362297518531093)
(0.26568705256276903,0.27544805360620417,0.5240223195618283)
(0.29020757290750937,-0.1314614535926534,0.8348764801786657)
(0.17729691054405405,-0.5407806697274049,1.4015624615824995)
(0.25165977919125315,0.32922443291805636,0.43234302611832076)
(0.22686152474553162,0.23481004069215716,0.5964750778925334)
(0.1239544093560091,0.03788800256429685,0.7398618041659777)
(0.22253098761932608,0.19087719934582653,0.5854368010284267)
(0.25755839427557725,-0.282478283405649,1.0375753053740455)
(0.2531070118532179,-0.10176621452385495,0.8731091012396209)
(0.12479977156906195,0.553605211108183,0.31840542073317923)
(0.09133247446163315,0.43340363004028537,0.41251427405800867)
(0.2279568939776069,0.2969666685470531,0.49608610071369924)
(0.25989240022032767,0.1615317582590846,0.6813878806582396)
(0.20699000275127646,0.47192229448015155,0.37186890756193347)
(0.14454896130274278,-0.04310659812662831,0.9048136102433142)
(0.1879573122432103,0.0019386928653842678,0.8572836194148663)
(0.3099909830288513,0.42478569877672656,0.3360543275092094)
(0.23759240905617618,0.13756378151279094,0.6610279691093132)
(0.17043984913167656,0.5516009899094259,0.27372293660611097)
(0.311112209140953,0.885081091052363,-0.13918937147490995)
(0.266801581081245,0.24194142432764293,0.5508032147165275)
(0.24570400139327045,0.4143587380559893,0.35590385744937014)
(0.3410807910256947,0.0861970045888941,0.6288441326587962)
(0.20748154948322292,-0.4755438347942834,1.2346428168385328)
(0.1535692023127237,0.6787516479842857,0.12843828600804763)
(0.20826349219556514,0.10026089644821756,0.6782906432416684)
(0.17632959910752782,0.2380092207859373,0.6043181794704208)
(0.20707204634824633,-0.240498185410574,1.0585829339874757)
(0.26834289173653314,-0.09508990495772851,0.87501374634285)
(0.1426357715158091,0.5450447952744458,0.25880542073185153)
(0.1317485045446915,0.10932154429606222,0.7037185707351412)
(0.18281166761459205,0.062265582215617926,0.6940007717776729)
(0.15398598785861572,0.23656879521384974,0.535008678676043)
(0.2514937335986255,-0.0007164279585730558,0.7546080775713231)
(0.17242281480153096,0.23671902980041196,0.5758875371714227)
(0.2269940593291935,-0.0982086040720019,0.9127194144478777)
(0.24130632816706854,0.9221944420298989,-0.1413752874939959)
(0.2423947277928679,0.13061088458098175,0.656162047477262)
(0.1496743631207056,-0.3602052628670805,1.2223748841647009)
(0.2364519590250044,-0.2840492160370679,1.0361904086888527)
(0.20175768000567168,-0.3984571420773612,1.1833266910395572)
(0.16500777198438962,-0.32807054908301436,1.1801197207841958)
(0.1698026654650387,0.3080418336477185,0.5413318997132875)
(0.21496187915137646,-0.18046288816055672,1.0252407689241962)
(0.09168781908041285,0.018601563405697356,0.8077891009306394)
(0.12768008544051784,-0.16330668974723517,0.976382878813776)
(0.2835441006000565,0.7109959391399991,0.07020439411878689)
(0.18867784527635212,0.6075355189165883,0.23352230577784566)
(0.17874359000656842,0.5721439936840123,0.1930884987667934)
(0.12918093277395562,-0.07127059992652014,0.8049859681408464)
(0.12139431174951876,0.11106913197414277,0.7360858397278814)
(0.1317502199867219,-0.39158387569513,1.1634111138950236)
(0.31751236661256343,-0.4598534911012572,1.1502820552397877)
(0.23267562019485225,-0.022506581058111763,0.7872315943720707)
(0.20472833840672555,0.3964617823087687,0.3976270763464097)
(0.1845334522030093,0.4953139709071126,0.2586066226961064)
(0.2800102246126182,0.26615533888467663,0.40168863021955387)
(0.23329915504397072,0.049277644115533835,0.7710488257395353)
(0.1984251547791374,0.43269247511286085,0.3705902050919563)
(0.1252129859371192,0.24513011145308408,0.6135442759348441)
(0.17045213582305985,0.3926616673475003,0.4982701352628417)
(0.2302149563330313,0.029713213170341694,0.7875159722160088)
(0.26455782575976083,0.6391297746395888,0.19847262678608615)
(0.10683733606965745,0.46833544216279355,0.3975129911619133)
(0.186358445357569,0.4754086996236766,0.2874135338570604)
