(0.234247780474045,0.5779552346078972,0.17962463475149457)
(0.22979713384301625,0.6208263280209981,0.14925468707901465)
(0.21535601460408427,0.5363467882387868,0.21657384193883647)
(0.20018084198406785,0.5761949693296696,0.1916434951524641)
(0.26360175051172363,0.35683243499708356,0.37164193468933265)
(0.2084784770652599,0.7302993660265948,0.07931698076318916)
(0.20572921718849274,0.9620345656442977,-0.1432726646366673)
(0.20511657747376208,0.9910037466246845,-0.19721529029775542)
(0.2655651772240435,0.7391880709721977,-0.0030784424020039265)
(0.1804431669788351,0.8269159108324727,-0.004070316280738346)
(0.27225769728312055,0.611294309315148,0.12333163260186392)
(0.20108695826603026,0.8593162129916375,-0.0825935037876799)
(0.1812354511172546,0.5262802062716447,0.28439112054351373)
(0.21618983796211527,0.8696075686819711,-0.08135640859922781)
(0.18401128488879984,0.8042579509965841,0.0006996573456628539)
(0.18342613857770967,0.7715352580128856,0.029632285680309584)
(0.1984383580718331,0.9055958030440153,-0.11410551906878437)
(0.1946554906522303,0.6930919862910464,0.0876822963614712)
(0.19493573385397545,0.8227925819281453,-0.029742614625960836)
(0.2191830482610098,0.5876317945769577,0.1948272838870343)
(0.20729037851578505,0.6922611720592967,0.10670245694935616)
(0.20399885114784364,0.42725923452613473,0.34059988702399685)
(0.27523600416291305,0.5393098893815589,0.19462531915261552)
(0.17407365749139125,0.7368847156270842,0.0874876800974292)
(0.20953804158109177,0.9555931268674587,-0.17390616284256225)
(0.2021499844555284,0.8378599242937861,-0.03320646850225887)
(0.20434640447978944,1.378999113522707,-0.5789266558198323)
(0.23749640085460158,0.7646117188116903,-0.00532048779184916)
(0.24002005635972462,0.9636800630081465,-0.19697202851999046)
(0.20362510623449773,0.5488005279552965,0.24799937939799926)
(0.21255521887842305,0.6702526501015671,0.11742170188426208)
(0.2806418731261835,0.7800460212106448,-0.08390365519569486)
(0.21220840024599244,0.9794596328229342,-0.18792312164661126)
(0.24964507720017004,0.9688257500883217,-0.20520242381875467)
(0.26946816537084295,0.6940528910593418,0.048963753757725444)
(0.2867269267921503,0.8351898815189813,-0.12717771490393334)
(0.2037266091276912,1.0805116817895917,-0.2882838430269527)
(0.19870344764314615,0.5965264940742763,0.22141439492214557)
(0.1690425840643211,1.163608707503808,-0.3456587544917504)
(0.27703391169201624,0.6639958852366841,0.04829328801902574)
(0.263059482705309,0.8302967882486864,-0.08053807223367036)
(0.2156013161069732,0.5542777498499694,0.2166842097414515)
(0.21014231839748143,0.8776048532917332,-0.0852234029911053)
(0.2103391033347869,1.4837660893685338,-0.6864411150069216)
(0.2210420179648264,0.5843406166757746,0.18335114416894072)
(0.20097661408350576,0.7553652763687265,0.034301231723371406)
(0.23692927597065663,0.7879947801836985,-0.011151983847186348)
(0.21348540617729245,0.6600928323992938,0.11533274583399755)
(0.19596389677585174,0.7083762686083752,0.1072643128105506)
(0.2226275184048092,0.6192147072635962,0.15506633791879598)
(0.2381566658798301,0.4939396144195316,0.2586809744037469)
(0.2416655331665064,0.8486165090232424,-0.076529109907447)
(0.22690056169084258,1.026455973308228,-0.2512859726886892)
(0.2636524975527989,0.901242364326579,-0.1520931503467983)
(0.19182238087786524,0.6533122483139617,0.17007931314437186)
(0.26815282853439965,0.838311012541099,-0.0872885063346449)
(0.2354470206765888,0.8664712418132147,-0.10891370527326681)
(0.2085354399718787,0.6267864052817629,0.15474836982729184)
(0.2531442608354021,1.0078712149013243,-0.267379649438793)
(0.20594254009213062,0.614935328463296,0.17973486858499937)
(0.26401875588055923,0.6883574850094003,0.04001394453358062)
(0.2644396361525839,0.883759433582223,-0.13997063647168198)
(0.1994901309093688,1.082433047401711,-0.2786157164376429)
(0.19522326078199886,0.7179571660949768,0.07252469647763853)
(0.2501822959117389,0.6390171865092255,0.11664330962759958)
(0.23438693509907552,0.5966818759715465,0.18410411428143775)
(0.22955002247899303,0.6647053236066249,0.08332877692491672)
(0.3021058348874206,0.6840374088167746,0.016058323367477693)
(0.2576457328261713,0.3254432179371494,0.4250698139354097)
(0.2726684995223672,0.8093214252214037,-0.06138600775342705)
(0.17400058464171914,0.8279266512222728,-0.01178855322161932)
(0.2400875547089926,0.6004675840160554,0.13680102720943316)
(0.2523695609866698,0.9305050688979425,-0.16627485000362582)
(0.2250117966306834,0.5474008032377821,0.23070022460666273)
(0.1926430496750487,0.9886199480270511,-0.18299238013508368)
(0.20866809131211483,1.12850120749326,-0.3347926331151541)
(0.21782841199135372,0.7317636598004444,0.046562406484268314)
(0.224054832437813,0.8270154514967661,-0.03363055902043733)
(0.22032510511497302,0.5863219110125927,0.20246474285517654)
(0.19036666548298284,1.0258138032737172,-0.1932596187402941)
(0.22670653385575423,0.7667364742570363,-0.0028821455763008573)
(0.2100063728538465,0.7685139500481082,0.02842113085011929)
(0.2601949842243894,0.7447804162803403,0.01893999311222546)
(0.15306846010137987,0.6229617756787141,0.1949458837630184)
(0.20263600888278627,0.6925612543514479,0.11925922380015717)
(0.16952650891372426,0.7407182745328449,0.06654877633165984)
(0.23488495237478685,0.8502327016986361,-0.09306954784771831)
(0.20679939638371525,0.7355816316983148,0.054365438231868915)
(0.25002045703622866,0.6280607303415208,0.14030102515290266)
(0.2591576269999709,0.6969240600811483,0.050384289230490015)
(0.2005599026944336,1.1480921526125636,-0.3289229821936569)
(0.17278746446213994,0.7878383343007654,0.03190821567728848)
(0.18889323293439875,1.3380675245804685,-0.5333493097814351)
(0.2509629406432488,0.8065149595040817,-0.04550197473559509)
(0.17610292806737107,0.573995497793156,0.2303273411118339)
(0.2864498717507623,0.6597311138666606,0.06697557088963983)
(0.1940571628480086,0.7678446629419667,0.03215218411747124)
(0.24551723049353147,0.639519082854605,0.09725319431275359)
(0.19312963757855686,0.8745724420727825,-0.05346286046024602)
(0.15451543657398997,0.746797971886804,0.07892500180700837)
(0.2159080709250414,0.6275009852830562,0.1412682711065244)
(0.23079103328421013,0.7230431614989772,0.07767760655257781)
(0.19481618156392028,1.1190152432615157,-0.2856829841225332)
(0.19268773134684944,0.7760966537421966,0.03035388486886472)
(0.22177323001023264,0.49347123113528085,0.2819848573747758)
(0.18233365000226356,0.6438140940033382,0.16205176506090488)
(0.19661862651473216,0.8741790658484241,-0.06646501764396003)
(0.20523233302016342,0.46836234647149055,0.3206876808180898)
(0.19115251874927944,0.6832541747116714,0.12100367786786223)
(0.1778110130629503,1.011797880133489,-0.19466573175848156)
(0.23705833931340453,0.6663250261538411,0.1060068383647581)
(0.20566793772990807,0.8512777077864598,-0.03987944110749685)
(0.2126932661838021,0.7487701032400513,0.06355304020465041)
(0.1813960961807776,0.8636880880257659,-0.04071182630849567)
(0.18252203912684498,1.074664824075602,-0.2539497870098028)
(0.24556665513849782,0.7465437366474251,-0.014168001394226313)
(0.2147509182682282,0.6777965478281981,0.09351066757306212)
(0.24586373953584997,0.7249321398215468,-0.0009389333896149073)
(0.21400398781879765,0.7763212428728078,-0.0020692215361671)
(0.22980158180055635,0.7664174950044476,0.0068958952777065765)
(0.20866114006720418,0.5405602252242853,0.24165202462692334)
(0.24100870463815252,1.191094970039535,-0.4241995234007705)
(0.20191694169253396,0.9174565979530432,-0.14678796211505127)
(0.19893267008585186,0.694846059212038,0.12074540416727803)
(0.19736353961446929,1.1079009600474263,-0.30149117900810596)
(0.23793879595524042,0.5546432545252067,0.2236385394903921)
(0.20410291641811656,0.903300047785599,-0.10863442899217521)
(0.18360773927910673,0.8337302959098041,-0.03860162034018711)
(0.25950692057767133,0.8536819928948445,-0.11610159361019395)
(0.26092994366654765,0.6738910190111644,0.050904071723095766)
(0.19925030714453112,0.7258721439432418,0.07302059770909698)
(0.22371393853075314,0.6542599829036656,0.11670001550961312)
(0.1613284399138493,0.920576373005775,-0.07577634786035943)
(0.20082936577676994,1.0234345211743656,-0.2243372456029994)
(0.19185589553754448,0.6863261408826444,0.12291362091002224)
(0.2440213235982038,0.6115344543695811,0.14240149126386217)
(0.17598134279269545,1.1809502911972993,-0.3713774714376734)
(0.2152503049570321,0.92586632176204,-0.1470076383481555)
(0.2669172331754883,0.7492536063567856,-0.024170694628469144)
(0.21933363786879181,0.5953478317739973,0.19008622896881897)
(0.19667252628662768,0.9319227676276767,-0.13731321431348195)
(0.22402499463208456,0.8890473109397047,-0.10840359950956929)
(0.1990435966858175,0.6101164003323768,0.18558628238639288)
(0.21137998937903535,0.9829415831234831,-0.18332403921482104)
(0.23301290130725855,1.0045686546201393,-0.21965836792795262)
(0.25836764331146894,0.5097337957689375,0.23944059045312324)
(0.21383813461555798,0.773471420937482,0.007847853158814507)
(0.24909631075996921,0.5811256567264494,0.17982391865194985)
(0.2745067337489393,0.7155565796562596,0.01997258607001082)
(0.21098064751580467,0.6542338271926589,0.1295132889460334)
(0.22618935697412446,0.8482963713376447,-0.07684611824840634)
(0.23386843466674925,0.5634567899789112,0.2048759993669748)
(0.19820425087643503,0.7402504929203882,0.06754417450682051)
(0.201516504299051,0.7770003519141573,0.014283690629721936)
(0.27508633828396595,0.4527669016003333,0.2609610023212081)
(0.18692113933333424,0.8612171702503798,-0.059847969703270686)
(0.18552956467604656,0.8256536306817852,-0.039795164405856565)
(0.18647000730820862,0.833434182605591,-0.018764667910445284)
(0.20184128147107755,1.2008860755508501,-0.383640138140943)
(0.19590960129747872,0.8667490189893189,-0.059053293180489505)
(0.1741714355872455,0.9419334300569889,-0.12735449028288529)
(0.21563554461112286,0.8222968985671505,-0.06858755933708675)
(0.2170938167429479,0.6948700037545095,0.07015263661493179)
(0.17411345204052522,0.7885898561013953,0.02133424537168984)
(0.18395339928183754,0.9006192504427465,-0.07672283908088183)
(0.18178327527445898,0.7310151163873921,0.07942448496194596)
(0.1934585255036909,0.5861450158167351,0.22115146053495777)
(0.2161477578023512,0.7980982222938118,-0.0397227465051016)
(0.16439173624766473,0.7272616091786513,0.11568519354203491)
(0.2835217311007577,0.5105762265013825,0.24376146882031566)
(0.21477197092998213,0.5886245906258452,0.19257032898306767)
(0.23528758517454326,0.7951742012903984,-0.011292437168765754)
(0.24544973910514192,0.6758271554055834,0.09904114364632356)
(0.21337946237493463,1.064551916519566,-0.2787490493607093)
(0.24210903282023866,0.6707281908737535,0.10531229084970013)
(0.17891444310222823,0.8015399803348611,0.017089660033411346)
(0.2096124375171089,0.6998187807431956,0.09030348070727205)
(0.23636368282844492,0.8555937097382884,-0.11090803806830377)
(0.2914294533853917,0.6291945517794233,0.09294756164970976)
(0.2791179571160859,0.685374942920898,0.04686270966499332)
(0.1783323869676005,0.5907374912235714,0.21081643604280637)
(0.27103325167110043,0.8868190662105119,-0.16059693361333519)
(0.19734398399179362,1.0500847466224688,-0.2549053144820189)
(0.1916680571778553,0.7167484350413208,0.06678412329781098)
(0.28805010626809935,1.1102938880896618,-0.36170456828646036)
(0.17903038600336543,0.7877116022697911,0.03962631802664513)
(0.189574121861629,0.8410588399210498,-0.037981133607463094)
(0.19528204542257763,0.7168013070153019,0.09085324237549368)
(0.2132852465761602,0.977886244104689,-0.18038094519783796)
(0.18043661132591685,0.6422962878147164,0.18657349145704694)
(0.19995953128990784,1.1049510951704504,-0.3059755582126064)
(0.24291971822336506,0.9566895928986779,-0.19679670318293668)
(0.2853689270751041,0.32799003166496504,0.39926476477295214)
(0.24712988151470872,0.45659429867876394,0.29993860221101193)
(0.19938055029038057,0.9990802959979652,-0.18265449811914708)
(0.22590732052738435,0.6209212419685473,0.14329807808882644)
(0.23278455026352882,0.6122075313376819,0.1466946331932147)
(0.2063838358543274,0.6239977592856404,0.1554089322158838)
(0.22419364225589067,0.8029517018282966,-0.04374104259691205)
(0.22809257413224193,0.6838063113462447,0.09090378589061976)
(0.18752602903459833,1.0930182176786416,-0.2981985341263283)
(0.17787494502840484,1.2616730369411706,-0.4320977708649708)
(0.20969835755039715,0.7352370534262055,0.05226670320598723)
(0.22485870955746332,0.9072872009199773,-0.14222177395889493)
(0.17296477262652526,0.7798912504746391,0.046284377895357116)
(0.20760305899490236,0.7313169546669279,0.07762622141019647)
(0.20700418339328927,0.486662832859107,0.309582142467086)
(0.23358205751750538,0.645789181501724,0.11570597894852014)
(0.18793544335642404,0.4580937719649242,0.34860140407569723)
(0.2818529973828213,0.6997144528891425,0.011370593034666978)
(0.19343828503075058,0.8620606807412192,-0.044885686975432146)
(0.23851927047079713,0.7787134874205323,-0.011053403346999575)
(0.2518111107008808,1.128304901664975,-0.36524734485011895)
(0.18474998081292476,0.9605547374009372,-0.11929812847337673)
(0.22372759568232548,1.2664918676048598,-0.500259722037647)
(0.19015366203252612,0.628373034920651,0.17986442959594637)
(0.21265547523953027,0.8072809659040343,-0.0006222493156274398)
(0.2106617074153572,0.6939013981102161,0.08518032935793615)
(0.2303540592869773,0.6828989292504626,0.0730356654143858)
(0.26019580528570313,0.8541649002529278,-0.12116385290312205)
(0.1927425583478389,0.704401580083345,0.09438700253553602)
(0.18139113305402832,0.8060675097542006,0.01096215107863793)
(0.23948754771133998,0.6089642193235566,0.16591204293394213)
(0.1685583861144438,0.6983184971532692,0.11885255539905414)
(0.24741616759729626,0.39299434484500934,0.35160279193007804)
(0.24180718595545703,0.7233671129176577,0.031521927418919085)
(0.2531596897452771,0.882575233300459,-0.11074977310377407)
(0.23005929174762405,0.808492323306614,-0.025957436902441823)
(0.29678028375904886,0.4289077048050278,0.30094750152504623)
(0.16779779350621246,0.7664784063560062,0.04295175209417867)
(0.18401704148782713,1.0277028602027527,-0.22053630165446883)
(0.2214090899664731,0.6438983033742467,0.16389257171019617)
(0.22524123773432098,0.7447315351480143,0.03150548119342014)
(0.21472069561304968,1.031001878881483,-0.2527762119698452)
(0.23543718446631492,0.8091714194961434,-0.03040649461013338)
(0.23020879045956255,0.8187867523647212,-0.033395977236161216)
(0.23103972755308128,0.9216167314187654,-0.16219022436090894)
(0.18542832615260485,0.9539562711569328,-0.11869692687834464)
(0.22128863833290555,0.5658033395023284,0.2015176987646937)
(0.23344893709149778,0.5466311166474415,0.2236314861028133)
(0.2208471971216073,0.7962001825367157,-0.010480287348056852)
(0.18064288532468528,0.684462957267198,0.14040804307643637)
(0.2169508370735931,0.6633000308378394,0.12987398291195412)
(0.19964868994280122,0.8205047362391276,-0.003803570452197314)
(0.2554107711709022,0.8501605064335903,-0.09938948381407696)
(0.17181366408923035,0.8052432407614627,0.009208900899305466)
(0.19525022704053793,0.9104932225355619,-0.09493022477782463)
(0.2165421681170206,0.9842436827733699,-0.19798071361126646)
(0.23362727599324265,0.3902503331769903,0.3777644115719963)
(0.18939808983567089,0.5623047987034352,0.26115482502979714)
(0.24142108861387201,0.638376090569805,0.14911927716036066)
(0.18046049249808813,1.0122971898595439,-0.18772658387813956)
(0.2855653233316187,0.5779352594710462,0.11241751509046859)
(0.21877860161695742,0.8811344205351167,-0.1147733673314629)
(0.1773691859470129,1.164881649923423,-0.35869922179571956)
(0.25095474828013736,0.7044625805834901,0.042686126694402346)
(0.1786762902268392,0.6893926547951965,0.11571696272826495)
(0.19906941107172071,1.1830099873217845,-0.384694616643072)
(0.18292434803841248,0.6982622382109345,0.11270660057844535)
(0.2104300289450191,0.5123815352712793,0.27344608612836024)
(0.23265115715971676,0.7871375125400926,-0.008745819963524928)
(0.1797890746432961,0.7222283506477561,0.06496127572855843)
(0.20663871512230816,0.8109840562699333,-0.02744338791753839)
(0.2644297718444556,0.6896208777617049,0.05752488872777489)
(0.27051603077932135,0.7527172046307161,-0.005128836803645107)
(0.24660037559918657,0.5208623192070728,0.23421611271520879)
(0.2342803147334996,1.047124266093805,-0.2728739044896688)
(0.190913116212714,0.5610177373534068,0.23093656544077246)
(0.2421146042429328,0.8636710588809955,-0.09531923337176917)
(0.23048718803374973,1.0903908803379052,-0.3100536080752185)
(0.22577131449151863,1.0644683863406126,-0.27510844890488345)
(0.2287158691012103,0.649982519588612,0.12230832064637737)
(0.19085995327369112,0.6134869983887602,0.17554150562595813)
(0.19101885655244719,0.8952838469122661,-0.13298436229247101)
(0.2656380670987341,0.5284784597521882,0.2261753674033723)
(0.20252627049312802,0.6524282087514646,0.12420296853156039)
(0.2447827376498612,0.8764960348379371,-0.09787839762257658)
(0.19535646278379087,0.5962941669716166,0.1664967971462897)
(0.2486266287583857,0.6804681631550002,0.07297197654561766)
(0.2005798931624022,0.8985110854404349,-0.10544407500795891)
(0.31112182847096753,0.5086026846805721,0.20182056134603837)
(0.20438868051642178,0.6046562842407908,0.20300542327862614)
(0.23332459166485325,0.8397062235812333,-0.08041886016969717)
(0.20376815309288912,0.6862269750896377,0.12072731947760931)
(0.20938550896282948,0.9048285040225126,-0.13309482426648694)
(0.19974721127636955,0.6985443987016313,0.09686864572867196)
(0.2827430252416294,0.825214959653255,-0.11694977304729999)
(0.2593383665194658,0.6248567424275099,0.1375380914228446)
(0.27176858704150914,0.6877635634935872,0.04421623661782247)
(0.19376606206646224,0.6749421972716784,0.14212267045213414)
(0.24028108512308824,0.7033948925903525,0.05917068281069337)
(0.2333118831175921,0.7166397084848269,0.04695075519911759)
(0.1830436570224525,0.7740721263805745,0.0451610372893672)
(0.24616363243458086,0.628807003660713,0.13596693578213584)
(0.2156473503700799,0.7695845106824041,0.01350965333830318)
(0.23665421542194814,0.7755679074652088,0.012467972333810284)
(0.21847451260815154,0.7644619608581854,0.011442944749409696)
(0.20482033845485162,1.1786358668186367,-0.37598292896829183)
(0.19271822904214625,0.6201005780145383,0.16352408170207322)
(0.19654223877362212,1.0534367247511516,-0.24640983349325718)
