(0.2179145195103286,0.6421466032890778,0.13223725854985305)
(0.18609819050898055,0.6905597483468222,0.11664547640585007)
(0.18552484327977628,0.6796324059284203,0.11603726168699735)
(0.2326282582838588,0.408723382831038,0.37590335708942274)
(0.23387284898546604,0.6077981065639821,0.1614000072399957)
(0.20016072443218816,0.7102631211758059,0.10558921106832186)
(0.1826441658555009,0.6088525546580836,0.20024540049854314)
(0.18688086563565448,0.8061450020264134,-0.0008295079159328297)
(0.222095531777829,0.6541364990578444,0.1368268125575284)
(0.16542937389849316,0.6445494591268461,0.19839811336932342)
(0.21976333739349052,0.4588956652547025,0.32196799093262557)
(0.19678232231330964,0.3997700441570422,0.42196328221329016)
(0.21096401853611635,0.7025041298381401,0.0803840336379968)
(0.17403740641618873,0.7196411160167856,0.11134816540629358)
(0.2483326676771235,0.7568774908103102,0.012156835223396507)
(0.1822451511690046,0.6739889687382664,0.12331908436303272)
(0.20572213379710486,0.7548408203397293,0.06068724540820547)
(0.15871386980909294,0.5369118976849011,0.2968665100909478)
(0.19380897411127243,0.8007240375597935,-0.009947893910622155)
(0.19430125567502288,0.6585870694319682,0.15673786946611515)
(0.21077841146969165,0.5905613151434507,0.1801450310090426)
(0.18311731007086168,0.6406393090582686,0.1725778607578181)
(0.18664523702847827,0.8204448787427742,-0.019676517495837622)
(0.20484387673244872,0.6034522758471869,0.19127605543808973)
(0.18079362569176044,0.6250705602224328,0.18988060122534295)
(0.1901506850574117,0.35812131357154026,0.4524041689872497)
(0.18808156379736363,0.653129119503685,0.13355019979330504)
(0.21142692912636604,0.7432073356132781,0.05229880938725009)
(0.17830650847462584,0.7597842245729322,0.045407529721382546)
(0.21894267722861882,0.4097563794807846,0.37036482105003143)
(0.23056947612239337,0.49287250009587447,0.28605233149544823)
(0.17839178486586468,0.5683515418891726,0.22114216234852282)
(0.22071906901640223,0.566652984095126,0.20675487819001212)
(0.1974344719845541,0.5048582944151886,0.29648338952349673)
(0.20237638567718863,0.7146430116619128,0.10449972824741015)
(0.23246655555055581,0.6221506872958592,0.15830734633682608)
(0.1674914316346481,0.7882263509386892,0.048234634610601484)
(0.224888404251994,0.5623873120341618,0.21999807133955462)
(0.21369808092437007,0.590695232235053,0.19206198990878692)
(0.21803838468455752,0.5380348272186019,0.21923564667630246)
(0.24428719735717563,0.6119087283099691,0.18022679549979428)
(0.18837427503917611,0.5228997182197971,0.2998990647934897)
(0.21244719528913916,0.7184233836846223,0.08893753067198293)
(0.18448252150317493,0.428696731235992,0.3799180036057902)
(0.20075327749423771,0.7001802891490434,0.10013164856094475)
(0.20437318110089384,0.5658446354431583,0.2380274561234745)
(0.20340570109968623,0.6239634865566606,0.17704964117393196)
(0.222802752706656,0.6110716401687653,0.17173900929449726)
(0.18609115863720904,0.6007415819540027,0.2293999856336321)
(0.18663144435199744,0.5182255252305916,0.30013600934207085)
(0.1894870283568535,0.5481884943415021,0.27298285974147746)
(0.23841949620387978,0.5897977037854604,0.18161024052629496)
(0.17534864336433292,0.6232259870612443,0.1931811483921745)
(0.23655894823887266,0.6926858481483067,0.07078880321745215)
(0.22629097772965645,0.5892630025149058,0.21496259936541953)
(0.22323458028136314,0.6284919857339899,0.12844306415035164)
(0.15933125532766138,0.31993778663035927,0.48229061501979353)
(0.2156721577837313,0.7502255212353381,0.0659918365933375)
(0.21594410355254276,0.5600677569631201,0.23043880062943028)
(0.193132087118933,0.5622689601643309,0.23978749130222834)
(0.20265083251038643,0.7054727898818136,0.07489130197441271)
(0.24208839359025439,0.6254705008344903,0.14278751628761838)
(0.17326421162160327,0.618304934717324,0.1858289842032621)
(0.23391264564896352,0.6189098850294672,0.16477047855177612)
(0.20644730020727883,0.6205371246230305,0.1831192229693108)
(0.22112259171674545,0.6179056350100608,0.17561234917559745)
(0.20191336636920423,0.5741799517526291,0.2059615249235572)
(0.21515376503399622,0.5508883992504088,0.2369765112497526)
(0.2123283336842075,0.4250221243693358,0.360897697690442)
(0.1768812265846067,0.6519599197959346,0.15661192057904127)
(0.16827729478761477,0.7178737848124015,0.11843999994204205)
(0.19337813820519054,0.6628144257597619,0.14273129961694578)
(0.20512609423741818,0.8184913963366934,-0.023604444779250444)
(0.20064476876573317,0.6866648024792819,0.112635348463609)
(0.1919889633079958,0.4899268423457024,0.31556192320496695)
(0.1716584571608414,0.4829934054348691,0.29775669661727755)
(0.2635344537504307,0.6715355880836443,0.09693030375512021)
(0.2314086334938555,0.7537019669810361,0.033647683255960764)
(0.20185567063603665,0.6020666986516386,0.1975025254832517)
(0.23909238927412696,0.6358326608175187,0.13801309062226408)
(0.17285840117699067,0.44224630719770724,0.39683917379541855)
(0.21937205169145674,0.698812804684874,0.08440194200005802)
(0.2293103957106541,0.5683465920512063,0.21425204188725824)
(0.1791638188628557,0.6994140778371973,0.12927735905368676)
(0.24307314436464977,0.6166248338438458,0.14799230250256235)
(0.17721142539775706,0.6551212043596728,0.14945027147052653)
(0.20097426085935455,0.6734129431328103,0.10662389599263535)
(0.1767995189785161,0.6295718995529112,0.1672774110009767)
(0.1760085055905334,0.5327639574902369,0.27007238764019903)
(0.21341191152902614,0.6047317040948571,0.18950793790842654)
(0.17254750847799397,0.4851081329092946,0.3203127069983674)
(0.186137350493064,0.6711556183571485,0.11602813554990077)
(0.19082298400030134,0.7320045565086917,0.0722676234808577)
(0.21817642767515638,0.610126710580159,0.180519828786355)
(0.1953085230317094,0.6748750357839468,0.11823162266809768)
(0.18807457189248453,0.6097800446594425,0.18015446990371198)
(0.1945360365641601,0.8138854411740718,-0.021128112808461903)
(0.1855951361620842,0.5832890339973245,0.21913189955620987)
(0.19585217135004443,0.7091868667208534,0.09489001746104651)
(0.1933609052074318,0.8225200101292527,0.011571937201131336)
(0.21310802386283287,0.5930655999788595,0.22111458102752912)
(0.1859039514492235,0.545360264388743,0.24960810689777485)
(0.1925591343501765,0.5751836178170138,0.2450896331872738)
(0.22813577855657946,0.8019390712584655,-0.0036754050341287216)
(0.1777964428562956,0.6865015621884389,0.14282586374110542)
(0.21557665133761805,0.7753038939324571,0.010310331518739531)
(0.19809467754284205,0.6541522843463184,0.15461967552275302)
(0.21317897024269433,0.7463428162412363,0.044480720934096024)
(0.19451339553617936,0.6010929819454836,0.21943864615885048)
(0.18635432875793873,0.7370132019985342,0.08037907632816169)
(0.2374947868617778,0.6492369004030148,0.12766968113274288)
(0.18562783753460754,0.6343786984467705,0.14351469854571122)
(0.15315464013893967,0.601502838563929,0.2016460876527555)
(0.221194150648334,0.6143773796625653,0.18780993915028657)
(0.179401463705279,0.6821387639877533,0.1427098737579903)
(0.19097596904707942,0.5159801380101345,0.30514065635296944)
(0.20436528388870545,0.5761684903468602,0.20387516271704964)
(0.22005940365961715,0.7719281639253769,0.034794585660529564)
(0.2017389720394653,0.6929515545272463,0.11423709016039188)
(0.20222370768127382,0.5708516232807729,0.23337414461663952)
(0.1798227205931572,0.5233889381537933,0.2622494232797614)
(0.20238301287585128,0.6097254033311331,0.1855000967951133)
(0.1810704950142741,0.54969632803384,0.26917403087550434)
(0.2108335036528394,0.46374136911704805,0.34804370392726336)
(0.18999328428552947,0.646658195362438,0.13751208797954798)
(0.1633098076510156,0.4893361654758827,0.3221635938873617)
(0.19567361082393606,0.8165948986039089,-0.016455567811666752)
(0.19245388605886185,0.6351899142898615,0.17358466778827997)
(0.18293380529078018,0.41742723804028453,0.3694464651648582)
(0.18618019729244079,0.643385484103013,0.17154142705721837)
(0.19118334995661795,0.6042946377330768,0.20806493368101742)
(0.21314208181961522,0.6673741248896252,0.13442775172199806)
(0.18432817079883315,0.7552102654944202,0.06658607461498976)
(0.19680023431917626,0.852018070215692,-0.026813338439141514)
(0.2431049126099611,0.29714470323003445,0.4854775069931245)
(0.2179113953154146,0.5518537507170472,0.24969708200655255)
(0.20876055571705496,0.696249161545067,0.12622727265508216)
(0.1984204532415597,0.5589163515010133,0.23178303008023485)
(0.1757995040124724,0.42932779851369124,0.3811950653642882)
(0.22785532037042808,0.5343405441315612,0.2432113750551014)
(0.1733186163243013,0.5593294842562295,0.2570022805861216)
(0.20961569817596634,0.6023471897484395,0.17460842467624788)
(0.20580756373277145,0.7067784517710863,0.10706511454093322)
(0.2052593981026717,0.5826889014761062,0.22480345197885218)
(0.1904752452932645,0.6468080796269619,0.16301291682041066)
(0.1983429911073578,0.6963679502003625,0.09523521454997629)
(0.19583743109722854,0.3621485855839375,0.45018925074723315)
(0.21529592833505432,0.6297381868373834,0.1460113983682159)
(0.17855907471652435,0.512878628056256,0.27892622051625093)
(0.18829449442050236,0.5134468581141634,0.2717990114683921)
(0.20039593570761582,0.7570335250019362,0.038294304338966724)
(0.19721366926352274,0.6733401499242072,0.10599339149201967)
(0.22921634882291506,0.5936610503809382,0.20007200371466174)
(0.22212524005281892,0.8037668703117721,-0.017786632076116304)
(0.2120480543789694,0.7361425921093468,0.04881418297972501)
(0.2198296763458619,0.9259082598708953,-0.1258003837922769)
(0.20136458871207408,0.8499093075204436,-0.060625811354267874)
(0.1674061411307787,0.7849381404896864,0.05027781371304815)
(0.17176088923293154,0.5404320175441488,0.2782342387570958)
(0.19664233877754053,0.5095926797581343,0.2934242029230357)
(0.17602003156825624,0.7100015796280449,0.12425205206376741)
(0.1934135881254479,0.6219628259519381,0.19117414136714386)
(0.182957665460999,0.4395953287523806,0.36352525930558427)
(0.19759082140900242,0.8045396087637635,-0.010134007716800649)
(0.15577842134801445,0.6447478834567499,0.17671445439317182)
(0.22551762036383163,0.6647681222001903,0.09652388699701896)
(0.17306959888710366,0.5965543386658577,0.2227987965293012)
(0.20610239721949053,0.6038787733945984,0.18146534843335593)
(0.17396883302782218,0.6764841742335383,0.13877800631424483)
(0.19745355257282673,0.7560406904329351,0.01012947178174419)
(0.2069123181875328,0.5460517311020284,0.24031085265720845)
(0.21694285560313523,0.5750754655958872,0.2007599599836924)
(0.2071870404730109,0.6352373261617095,0.17073019796334596)
(0.19447775475178283,0.49927851906243637,0.31015938082505146)
(0.16961797229506276,0.528470610377204,0.2690319903526131)
(0.19556078112635694,0.6804157290468649,0.13722165318903934)
(0.16523990778624428,0.6556188240518919,0.16015584200854113)
(0.22137437079907127,0.6412927310356923,0.14089770522778713)
(0.21017028496697382,0.5437595107284767,0.24569251564522016)
(0.20221370791896429,0.6869635190115781,0.119207551730739)
(0.150375779625088,0.5073394811782175,0.31650375960180455)
(0.20956764813914713,0.6241104250406289,0.17391797205796689)
(0.20647376775841916,0.7191048597740164,0.07852812972600749)
(0.1945728532309097,0.7682132015975732,-0.006237848309450751)
(0.1900849554082811,0.8795900660854752,-0.08671286357742088)
(0.18463688712510715,0.7046768782962276,0.10550276838463875)
(0.2014272783485372,0.565306917809731,0.23112000600507865)
(0.21397000765550697,0.4590498098795971,0.3192929743261185)
(0.1943558534736793,0.8172683980114795,0.004574575461029883)
(0.1940820142475871,0.5860386913813717,0.23762653423565144)
(0.20155955516613364,0.5099214554107208,0.2719585053050538)
(0.20888935643720086,0.5843289205511794,0.18605160079525151)
(0.20893574121570146,0.7889732193331973,0.004312000658846568)
(0.2085381823755909,0.6623558042702992,0.14623051760466035)
(0.19186154676556533,0.7661472427271374,0.03818737815239403)
(0.22065942448467205,0.7010899542602367,0.07157419258882614)
(0.19981352368719354,0.7066261912597804,0.10417502675388428)
(0.21708942920237723,0.5827697353457847,0.21743227427505424)
(0.21167986584668,0.585348478910917,0.20223055720720504)
(0.1845272323248648,0.6102175481342643,0.21628892383467346)
(0.20744304636665153,0.5745496267497505,0.20771415675036345)
(0.15010467485698448,0.5809323011323142,0.2393268399861832)
(0.2332419021031692,0.4438878648777107,0.3408326757169637)
(0.2362958489468739,0.6158960981546393,0.16137744749994884)
(0.20806007164900334,0.596464294650538,0.21655334083264216)
(0.22304328694076656,0.4703046080001648,0.32112882166879386)
(0.2161348045526878,0.5485877634826137,0.25315644191550113)
(0.1873371780258088,0.702722161649485,0.11924764509264116)
(0.18577765146004357,0.4081949229178143,0.399872539889664)
(0.22154735053720592,0.6113185205307125,0.19790958316435542)
(0.2067843538002448,0.748909043268975,0.041227741232838386)
(0.2230157018949017,0.6063051163762665,0.19098673850495548)
(0.19447842096785142,0.5232471527237467,0.27697280792495815)
(0.20048736879196988,0.7992750309398257,0.009952959203920655)
(0.22151654708816107,0.4962224904781752,0.28435692883928887)
(0.1605381049671293,0.6596831313738639,0.129460815640017)
(0.16939651414564114,0.46123266841168953,0.3590559899568571)
(0.20410313587188167,0.4455210199310573,0.3505933003541518)
(0.21243037927917274,0.8446939138694289,-0.05986208590617543)
(0.2099729438459818,0.48148129336611767,0.3305339523785405)
(0.20659456524362588,0.5610465512214645,0.24345959048404583)
(0.18726763907149205,0.5743035105678863,0.22883153606994355)
(0.223441577003146,0.5228144003311059,0.2596880355115256)
(0.23090741686320218,0.8513513824861603,-0.07114091342614455)
(0.20671328982086024,0.5248687187916906,0.27696221263228216)
(0.19299128721235914,0.7926237805587752,0.03317482033883433)
(0.18606252171658189,0.7854789698005575,0.007189979754400959)
(0.19885041432562417,0.5626330728510013,0.24310692666386735)
(0.18713460349026748,0.7915148681590831,0.021193488676405203)
(0.2241099585889294,0.6993650387358045,0.1298832350402751)
(0.19368258781264175,0.5979109470501998,0.21056514295285975)
(0.18904667603872882,0.5761822919158187,0.25598929250642555)
(0.17225740947782797,0.5060793510060143,0.2892955499072897)
(0.21706796541218365,0.5338561321522135,0.25400644039310416)
(0.1767981817082814,0.5946935183356761,0.22141054207930413)
(0.19721010675035358,0.6126194542699799,0.19162905107102365)
(0.16459703931479036,0.70742920351791,0.12139878593255668)
(0.2167171058274745,0.6687010492952012,0.11680953697816292)
(0.21196276229594763,0.5274705666881541,0.2440550911709433)
(0.18089206717491155,0.7090778138246223,0.11463481677032861)
(0.1856359970800023,0.8402889505564614,-0.03854733325665665)
(0.20453315070784275,0.6072491453132456,0.2051966184753768)
(0.19956207307676385,0.657825230379327,0.1490485787923495)
(0.17963849416174688,0.48743044700818416,0.30395632933479333)
(0.25287924368325626,0.5478191959750881,0.2472728886208827)
(0.17741149314902943,0.7805324824461828,0.05252860646811562)
(0.19260310336743705,0.5532065593068934,0.23747110045311418)
(0.20479667515617875,0.6101282717811477,0.177971908347412)
(0.2175323440403517,0.6524339541396629,0.13107594365065695)
(0.1810302846150004,0.6749716059050981,0.13271798135797505)
(0.21470076897908053,0.7957932745034767,-0.004023909899817561)
(0.17877866703573814,0.6462274088522738,0.17066305696730527)
(0.20985606428579295,0.48321856872378494,0.30093830131976684)
(0.17813160689914645,0.8441639200228594,-0.014624449000471188)
(0.20688671571784928,0.7888993574004716,0.021358306362602084)
(0.20653855280611247,0.6082231613375644,0.20056360333774262)
(0.1807030043357785,0.7260773552142092,0.12128705332540252)
(0.21082260143536408,0.3034482364353345,0.46461318813058305)
(0.22481412933622655,0.5836836803295264,0.2009636749603775)
(0.19704728089588106,0.6861648697787861,0.13315386008129593)
(0.22338162669056988,0.6815973274146756,0.1055030811236072)
(0.20398465394350615,0.6939926112759971,0.09566029360524728)
(0.17807528034990297,0.6042871550740173,0.1899767629750949)
(0.1937203846622745,0.6652195565366106,0.1434396027384063)
(0.2013610309224345,0.7954115099777408,-0.01814523927912288)
(0.20359700624164578,0.40300865264222707,0.391559266260774)
(0.20263096161882838,0.40668817398028645,0.3998620246722711)
(0.19774241906921733,0.6496548019018941,0.155786795568767)
(0.21847983684467273,0.5837587958850987,0.23557472320640221)
(0.18452261354356236,0.5402679693336634,0.2605209190950317)
(0.21859193966247423,0.5122490093474774,0.26224923192484645)
(0.18760885204881,0.516440605617073,0.3007055791742986)
(0.17870087439791305,0.535623740873774,0.2770136234598907)
(0.2052551630254735,0.7370744729956591,0.05519713821298246)
(0.21170665638528216,0.47304103793874025,0.3146485253151634)
(0.1718181176403072,0.49410742907232347,0.32799739080387286)
(0.18967277717314732,0.9021799340773313,-0.08817622144558107)
(0.21285543435603416,0.5317778835478875,0.2692977395315393)
(0.2127543867734657,0.5927942113504748,0.19455629996011267)
(0.18557505796130216,0.6183793739809353,0.17694696111517805)
(0.18670498249539555,0.6327878267983451,0.1775634926622827)
(0.2097344700924188,0.6676765708004467,0.12333769752962338)
(0.19932408023894826,0.7363596147762601,0.060468605224914145)
(0.2081666330584975,0.45020873783743665,0.3312254763884953)
(0.19163479111731677,0.917201901447533,-0.1152481742643227)
(0.21896752265206268,0.5454700045743256,0.21983634400023158)
(0.179355161811503,0.5870119199956313,0.21482403700222977)
(0.22784047426483287,0.6634515922999575,0.11547115175857665)
(0.2146216350846208,0.8073423481882603,-0.006610157370297829)
(0.18113005007048721,0.6342410467780168,0.18321915871478764)
(0.16987431939277045,0.5064482850197807,0.2991380437573366)
(0.17997294922256535,0.6139706661804336,0.20904076182588602)
(0.22256108981116487,0.475096577613013,0.3127020146048398)
(0.2412068882586772,0.6166212541458731,0.17316987495852765)
(0.1842399218887957,0.7829953899368054,0.030501049344809617)
(0.21622488541999216,0.6562501587233218,0.14265128426798976)
(0.18132810216898512,0.5933690943486276,0.21881156730502493)
(0.19059182472720793,0.6390652749603739,0.18337134327649943)
(0.19165626893240112,0.6863217145601223,0.12193987259455885)
(0.16533514077025058,0.7810227635508962,0.04999154272955992)
