(0.19757596921769846,0.6821923166503745,0.12445631677527728)
(0.22610276223735448,0.6588742927618791,0.12036461689293936)
(0.20951330046190159,0.7468171329237209,0.0522176249559913)
(0.1890817607409834,0.6851921831391565,0.12722335959543174)
(0.19543667358263692,0.6617233280471213,0.14744789380344855)
(0.17907141543482627,0.6585831480398422,0.14815504619716804)
(0.21836920115898423,0.6739054668956438,0.11362805345936665)
(0.16480008131562285,0.6789601890400876,0.1368741427828926)
(0.17925006911316801,0.6646357998394476,0.1484467888582982)
(0.1973715875431629,0.7342693987971576,0.07499749596696)
(0.20861658000579755,0.6434575480202426,0.14658561269459652)
(0.16722570090601377,0.6802119917713588,0.13968722045584936)
(0.16885175175163758,0.6999823569714829,0.11258708015314209)
(0.2113199158505323,0.7123653579026827,0.08980541109305852)
(0.1689713430757096,0.7100149886633437,0.10421946608668668)
(0.23672376367133463,0.6588800709745419,0.1091350844085424)
(0.23611192520958704,0.6844587338051648,0.08218960810239853)
(0.231306538540234,0.6425145227197093,0.13590462132857165)
(0.22189604624315004,0.6644930210137866,0.11230719694803484)
(0.20095445396438782,0.6621662968124892,0.1336559414165288)
(0.18807227916199368,0.6500158282321289,0.16671944767435204)
(0.18797256443726348,0.676842080258737,0.13575639280368795)
(0.18026779101184312,0.6859047683171895,0.12446768938413001)
(0.1572541246886066,0.6750465228628811,0.14714253004611397)
(0.17772107066115145,0.7393591382474158,0.08041012716738118)
(0.18766269238594646,0.7052482845862491,0.10495632538757049)
(0.20236906207278207,0.6769546862763158,0.11891825062200778)
(0.17689628738700922,0.6859897373840389,0.13376295501561494)
(0.19036842393555112,0.6825017414836551,0.12922090426897806)
(0.19376834578901403,0.7217869967435128,0.08092729486461356)
(0.18824425262479003,0.6798313975696105,0.12401606270597547)
(0.20026337008093764,0.6992935299872993,0.11164162449822854)
(0.19598741753553195,0.6780606593572821,0.12608485367894867)
(0.21227464360078616,0.7113103970923074,0.07945663743469716)
(0.1563314151203416,0.6827187651476068,0.1385496924883661)
(0.2141170130706482,0.6807850657970169,0.11886484136022164)
(0.17654941706598484,0.6695979079888528,0.14795240359900463)
(0.1789633080579582,0.6727932256330542,0.14839393269174567)
(0.18769425252334554,0.6657155161026045,0.1344894546403539)
(0.183283778768297,0.6734303056616993,0.13742623023471698)
(0.18322409788974953,0.7060384808904566,0.1083104496771057)
(0.20373008082242977,0.6626512557237968,0.13192448459053138)
(0.19440941650747467,0.688023159283004,0.11745589011359729)
(0.1816329162108051,0.674956199717046,0.14298734285919643)
(0.17320027702489252,0.746732898065428,0.08261022230957772)
(0.18286136848937143,0.6991259878198578,0.1115689446944438)
(0.2017622166425446,0.7321630547698622,0.07697619749729132)
(0.21977158006899852,0.6941029373546462,0.08450661306052407)
(0.21137904139466482,0.7105355578467164,0.08338718701162771)
(0.18391825632448114,0.6823534003521634,0.11698702560408641)
(0.2007078287310191,0.6055726219497798,0.19841215208904087)
(0.20710373785778952,0.7168422035915379,0.09174086097020026)
(0.18434219222312703,0.6740392106639246,0.12250664399450321)
(0.18216821659449986,0.686953249597799,0.11590788103837875)
(0.1982678247187274,0.7033442499601443,0.10770690249269109)
(0.19875714226423985,0.6798622954173894,0.11945721817258455)
(0.18612888504892067,0.69168410504305,0.11270921311537567)
(0.1783361590538838,0.7146006296882698,0.09856659424707856)
(0.20276705108304532,0.7001260543540633,0.09601639292835179)
(0.1759779224732196,0.7136286273511344,0.10936964721173752)
(0.18424359773408644,0.7238689298503125,0.09240608327504282)
(0.1984863993719278,0.7389637818619108,0.08268009460349321)
(0.20555336151746903,0.6398010170331546,0.15333632551425966)
(0.17659223238405045,0.6290561438980807,0.1849256347567947)
(0.20477005288405462,0.6983725484984533,0.09898495936915175)
(0.20437913389043763,0.593501912624341,0.19940923413815287)
(0.17933807606340305,0.6701256862064515,0.14200842910575784)
(0.17832394814513697,0.6898548053568319,0.10954462074779125)
(0.20002795160768122,0.670170426908285,0.13941380478287996)
(0.18821025842111222,0.6912430542859136,0.11197566785111239)
(0.19000916301634194,0.727766319196056,0.09646493209475422)
(0.20344958808950375,0.7164151118845016,0.07556817328896769)
(0.20973204596397288,0.6350161858744428,0.15728156721250403)
(0.22122043313917375,0.7078223140006071,0.0937154396382493)
(0.20656286030555399,0.6887967427680893,0.10863947310966207)
(0.20392819236784906,0.6842322675784082,0.1192291778387018)
(0.1687485524370893,0.6870742638583799,0.12762367937193017)
(0.1765100393997544,0.7263674107246729,0.0967541068894466)
(0.19137064731363007,0.6874867853607729,0.12709531530797713)
(0.21154963697697132,0.7145426703737613,0.0936315857630745)
(0.18863212382736227,0.6951178191914746,0.13407950849152867)
(0.1763793718445677,0.6405733648501495,0.1704299915986233)
(0.1781020786725719,0.7101411301200999,0.10420756056803117)
(0.2050127652546244,0.6663526701630583,0.12840157147333747)
(0.2122229127765191,0.7115138740187914,0.08579190850704944)
(0.23599120581785002,0.6659936831852051,0.10683159607688994)
(0.18333992229777163,0.6568002664924434,0.16237016267942908)
(0.1960309054205464,0.6724536136122031,0.12601541979091752)
(0.2043430397764072,0.6858601700772238,0.12692296326950453)
(0.18271789384451556,0.7197944295348413,0.09314191890184563)
(0.19288070849608438,0.6653404240736668,0.13365700252324952)
(0.1921461773228279,0.657385609020895,0.15128853337982065)
(0.18375702643532602,0.7119557436950782,0.09816414948185156)
(0.19800575060908834,0.6542428645159744,0.15609509633476798)
(0.22286169575232695,0.6843614688503971,0.10453087368928903)
(0.2191879146016434,0.6650901171953065,0.1460966268745688)
(0.2105900655568898,0.7351725519431838,0.06609525339323968)
(0.17874301679762022,0.6842603135512845,0.12666286983560784)
(0.20774458533955678,0.5953274428801013,0.18868823478184962)
(0.20014682142120463,0.676427324424718,0.13466928225294914)
(0.1918743880718769,0.6850546732544075,0.12571686213430341)
(0.17230069546842208,0.6639363269553251,0.1581774172404174)
(0.18292782731229915,0.7040079658061072,0.11757031765664111)
(0.21598147775326726,0.6767622265396372,0.10980701312387639)
(0.19952986996187913,0.6233491949378973,0.16511113563487834)
(0.18226380093764832,0.6752956013036788,0.13241258721329524)
(0.1962083975107745,0.6591213680242218,0.14724893588010735)
(0.18422954667481406,0.655235486653716,0.15423511084125582)
(0.20460077799544332,0.6760241341427652,0.12160565103016294)
(0.16389987983915505,0.6845096621831641,0.13701830248411692)
(0.17970919673928748,0.7017133828191117,0.11319138325393768)
(0.21613715085416516,0.7126442718006163,0.08120410774533801)
(0.1974630341096842,0.699235989466285,0.10394990841776551)
(0.17262293637759094,0.6719077087542913,0.14276407550493478)
(0.1832129140788399,0.6397636915599217,0.1717932287653789)
(0.21929466062927536,0.7221361927577983,0.07829623999903892)
(0.17915185657858593,0.7144405108457934,0.08920130079518597)
(0.18662867204860675,0.666121376211527,0.14287608523717163)
(0.1776087812915158,0.6939162749727085,0.1309126335337728)
(0.21720120320433228,0.7217442584888535,0.0691379570006765)
(0.20658111632900886,0.7144012882326588,0.09541203189532596)
(0.22734499022555243,0.6004794203002789,0.1706379779650476)
(0.1986340735452488,0.6706633551440164,0.13468063882267356)
(0.187188183742643,0.6767597559304511,0.13370843153359505)
(0.18335850202566956,0.7164917145333844,0.09861336090139015)
(0.20973491138177147,0.6631458980464503,0.13074428294894708)
(0.21068129810246175,0.6331400975851632,0.15441400689380202)
(0.19417501595554934,0.6832757877102805,0.10808754078620923)
(0.19725434458534627,0.7085871125329616,0.10385517229111764)
(0.21086506250808418,0.6789581114578784,0.11612682294229665)
(0.17838690940802826,0.6597693460804638,0.15765383596505478)
(0.1816990747391886,0.6989273116366022,0.11544088989360585)
(0.20038989526834408,0.6982692766645378,0.10609521307671531)
(0.19774278288271935,0.7527490610358528,0.059064220471491326)
(0.1944895491679204,0.6640591770572233,0.14127361451476605)
(0.16980937529923076,0.6767181920879959,0.1314053936836511)
(0.19914448633261483,0.6834372489379146,0.11989302798628401)
(0.20707313980491257,0.6645143641856059,0.12144612515468498)
(0.21975237897461794,0.6775407197954937,0.10538512807860935)
(0.20357180127529576,0.694146053858004,0.1124129215443415)
(0.19302807840625985,0.6925877834036003,0.12434285237655092)
(0.18805818250302397,0.6354905622212589,0.15236959773893252)
(0.21936617686294663,0.6983091026650522,0.08743225872948775)
(0.17734243325146395,0.717603057259987,0.09184034747266961)
(0.1919364935874483,0.722830364101291,0.09117029793906765)
(0.1836255046331442,0.6447542289670009,0.16421600212615967)
(0.17603935139352792,0.6354780732772911,0.18375565743382058)
(0.202079156025066,0.7413969695814119,0.06598955143605383)
(0.20817874089260846,0.6952513165631008,0.11410507870525706)
(0.20983200894759618,0.7050949936830643,0.09478332222986956)
(0.18705297758770442,0.6543998040784182,0.15347094075967807)
(0.20467153765515136,0.7032873533525664,0.10639639168076497)
(0.19447334675817957,0.7030910652054831,0.11020829023200321)
(0.19750313041847994,0.6730618208374799,0.13125583707720864)
(0.19890730669883916,0.6950055086602388,0.09621746349262834)
(0.16823211087426174,0.7172053071709261,0.10106750983656762)
(0.1923498241269043,0.7153368657367906,0.0815414627523626)
(0.17460655127057145,0.7026495200525247,0.10259495800533468)
(0.1769480004767263,0.7232594925169068,0.08448780637508152)
(0.197447643724953,0.6847623150456119,0.11532982197489285)
(0.18955895293241018,0.6304707307867774,0.16890002860537578)
(0.17089480328869933,0.7279374842440638,0.0950545927643353)
(0.16935515898456682,0.7173332819644556,0.10866325977776908)
(0.19740776967778967,0.6411009770816596,0.1533961544389647)
(0.21246668336966057,0.6883653703370208,0.12087746760532889)
(0.1906519809666456,0.6335874124392383,0.17699702626627467)
(0.17808728440517216,0.6454300376291979,0.1725547834646849)
(0.19565737478999776,0.6538857218665312,0.14642603992898706)
(0.2024444308840427,0.6571814349381823,0.1404152874314626)
(0.20070012267570342,0.6827371639091363,0.12192374659409792)
(0.19984451275355827,0.6805811223497147,0.12928809810677067)
(0.20173505027010424,0.7014936154700664,0.10884058638510102)
(0.18858701227725067,0.640758359529297,0.1755362768351431)
(0.1952380574383521,0.6465430790186918,0.16399211372370145)
(0.17830000883054872,0.7349763896385216,0.0840225379014228)
(0.20593383758493208,0.6934445311994669,0.11466037953088656)
(0.19934116817385847,0.7021669587744791,0.10394814607054839)
(0.19310360762622766,0.6916904541340931,0.11843075856439901)
(0.20733627658427844,0.6960035205731285,0.11031704248269196)
(0.20433685571234447,0.7355628362167849,0.07802816964857977)
(0.18647267650132077,0.6765447214097284,0.12714233746838682)
(0.16907525538151336,0.6393401599402957,0.16819731056089904)
(0.17524098858857134,0.6840825421782942,0.13385012292697146)
(0.1833857889245374,0.6884009611034538,0.12685061772784206)
(0.18296020959593648,0.6354605666543526,0.1809260469218401)
(0.1724231611600485,0.6621717387586363,0.14811321026325436)
(0.19946591212059517,0.7164882176394292,0.08601542022915297)
(0.19490954125796417,0.7015291213378313,0.10966459349785368)
(0.20040799005178436,0.6477758860049964,0.16324371539167304)
(0.19585465987401707,0.716228606966153,0.09919132882505194)
(0.23685191845677434,0.624063477487884,0.14307906957831606)
(0.18730704229453865,0.6404306208928181,0.1510447757003352)
(0.22294178126836886,0.7032718314887417,0.10651988276448825)
(0.21307303953028112,0.661054879037485,0.12865724177588747)
(0.20000367161620375,0.6989958634169576,0.09916452605682026)
(0.1822717836462282,0.6870000485015594,0.12274416886382551)
(0.19981213146606921,0.6459324684082142,0.15529427076015623)
(0.18549787426878367,0.6868720443470617,0.12251143232982686)
(0.21396981703446946,0.6995257293015666,0.09275990655742364)
(0.19648195037406901,0.6602736866869676,0.13283699698706214)
(0.16331957443780554,0.6728204714042761,0.14083858197634808)
(0.1842314068398447,0.7643384840314986,0.05054512581043264)
(0.2122185708550034,0.6906055448876901,0.09616116512838105)
(0.18971526989028922,0.6951272377387706,0.11471061103519985)
(0.2004246976047567,0.6656219123883905,0.13443773716774715)
(0.19290205985071612,0.6720625427186782,0.14502149784626425)
(0.1767905303745306,0.6794806453584049,0.13377084267384723)
(0.19167275209042275,0.6605363256474116,0.158570535619133)
(0.20627726285733766,0.6811219211885269,0.12116421662068427)
(0.19007480792871617,0.7055270486134051,0.10941173384951573)
(0.1932383880219671,0.6127125735672668,0.19292930289039847)
(0.22182447320229592,0.6937529365447631,0.09678977380282079)
(0.17918644091452546,0.68164840852107,0.13036784305971297)
(0.20637515308853677,0.6477074376303386,0.15088365233744713)
(0.20305862166999594,0.7410092534207059,0.05447716513133127)
(0.17794554649741082,0.6590134514768784,0.15949116840041688)
(0.19989812380446997,0.721607135263986,0.08418214964316442)
(0.20914830807649265,0.6955312180329578,0.09322692989783389)
(0.18497475829541807,0.7295814411856247,0.09738992287293735)
(0.1820042445502615,0.6841507440276098,0.1237094151405321)
(0.19108589030033227,0.7307676635289737,0.06543128873331583)
(0.18518176935378208,0.6842497356968266,0.12525074708960846)
(0.17580649107688243,0.6711562856756272,0.14732988317398096)
(0.20506692175260557,0.687807353382358,0.11176366053276605)
(0.19587312508177926,0.6637421315654806,0.1393273954182967)
(0.18933017071941333,0.6724493122939088,0.13644874950494007)
(0.17997524835385892,0.7404492350113098,0.08247677951651702)
(0.1823627434750547,0.6914439718661048,0.11016759812702409)
(0.17559309524868746,0.74171200179669,0.07242200030621271)
(0.17694649719174235,0.6723078882107982,0.14637611677012244)
(0.2178360731323616,0.6735333745861432,0.13078113677362288)
(0.19438101306849578,0.6721827263590472,0.143163829881915)
(0.18134693475811112,0.7777907286162636,0.04098721978067687)
(0.1847629639086386,0.6213044158787882,0.19173551438175299)
(0.19716489195721665,0.7157088059863834,0.09146981252349709)
(0.18078238575795397,0.7139700637389983,0.09256653381565712)
(0.16688575765751895,0.6902891555824634,0.12225452141534193)
(0.1949335143653191,0.6702473314633356,0.13908687504894462)
(0.2140204373241506,0.6728985563676467,0.13326816756113014)
(0.1874201504640914,0.730787146769742,0.08145733268159648)
(0.2026235345750219,0.7537302725810802,0.06116502268653814)
(0.18980257703864226,0.7158116260640884,0.1036785735045945)
(0.1954477573288694,0.7102318565773668,0.0986460370887393)
(0.21589878044779603,0.7200386101467088,0.07344539349543036)
(0.2157432947681581,0.7188398327017123,0.07717617709915271)
(0.1882109516991894,0.7132290178710473,0.0914793019099632)
(0.20498785034888717,0.7285118317334053,0.08532971190439635)
(0.17907135472174499,0.6438878400467039,0.17278986106630073)
(0.17067734875355642,0.7000338624645622,0.11099373191270819)
(0.15734401019567096,0.6513651504377987,0.16166538285272342)
(0.19880636715656655,0.6839455359072509,0.12344565501465415)
(0.18972886888892454,0.6826196353073468,0.12488336222311053)
(0.19170642121467793,0.6976646551951201,0.10827582665052315)
(0.20227619296300436,0.7064162772534472,0.09792233362200994)
(0.19207207850732239,0.6857164458560557,0.1159924129782698)
(0.18088428295338235,0.7556348609146395,0.07076314695324533)
(0.19755031978773438,0.7126622727360338,0.10265446570582926)
(0.1858110454876578,0.765999348613234,0.051934240056955704)
(0.17367297197221873,0.6798174294179293,0.13914816080122727)
(0.16999359188772964,0.6900702724741448,0.1187295222103906)
(0.19778572642964667,0.7107514160336398,0.11291388978073784)
(0.20110858671684173,0.6861934304231421,0.09929778723255925)
(0.18382334618530255,0.6669761310090138,0.1428115229928224)
(0.21861951734950075,0.6644466773234586,0.13240947417710938)
(0.1760892700584055,0.6424738655693968,0.16641053498187822)
(0.1636513953040965,0.6928674321525665,0.1260309621701682)
(0.19010102860817216,0.6946778655182189,0.11779303614695157)
(0.20433237602959636,0.6373033279591693,0.166050221485281)
(0.1949873076043372,0.6914572671679708,0.10598554253007918)
(0.16339592728622576,0.7046207269334478,0.10509778238652263)
(0.20367684757252963,0.6848798203981127,0.1128319319334216)
(0.1915367128908685,0.7426499547752271,0.07047155645698794)
(0.16810756038181557,0.689834510343542,0.13379842409690604)
(0.18048544617070947,0.7051265601373959,0.10590837814859588)
(0.18872267793484607,0.6479908944228554,0.15974264999099863)
(0.19464630873070596,0.6491747802199518,0.1506721018788915)
(0.2075365081384283,0.7005178020793271,0.09974688545311301)
(0.17556249835190024,0.7150342981481888,0.11010708448621354)
(0.18578046132737389,0.7241514545759425,0.09329362975257129)
(0.20029181893954076,0.6588366040406575,0.14310572611422467)
(0.17400107316279037,0.7033138991032652,0.11367897369203644)
(0.18807883216224286,0.6964387651766052,0.12729068505657204)
(0.18650478981797794,0.6940785327447117,0.11447927280028732)
(0.19170122370209527,0.717479009003359,0.09708427205560187)
(0.16805067237638388,0.7115738611136825,0.10857986926621464)
(0.16686987609996037,0.6643185140440586,0.14732586330227734)
(0.2393473437482513,0.6714630687048291,0.0844712229191487)
(0.20061839696141376,0.6313830902843804,0.1700059537493812)
(0.1751984402514204,0.6747002479469315,0.13726476884320618)
(0.1785318365116362,0.6370466829481564,0.1919845883302775)
(0.20919916849150244,0.6489334260181132,0.1453882617735056)
(0.18552433423683612,0.693939626073338,0.1220207294918657)
(0.19368628197886367,0.694704064773356,0.1146508462834449)
(0.20201824118344722,0.6611916832612559,0.13020901969026125)
(0.1673954794540167,0.6945473751899376,0.12259449180472567)
(0.19274886900182658,0.6559113420087728,0.14842310860326047)
(0.18166268895616347,0.7075068707661979,0.1118740821120828)
(0.20933084521289808,0.7539235446281312,0.06512161921020189)
(0.19625536075630076,0.7238198048019279,0.07685689621125137)
(0.19945237808236363,0.6809107168699619,0.12443882205525397)
