(0.17139688312584153,0.6195373243665228,0.2070700220758726)
(0.1901279972114256,0.6464652126851607,0.16078875533889103)
(0.18703345769921326,0.5164381658423465,0.2882096285711297)
(0.26395835039656845,0.45944286093986947,0.27045748697502775)
(0.19214652415073033,0.708248923239255,0.10875009986443254)
(0.22272919616017797,0.5560007105340699,0.22298413771794484)
(0.20449387690348472,0.5463482184974692,0.24568219010920067)
(0.1753517589687342,0.6094461362177254,0.2075951314284481)
(0.20008035360403156,0.666548673080942,0.13487835424504727)
(0.20486199347134726,0.6450073069384711,0.15305322417826223)
(0.20153545744254203,0.6400206126020969,0.15185364436326318)
(0.18291845040088336,0.6917773731811415,0.126089708418213)
(0.2604741651033381,0.555098705864612,0.19928017144553148)
(0.18133493098661463,0.6170965376211803,0.19392005636325343)
(0.21766264773464067,0.5589794720505522,0.23476624109763217)
(0.18006398582784652,0.5761512517420317,0.22433830085698334)
(0.19079852978993858,0.5855793338922872,0.20736402976041265)
(0.1850348199155617,0.6732481762135196,0.15567803775653255)
(0.20774503252062917,0.685400703545006,0.11850048435342363)
(0.18697389914852153,0.6096534391425529,0.21272293919661345)
(0.18850545788715414,0.7218782664569218,0.09376136492840925)
(0.2541491252240079,0.632211565195379,0.13681509545636933)
(0.1797927548921338,0.6678229034247412,0.14132669815615811)
(0.1680752185798139,0.7303084614874151,0.08913678981848652)
(0.19920197417165705,0.6275789921477718,0.18517103012675135)
(0.20958306379377523,0.5287825475830543,0.2532026954242783)
(0.1921210180908028,0.6206562522002458,0.19076882408863538)
(0.20620939374439548,0.4489402891037467,0.3330425218405225)
(0.20682188456505504,0.6000225478328717,0.17526704826191578)
(0.2468792105275479,0.586474843753405,0.1798824722013336)
(0.20259517498795185,0.5879753418045679,0.22560342715904141)
(0.22802445949121464,0.4902617037001197,0.28339411681113924)
(0.19138436797442893,0.6291836336633373,0.1842556861821669)
(0.16691076472165858,0.6646334268244153,0.15508922727231655)
(0.23573571311800567,0.5147876804466955,0.24876461937337804)
(0.18098821647847985,0.616372617812854,0.21639965450385612)
(0.18663657193059352,0.632336863559468,0.1811218741644925)
(0.1798084332994053,0.639145127771239,0.16691362238512253)
(0.19418635635129722,0.6179571359653244,0.19463187145615543)
(0.2302812852407739,0.7390012501963035,0.07393532321050043)
(0.20101816244838627,0.651948948217666,0.14970547047651137)
(0.20263674183653502,0.6150454007017763,0.17327682383655932)
(0.22578289982386984,0.5991168894224841,0.17967714708222055)
(0.16577484525676675,0.5904167441994064,0.21806938418954339)
(0.19432288609174503,0.5657110851317367,0.2599283332157406)
(0.1911151729564043,0.5901898227718565,0.22738135827573383)
(0.2047599148870768,0.5638413848045591,0.24294859947268535)
(0.2195136222334143,0.6525166530445157,0.14915752785223443)
(0.20113908932947971,0.6729223117175582,0.12000868119758172)
(0.20927444609097912,0.6389558881639289,0.13817302298760087)
(0.19635837292748562,0.696370607665859,0.10557401693394979)
(0.17305156415115272,0.5972118802925721,0.22308734231181082)
(0.18885572827718683,0.5845641106062579,0.21763394620000628)
(0.2200392833819149,0.5744406385589828,0.20499197195811297)
(0.22545921853646947,0.6448965472869153,0.12793202367781248)
(0.1880867231659497,0.6674931546038866,0.14911573166713993)
(0.21311668867432637,0.5301476361751132,0.26978397530480974)
(0.1803132794111902,0.5953315843333663,0.20594493791971794)
(0.2031161008578508,0.6242120543972559,0.167004036365617)
(0.19313353124260305,0.6504647691368447,0.16173451536852343)
(0.20512368513597942,0.5254767351134517,0.26314189678328764)
(0.22717242631743112,0.5360403366944372,0.2311433673996165)
(0.2219479047709625,0.5763045127354648,0.2088145165686867)
(0.18785606670358043,0.5806884640221457,0.22388731836513226)
(0.17909217470470207,0.5353156782408185,0.2796928035573124)
(0.19362647172965197,0.6344723875538437,0.1684240504729932)
(0.2035350086006315,0.5113078953800657,0.2838194751595986)
(0.1764030276991803,0.5952852456514977,0.21974333475400987)
(0.1852809579403748,0.564347878827159,0.2412084325838193)
(0.1628952790071073,0.4985449760762406,0.3225510685042074)
(0.19658457267139678,0.6226037741000281,0.19880012760754565)
(0.26030204892190506,0.6122482514064815,0.1269857771784608)
(0.177102768512311,0.6820382605881488,0.13584796563330978)
(0.1839643294033938,0.6323026339835607,0.19335639216498657)
(0.21635185307945107,0.599622934344288,0.19452661636128382)
(0.18469088942105863,0.6631416623511247,0.15055153950507655)
(0.18800039711393499,0.6790008539822846,0.13890331662031483)
(0.2050637917117636,0.576575571160422,0.22706961085920227)
(0.2021384836261041,0.666201537821171,0.14107186280045447)
(0.2161959798082657,0.5565428888854438,0.23818728046414867)
(0.19860229137150404,0.7039737178496865,0.09392905271817947)
(0.22198611106256103,0.5547727557470342,0.23077832967500883)
(0.20344388980295497,0.546227960594929,0.25334803847709136)
(0.20790239364727792,0.7521877729939401,0.030611281948318598)
(0.18279106557798086,0.5714329437497503,0.2365788726657432)
(0.18546610433184527,0.6361778581193189,0.18675943952819707)
(0.18255871438690233,0.6370208837326106,0.1740359798324759)
(0.18552056894028818,0.6203122902905984,0.19293940467376586)
(0.16823914019387998,0.6555856749224378,0.1689505592750048)
(0.18588708704325882,0.5697542146572856,0.22797488805150976)
(0.17863035738028177,0.6469621376402386,0.16159350478853882)
(0.1725283954062581,0.6092667238275763,0.20622728213276426)
(0.20954033005935754,0.6560029051855519,0.16750522210383453)
(0.17875434798212264,0.6705951662737479,0.15414464497929062)
(0.1888483041743257,0.7313950183536498,0.07699505963773406)
(0.17913532160557571,0.6281163901466439,0.17898851784513087)
(0.21524851632714004,0.5652952838885968,0.21998727798125675)
(0.23126384392236246,0.5604520930982626,0.20012883922173033)
(0.1615348860006051,0.7004679400491622,0.12417978779801717)
(0.17414053539481802,0.6591662746266879,0.14667377078705152)
(0.2377974473556097,0.5113815067899956,0.2534084477708001)
(0.17288280176499055,0.6428154709223535,0.17990223870586397)
(0.20819058560254342,0.5897429838127011,0.20706278276370355)
(0.17436797269991167,0.49366874636531427,0.3130647168842487)
(0.16519399683215866,0.5338212756074706,0.2639208420077963)
(0.17588227637417125,0.6061711065188783,0.2038565142644139)
(0.17169362617034054,0.6982077217899431,0.11945173124311231)
(0.20955767931831976,0.574123601274361,0.2119474725376305)
(0.2106949893174688,0.6167432717847693,0.18496282415990198)
(0.23841704019003493,0.6650482968785816,0.12657772699519895)
(0.21814857040536723,0.6760823573707375,0.13130564764669356)
(0.18962202930463165,0.5720120002850305,0.22765929904166132)
(0.21252651970318553,0.5825800275404642,0.18114707984616907)
(0.2010418523745627,0.6030069822932946,0.1803226323778345)
(0.252310782029481,0.6537292937285769,0.11328918797996008)
(0.20343103127315934,0.5863903793365383,0.21067636975420392)
(0.18380580089855766,0.5979761727487919,0.2154357170486012)
(0.1971003111891021,0.7162935686789653,0.11008597442428057)
(0.19890941790172273,0.5426865997910073,0.2715257695588319)
(0.1949135540077362,0.5868555623912501,0.20284797318645373)
(0.21715167585562734,0.5661239593967264,0.2309598424567298)
(0.20098106361598253,0.643810608107387,0.15522224213679836)
(0.34487492010688314,0.4762833957201902,0.17882980424972433)
(0.21405357139107112,0.6684560595617736,0.13693455124336396)
(0.1999349040798538,0.7328067887177728,0.08364026336819273)
(0.18611632583780924,0.6008166338055833,0.21599435054376107)
(0.19161606968429232,0.5368233699915085,0.26862661148748096)
(0.1796887299966925,0.7698802741680628,0.060482148681162036)
(0.24963863534529238,0.5517827865197021,0.21484586864574398)
(0.18815478989571674,0.6237932574728459,0.2023315609931667)
(0.20114892233464932,0.7674569231108718,0.04536973394026397)
(0.178718080355072,0.6668675468308468,0.1436196112824378)
(0.18199006537929896,0.6913390458919619,0.11637788746412246)
(0.2695191338962716,0.6067674544301468,0.14179021483903256)
(0.25055247468884523,0.7443133414741759,0.033519207373559366)
(0.18745450758322155,0.5762702859511502,0.24440415682231248)
(0.29375984028973584,0.47263100606672215,0.23924309736570878)
(0.2043055080147864,0.6040044899421325,0.20316512461743091)
(0.21091407764473438,0.7260520385263529,0.049186548226084974)
(0.1843472854360895,0.5485598454147101,0.27113104152158324)
(0.19177559981620076,0.6840074616181441,0.11519180376599412)
(0.196473728662756,0.6095988096112216,0.18737741181390785)
(0.2303161998325689,0.5645234069721394,0.20016816428697032)
(0.17551475483453702,0.5841849404888423,0.2352458752959391)
(0.17877657769914923,0.6267041695247265,0.19447576721354679)
(0.2717099395094866,0.45486951734647035,0.28246618014557356)
(0.19832610716352103,0.7036908695778111,0.09976792288680957)
(0.20720992993084864,0.6286446082226961,0.18301120548799968)
(0.19602181873417118,0.7108966113994517,0.10045562039645668)
(0.21407390360585585,0.6227097551031826,0.156952648392108)
(0.20968915044068812,0.6184137027740508,0.18407141073703567)
(0.2305163664185315,0.5603225199372556,0.21139340787817495)
(0.21062712333825612,0.6533579624903585,0.15119008064307482)
(0.1973987603919408,0.6465155621637239,0.14974699609533434)
(0.17426540019351516,0.5034479822060234,0.30989288168455364)
(0.19686412889803825,0.6069133981647544,0.19097603068548946)
(0.20399730074333244,0.5790860474926344,0.2362243572377986)
(0.19482786016917936,0.553645327612472,0.25869675012510696)
(0.18217780922159205,0.6766211909768532,0.13951096394169693)
(0.23703707476499872,0.6567120326595085,0.12809263346633498)
(0.17959817578901704,0.6248482547760189,0.181304524136089)
(0.2156227867588618,0.5762261574336176,0.21751068583733016)
(0.20373408918997415,0.5640645728214304,0.2440027006168876)
(0.19380908842094532,0.6288887238143784,0.17494327762944145)
(0.22849105866947464,0.5852557736062508,0.18219159428892143)
(0.2262664016863258,0.5904599021935172,0.18582043316930472)
(0.16728926930071544,0.5491749569038117,0.2606769898374605)
(0.1784062190198922,0.643874372523907,0.1694161193482746)
(0.1839834493122297,0.62135481938879,0.19545362672100658)
(0.2528482114457774,0.6525640593195764,0.13537727367688654)
(0.20013157323175665,0.6631564747600263,0.14478850461541684)
(0.22341990739520187,0.5875325744476187,0.18385043365594358)
(0.19877117605282651,0.6149840710147801,0.187405070089769)
(0.20512445828643414,0.5797274081845687,0.22057455490068487)
(0.1672304975201016,0.5761412655067437,0.22689546123616808)
(0.21823250172109945,0.6455141324409868,0.15634739834923844)
(0.19432824177736815,0.625694132649841,0.17462522629718794)
(0.1691769050477104,0.5907313893122674,0.22403247601507664)
(0.2241681436818522,0.5140704460693347,0.2573391917724433)
(0.20248702354599882,0.704254161667369,0.10044165369011038)
(0.2271111225050344,0.6851875363034821,0.0801384939250853)
(0.20556396257836523,0.6115955659975945,0.19599417042015577)
(0.18596477645951573,0.6586855548078376,0.15665144775009437)
(0.18918730751795618,0.5037110846582682,0.3086348623241405)
(0.28359094752440983,0.4665565180470913,0.2585741535319454)
(0.18946701104304875,0.5902057998012615,0.1970044042368806)
(0.21119498704019785,0.5983899112273071,0.18729686843995813)
(0.17632439620037046,0.6241074113658751,0.19514917846646077)
(0.1861723897350036,0.7406689421065938,0.06870737604286792)
(0.18267446444911084,0.6544146573582377,0.1665905247732385)
(0.16777289940867493,0.8300810365696849,-0.007989964391455662)
(0.23035210325438404,0.5783425477979673,0.19348979117692075)
(0.1737878981414398,0.7035902480831329,0.11001960590396831)
(0.18740339088317717,0.6577225731716123,0.1429741900723676)
(0.1864376069103422,0.5689575922726313,0.23151500867899522)
(0.17694386788986566,0.6828180867268347,0.13788315411586474)
(0.20080972623540227,0.6923524916088051,0.12550841935131893)
(0.18091786764025095,0.5806202802337046,0.23870104670921943)
(0.18139567997702954,0.6050639207735965,0.20494217326395453)
(0.1870468489488175,0.5874962667049226,0.23938470785311958)
(0.2196337336872098,0.537929019920811,0.24110336199998195)
(0.1959303764208443,0.6776516106199123,0.12617461110146214)
(0.1877394639376335,0.7153818661742529,0.09864758829299952)
(0.19641474209100213,0.5538530057513895,0.26539518939257706)
(0.18529450290691854,0.5599185679589258,0.25321855620234385)
(0.1839980716110198,0.692181790341704,0.1354702034431549)
(0.20487498238799845,0.5501842399191559,0.24483004437531017)
(0.19183194543486135,0.6808113512187112,0.14262013499761542)
(0.2105467885105328,0.5901634527847089,0.18053780121795632)
(0.21725603877847469,0.5580819653806515,0.2138168973406514)
(0.2565371482857204,0.5767597254650849,0.16744150314293624)
(0.19593847613460305,0.5252149648666374,0.2778672275721766)
(0.22819274455758196,0.5772661691300262,0.1924431772506911)
(0.19157856064855208,0.5520486201070094,0.2451230640732656)
(0.24981834635240596,0.6198066576706486,0.15001807428875338)
(0.18068185982386945,0.6638341885031668,0.1591510648266441)
(0.2312159325434172,0.6500210884903398,0.11393367644824107)
(0.20400033660483174,0.576323064615386,0.22886613206143866)
(0.2008095773905533,0.6369368647676914,0.14947137602749247)
(0.171565478723138,0.5603317301045736,0.25479312747789656)
(0.18952210381616083,0.6230358484194745,0.2044921474233373)
(0.2016680060048992,0.6040576269544156,0.19836748217853017)
(0.17021799053550646,0.5860510553151632,0.23482994087538506)
(0.18799969908983014,0.6321330755875874,0.1737138477886722)
(0.18274596713623822,0.5404041434683114,0.26774988981537984)
(0.18981476228038963,0.5633606917685436,0.25678858513772795)
(0.17589931245277043,0.6632497237648464,0.1551298058826109)
(0.17971335529249327,0.58238608188325,0.2282048128898297)
(0.1820844428642727,0.5503638957676276,0.27665977039045175)
(0.19115493261053149,0.5780599553890376,0.24461638122540724)
(0.20301840993829764,0.6375954732498897,0.1760671415381575)
(0.21562130808243532,0.4695064030740063,0.3061025049111988)
(0.2018447663609674,0.6354622339892539,0.1600330219266389)
(0.19826086804671061,0.6167310121826056,0.19046791175827382)
(0.1818394090726932,0.6404839545118117,0.17212852758206643)
(0.21140076940459965,0.7988312696493175,-0.007627315056661044)
(0.2203626206365991,0.6797067123055223,0.11900840301384079)
(0.18048874378957253,0.7467419449032447,0.07516913839990294)
(0.24061242471121178,0.656128390420935,0.11719710525668227)
(0.196591184886143,0.6280862729430743,0.1721828369300212)
(0.1697817635443533,0.678289868400704,0.14737412611513168)
(0.25476907521989106,0.5295062920252411,0.20919724528823216)
(0.292526145983226,0.5144314695562552,0.18519212918784733)
(0.18457721908469174,0.6742202399363564,0.126157243599799)
(0.21010337272630555,0.6723841791049111,0.12462964974143745)
(0.1654380629276367,0.6433855517576398,0.17083227598241343)
(0.25447655774988637,0.6575036900139352,0.09156194583910568)
(0.2243269839611084,0.6449465637386321,0.11414177942470376)
(0.2235706336253527,0.6732249883569477,0.1010321589045201)
(0.20882152727567035,0.6086586208639126,0.17841436820718054)
(0.1943353675303534,0.6515230334336276,0.16274227440254585)
(0.2123353564149183,0.6266738598030159,0.1603947247353012)
(0.1982057578460965,0.627961594880524,0.17241778425630708)
(0.18391891677589517,0.6497395017593519,0.15769827755313592)
(0.18609884526658926,0.6213899609246117,0.1948550933202831)
(0.20455008207398354,0.5870736091531955,0.20610276985062223)
(0.2046114296693642,0.6473442647213085,0.1456820478107474)
(0.2009359392964691,0.6820367142441525,0.11440979878539163)
(0.22950164556934,0.6651560144278416,0.12953584346803101)
(0.18227590214247416,0.6538198086383877,0.16475190088405747)
(0.20759242167679062,0.6597643531576609,0.13226240839940193)
(0.25316354428632604,0.5729174903868481,0.1709160014693407)
(0.19408784394953318,0.6075541348670871,0.19372925855225118)
(0.18113391112780064,0.5196151241555829,0.297814286204939)
(0.24350532161961894,0.5194596626713227,0.24551547469724122)
(0.18556502654878007,0.5975764038339018,0.22078012452228243)
(0.17217680556462187,0.6664656431147615,0.1541731801304004)
(0.1895593760601471,0.5375903447999569,0.2712017864711854)
(0.1912985843458362,0.6425899897912631,0.1639267897715004)
(0.21938388996460897,0.6232344948145315,0.15912480366478798)
(0.2117843598123878,0.5762044706966213,0.2225339407421338)
(0.1981038840520704,0.6754756969308624,0.12317337612911018)
(0.1930741691141176,0.6632867450929684,0.16592407780984933)
(0.2380545821194449,0.5656158547917282,0.20866761542924067)
(0.19535313878603427,0.6531971625075964,0.12889000415004773)
(0.17610808337395042,0.49142067452279264,0.32923355528108383)
(0.2048645463438717,0.6994772237523899,0.08980666509470041)
(0.18903041975308327,0.6167949530504195,0.19450278957298422)
(0.19781782152130178,0.5311834416936954,0.24820150521736364)
(0.19020295606092052,0.6441349346219628,0.18482307008906398)
(0.17152499080311828,0.693911122046972,0.10981753755084112)
(0.19073530960571197,0.6184273043791729,0.20543649195564354)
(0.20070158242893926,0.7480800139329988,0.05636212944772896)
(0.18013284630800225,0.7430007984177108,0.06133426463358134)
(0.20532439560590227,0.590963949520819,0.20286343724528075)
(0.1968731021902634,0.661944487939004,0.1329200779162002)
(0.18994703840318974,0.6807875869129515,0.14515388472939783)
(0.18965646710186335,0.5913859795950189,0.1904894092457189)
(0.18351359440985127,0.8253991399411867,0.00939543366386755)
(0.18455201749666755,0.48840822870205586,0.3208105932744282)
(0.2143252958300258,0.6934979637991471,0.09495815082116783)
(0.20165097583224517,0.652184387938175,0.16350808304503087)
(0.18474850602903684,0.7469972033606113,0.06531221993103872)
(0.19333927540591178,0.6712352101997379,0.14571220845290894)
(0.21176298552148132,0.4757691427977058,0.29373246876485753)
(0.2080333707510236,0.6684851632374064,0.14071930674180352)
(0.1823841749851654,0.663223199659908,0.14442541556334015)
(0.18815972818679103,0.5255972940984726,0.2933540575775537)
(0.20676637804227974,0.5735642899684368,0.24833092041787222)
(0.19904535090101166,0.6278164946681422,0.1714504220064428)
