(0.5626787613052868,0.44000721727393294)
(0.8218214960389387,0.17622499790896484)
(0.8195295656869318,0.1626850017150407)
(0.8338392334680436,0.15045418434800278)
(0.8044555430755104,0.1809174178575529)
(0.782228007527084,0.2157851815092944)
(0.8915301722267018,0.09651387793878068)
(0.8204394771771784,0.16151674009242495)
(0.6545186266576877,0.33232162675208216)
(0.8641579719201282,0.137463315610721)
(0.9879092204217953,0.01615283888473587)
(0.6998685276181426,0.29965990592020453)
(1.1596178021805137,-0.15673012366201394)
(0.6885234252048763,0.30218821214484226)
(1.0021474158763426,-0.003656139682774271)
(1.1820210876499562,-0.18232675116230898)
(0.8282257148141758,0.1568476186407759)
(0.8089334687526593,0.20019813518737492)
(0.822541280560534,0.17421340022631113)
(0.7012973901712758,0.28124617312758216)
(0.9077963261151398,0.10138540497212747)
(0.28067905758487877,0.7254235234500422)
(0.8622611745935973,0.15009446982336822)
(0.9179045026198702,0.07693148918261022)
(0.9019703764799818,0.11243963345452909)
(1.0303594810001275,-0.038982650413754795)
(0.9121319450227905,0.08998985607131951)
(0.48923670581500883,0.5128498075560186)
(0.5954083865259324,0.40149170396985007)
(0.8220450480869216,0.1863247945680961)
(0.8197967143751139,0.20302636023692042)
(1.1556435799408256,-0.1584929271170004)
(0.5627622609045198,0.4377533540738701)
(1.1254867570888318,-0.1289772576917387)
(0.526147329641473,0.4936322497749186)
(0.8483076002895503,0.15573457204593213)
(0.8447448146918465,0.15005826488823068)
(0.6398283008803842,0.36099868724777895)
(1.1992401526002785,-0.20411465208657875)
(1.0877057560246297,-0.10125272116440938)
(0.7222716297149209,0.28318003549282195)
(0.6023636284709485,0.39594059053172026)
(0.8280082406915418,0.1676292652686285)
(0.9673589511971696,0.040092101680507676)
(0.8446502986689333,0.16421222782738967)
(1.0443738401295877,-0.030228305102976808)
(0.9437419472526665,0.056529702555389416)
(0.7729804463191864,0.21653977249390066)
(0.90781535099221,0.092664329420524)
(0.9577489610785448,0.039512095271223006)
(0.64636796856991,0.3436770853622015)
(1.1710345899703247,-0.16294509809153446)
(0.7951411371134954,0.222781208980601)
(0.6869101606986279,0.3158176852616089)
(0.5078739506295256,0.49477188007192985)
(0.7279159057467679,0.2660817042479048)
(0.8356179169217295,0.14188167891265469)
(0.9274357136677935,0.07610660395155024)
(0.4910655397814604,0.5122394198786174)
(0.7898572193237459,0.21699231404573374)
(0.7980744775238473,0.20898529078663217)
(0.6858666214838071,0.3078712770317033)
(0.8804435518814352,0.10875185983160589)
(0.6300219703122517,0.35702777078815595)
(1.1484554794425894,-0.14954169045290586)
(1.0270725384180408,-0.02272851911672866)
(0.912573928964031,0.07933217133665162)
(0.703678087575097,0.3111602020732646)
(0.7778303821216386,0.2211665647408624)
(0.7685595796388265,0.23518691708129905)
(0.8454390122824776,0.13977904189875867)
(0.9080828790333239,0.07433937267253453)
(0.8225603737312962,0.15741616872720493)
(0.6826142065274067,0.30936635749758706)
(1.2528682345412292,-0.25818919869441)
(1.0041681469271884,-0.004281250991617579)
(0.6906499778839885,0.30764630777487606)
(0.7298631428980267,0.27063415745831093)
(1.0978728458289848,-0.08770533242744875)
(0.6526768554350255,0.3397794981934524)
(0.7209148045347701,0.27886846178196817)
(0.6064896883101397,0.3887613076259046)
(0.5292185694267968,0.4630395206510583)
(0.6218837478278619,0.369980979558302)
(0.8348211015553567,0.18961163777367168)
(0.9426297442852442,0.049179274017569274)
(0.8285775830938998,0.1818622157885388)
(1.1953976462269507,-0.19968082498446413)
(1.0652696787081253,-0.062030737212494844)
(0.7195396797907211,0.27087248800868363)
(0.6841767108612794,0.3163460504103912)
(0.870194402794625,0.15005187694709554)
(0.5622986074312045,0.43253911051530186)
(0.9063500627265969,0.11031877677645734)
(0.8347772792275049,0.17287522366937313)
(0.6340164816333036,0.37469611705803946)
(0.4169920812870814,0.5813660128107587)
(1.2874731172999399,-0.2555791688846625)
(0.6463170279867637,0.3410100921563396)
(0.7659266066187069,0.21566926781640214)
(0.55934416460397,0.4545352980141625)
(1.0186174990482442,-0.010292505443274981)
(0.7495425671445364,0.24793164055939884)
(0.5986459171410622,0.409861560139805)
(0.7663504823726467,0.23407096638429634)
(0.9991086085701144,0.006692081748787016)
(0.578497680163526,0.410928070932827)
(1.002737192050685,-0.007645554403743928)
(0.5186840151532406,0.4822625239492122)
(1.1302130559420125,-0.1368007699514844)
(0.31290780068796203,0.6829656132061543)
(0.7322539342992875,0.24588950915528598)
(0.5477548282637791,0.4714494017978192)
(0.6835020292447626,0.3265369760445473)
(0.917899604102314,0.08848073965899653)
(0.7472059579186957,0.2581007735418905)
(0.9341666902088361,0.06584967468551926)
(1.0146464015708416,-0.0035562972193149364)
(0.6972143596001348,0.3079137787182195)
(0.6599756134622703,0.33009209749537877)
(0.8066620564699085,0.2007712302165236)
(0.8253591135363577,0.16733659255748154)
(1.172482995158102,-0.18396664860030568)
(0.8497426751702103,0.14562534305661023)
(0.987060966012833,0.021943933862817254)
(0.7626863289810139,0.23547278715726827)
(0.9666718952723835,0.038394426947298534)
(1.0395695227123922,-0.02579790753785854)
(0.566700230588257,0.4471584960128911)
(0.8676814209609278,0.13297112785295334)
(0.9601549865300227,0.026298024573151182)
(0.8020248459263829,0.18377335974864759)
(1.1148176895347413,-0.11193930510272704)
(0.9817014279617488,0.03372969221074827)
(0.8075291023811892,0.2089949366627662)
(0.6740841806677623,0.3189189889250633)
(1.2144255171323168,-0.19534704833508929)
(0.847476151311384,0.14902980424505832)
(0.8157862311955238,0.18161326293082405)
(0.692984896324567,0.3025166113002834)
(1.138448384725772,-0.1410642869994154)
(0.6387512372763794,0.3567000011682034)
(1.191925655666615,-0.1982944850175876)
(1.2334212110824236,-0.2352754743055711)
(0.6853199896718115,0.31411669607244647)
(0.6344306134686891,0.3704816713671265)
(0.8851486184503933,0.13130095025532149)
(0.7462208824148752,0.2596661588667166)
(0.9080763481064765,0.09907881987674964)
(1.0079173033798057,-0.01342861388547228)
(0.9485957382242997,0.04796659696799958)
(0.9662982310651251,0.01918245766585092)
(0.8740754609693746,0.13251315612991185)
(0.5483113102258916,0.4584787517994112)
(0.5583818036224726,0.43767606261830055)
(0.7913248532898972,0.22167419786869233)
(0.773455801221466,0.21542005576462295)
(1.1117526501250854,-0.1042790071831526)
(0.9633222306335455,0.03659285041235465)
(0.8913034516445184,0.12534580364071138)
(0.624530719604636,0.374307399215123)
(0.8997600176586308,0.11642467447511602)
(0.8049527313649256,0.21377897820113906)
(0.6296622611348006,0.39038136165271387)
(0.5861576876425771,0.3941277350309236)
(0.877869107598295,0.1279084828215877)
(0.6880721665766565,0.32700291043171115)
(0.41316475329545194,0.5853442523794252)
(1.1798047310897595,-0.18727870044499953)
(0.6989835303574319,0.29161508771420386)
(0.9247237124555484,0.08452469307646583)
(0.831629570931763,0.16023454333265225)
(0.5520058210628391,0.44555431504615534)
(0.6080322672030031,0.3831503302216998)
(0.922296840412817,0.07743020011476846)
(0.5954133907794963,0.393719021596833)
(1.0302256064738886,-0.019458156650121756)
(0.779966352833825,0.22962968154070526)
(0.8099732601627941,0.18948503855580134)
(0.715622175578607,0.2836987899600883)
(0.8951085953075245,0.10784780100016518)
(1.0664702986776076,-0.07782314843813846)
(0.7094937966011475,0.2914821796019003)
(0.6200339525158022,0.3766826969995401)
(0.5027943638632711,0.495797333575849)
(0.9926241266169169,0.01086092285351899)
(0.9749563880847745,0.01721609804848726)
(1.1160244646078787,-0.1185330382287522)
(0.7176588563634683,0.29178793597853847)
(0.5074959801729428,0.48966822692699213)
(0.7383089023725238,0.2674663756250481)
(0.7542884449743339,0.22536294986622285)
(0.942250978298977,0.07037843676624005)
(0.8728515686635335,0.12023488339981776)
(0.7716680573021001,0.2200266031523274)
(0.5362392006752038,0.46459360318161913)
(0.8064017756414337,0.1877024405849233)
(0.6707557536179607,0.32025096867271696)
(0.7132840547100111,0.2757865366964654)
(1.161226618486068,-0.16401508490655645)
(0.9753909452260376,0.04008230507003696)
(1.0089124503740676,0.004084938010302418)
(0.7368969181389013,0.2688845873040019)
(0.5475604189491015,0.4548271468071954)
(0.8037106375295461,0.17464547089734356)
(0.8682384748551913,0.11361891048662164)
(0.6092926383230286,0.3811416319033935)
(0.9309465611841041,0.06892004760432162)
(0.7466783910123347,0.2556186354744538)
(0.7803994702707631,0.23503295772277474)
(0.9412728977731378,0.05352128471315546)
(0.6927400654301229,0.30732553588597694)
(0.5968078846365692,0.3853211545757722)
(0.6815475394398247,0.31440615134579325)
(0.6722528693343787,0.3263470269543716)
(0.6682028304696316,0.3119184763849706)
(0.9494778722302927,0.04607781037536875)
(0.6912500364199118,0.3126950291734319)
(0.6240942870182364,0.3794774937531169)
(1.0647475177095174,-0.0691321794721325)
(0.8425423983176583,0.1661629942240618)
(0.522112706311543,0.4787861604956643)
(0.633221231129019,0.36914191047308265)
(0.6602606899608057,0.34085184691020737)
(0.7777063800354344,0.22824120659827954)
(0.44981695372657654,0.5527855504161917)
(0.9576281756956971,0.05365982488882931)
(0.6818462763005992,0.31957166342323184)
(0.9947748471814628,0.007025149891266449)
(0.5751101281568395,0.42210422775999884)
(0.9144820470564302,0.08998980877349244)
(0.603881978552258,0.3892421775947599)
(1.2021101542053336,-0.1896929876491116)
(0.6527500078847764,0.3417348170061854)
(1.137647220555187,-0.14744649082225836)
(0.5922092304126421,0.40818103082650997)
(0.8504660430679071,0.14656475304186872)
(0.644296346458813,0.359487854281565)
(0.5343091720591382,0.4771120455403079)
(0.9310770211267304,0.06121539237482398)
(0.7907909298348218,0.21124469563045542)
(0.7260178673660136,0.2636523804904189)
(0.9367164826838285,0.05936904772126191)
(0.7523904776383404,0.2415911963073679)
(0.9368139538275722,0.05504380222561677)
(0.9780463001761719,0.03519589889523816)
(0.9009549483562669,0.1040849158007529)
(0.8235915846701054,0.17535553186236066)
(0.6390309670098366,0.36986122036162455)
(0.6690380897956802,0.3238652863869566)
(1.0148592404809453,-0.00242807906444193)
(0.6825299574755148,0.30998402191893193)
(0.83868170460377,0.14994653403231517)
(0.7488763730276912,0.27279935571970515)
(0.8566117035774261,0.1283290507054387)
(1.029615550061573,-0.025957774808449047)
(0.620699736582543,0.3797075766298514)
(1.6312401516599941,-0.6266314951477786)
(1.0196780971831119,-0.03409265716143923)
(0.8224001936184504,0.17795411613888276)
(0.9471129348729969,0.0369037287856209)
(1.0797464011589861,-0.07631029467880522)
(1.0879630439418204,-0.09586184907730508)
(0.6520312035581487,0.35385859930164537)
(0.8482661555129006,0.14964725549462882)
(0.5205549229852288,0.4865211946665237)
(0.785071107039234,0.20712805185630503)
(1.2318977130268336,-0.23897866647743363)
(0.732930346372036,0.2660322788345661)
(0.8352500500027585,0.1813944545973277)
(0.7671557524314753,0.23975179618847844)
(1.0012127099024308,0.0038962826615349263)
(0.7433443522690023,0.26930627888352615)
(1.1412005009884456,-0.15433713291717957)
(0.6657747751431098,0.3221384763789943)
(1.0422809657093557,-0.05063265664867501)
(0.6750682495379131,0.3156383792056743)
(0.5061222929905185,0.49883697627044454)
(0.5834585090727213,0.41837271699844836)
(0.7096367061036859,0.3031553354700968)
(0.47212225569867267,0.5350073102591532)
(0.6229938015999983,0.37848851600441663)
(0.7600665587177736,0.23015819226474563)
(0.6655202432152078,0.3556299035065435)
(0.5770142096129871,0.41407628864905766)
(0.658642507932815,0.34090509447593814)
(0.7351068702832074,0.269423620536822)
(0.6174964746523145,0.3989717688066147)
(0.8122096924560643,0.20711599084984025)
(0.5246418962335319,0.4711076624793511)
(0.9945299405099067,-0.010469878038680477)
(0.6742494189286258,0.34417799244205227)
(0.9336516980950552,0.07600528450905923)
(0.9932323817875225,0.003062261440768531)
(1.1003729894992393,-0.09199895774082043)
(0.8337352979226096,0.16421634442763697)
(0.7925914780672496,0.20681939567367186)
(1.0022531745470578,-0.011421717872492904)
(1.1209277410817624,-0.114875058562739)
(0.9336497002966724,0.055238591315645624)
