(0.17741821518449463,0.724004478041829,0.09155897282011291)
(0.22470049671538114,0.462301239315691,0.3216473389544461)
(0.2611999514561275,0.6277864963143865,0.12636045247204344)
(0.18082842228566648,0.6648301948027848,0.1487625335917595)
(0.18029290581140414,0.8391788945176009,-0.022681084633429865)
(0.16605344945484019,0.7604920195821416,0.0672854468066835)
(0.18144374350582124,0.7648941200660496,0.08399139175263935)
(0.19521039167650764,0.9629891290866653,-0.13874160649077932)
(0.2084318256877963,0.5998854824928805,0.208389285217118)
(0.20607681081986282,1.08845824122166,-0.2944154358606909)
(0.21494990483163715,0.8102684963079888,0.017079212740757407)
(0.22220164350879193,0.8139357338436405,0.010459113317589686)
(0.15593110837823068,0.40697291568592797,0.4174179861532572)
(0.19433423479810893,0.916495107071671,-0.12559067668458393)
(0.21317663606561127,0.64893088274062,0.15797540634921384)
(0.19880631383877312,0.9340954245122682,-0.12391643013170778)
(0.1681099433479964,0.9111467134787332,-0.10938071121157282)
(0.3008752502797539,0.748199291671667,-0.029275601635436042)
(0.22866044507447753,0.9177928014412609,-0.1532914006003397)
(0.21076749722413374,0.9155837317745673,-0.15386438594155938)
(0.14753829386335837,0.5951090723333189,0.23357765313231305)
(0.18554446935559676,0.6252938408433805,0.1714068728448232)
(0.2041304065582858,0.2080896331521076,0.5944485808286382)
(0.21571106148730554,1.0398156748807645,-0.23254478961733668)
(0.2235427196016904,0.4827019397357819,0.2907533225826069)
(0.2758181183351603,0.4701636882400586,0.2684371194214971)
(0.24836716285319557,0.6018808479573456,0.12460890526470668)
(0.24530705153828694,1.0063106176934142,-0.2174341724203135)
(0.15502484324841542,0.9076544571448949,-0.0773415980606311)
(0.2260855105824076,1.122614877580573,-0.341605482989366)
(0.23328549454803305,0.8113851297797355,-0.05995695170313094)
(0.17442935432015247,1.1625831810558802,-0.3495343719125664)
(0.1678028996186954,0.4089681866415893,0.4048291280029386)
(0.1911443604349949,0.6752418247545005,0.1359477816966501)
(0.15497735277907462,0.9423276591943909,-0.09423210925696977)
(0.19997392286613838,0.677820195342983,0.13351128714503716)
(0.20718766106136252,0.9882639203576943,-0.19879065163856705)
(0.2261092319997359,0.7170997950192641,0.07955576169336194)
(0.1707146843287523,0.5840249139645447,0.24326642616686175)
(0.1478885961655347,0.6009829643205165,0.23448164851287753)
(0.2068740550054405,0.5965168334942684,0.18915916747332542)
(0.13864245314840584,0.48227508913281364,0.38133929613664647)
(0.1931391924718536,0.7334288925553051,0.10190079762115056)
(0.18358719257564207,0.7107204819924516,0.08726012112684751)
(0.1972039097415987,0.5945440279614881,0.1887939665574666)
(0.15018739678759482,0.6575796969340599,0.1690875227907369)
(0.17884374011208592,0.8492057954965501,-0.05368171524345464)
(0.2152419492439387,0.4814593083576669,0.29749997081969837)
(0.2413385238707558,0.8226274472006642,-0.04504408282197171)
(0.2459090449914367,0.5700290687547904,0.19992306297842882)
(0.1726370728149596,0.9874384232519584,-0.1642907787973706)
(0.21878069585293877,0.8136919380091359,-0.029922529456622514)
(0.19025259484636028,0.9465192159235829,-0.1588027772198063)
(0.20744898521599955,0.7277709322538027,0.08578373526285803)
(0.20702116088362185,0.6494430544333498,0.16104759642457947)
(0.24296888260621863,0.6243145731757344,0.1457888394639801)
(0.21662360333765415,0.8260803877104381,-0.014603783707357503)
(0.17583939471675422,0.6836519763273695,0.14122404374856953)
(0.17083858622887393,0.6448858073782517,0.1520456084773959)
(0.18102564709056962,0.7231531236921913,0.09043093389045277)
(0.11772724244185498,0.6951466016211915,0.165289277563646)
(0.1652972630685915,0.6022033939106547,0.19337678553516824)
(0.2359032626515312,0.3658885997623195,0.4204864425222803)
(0.22714178400590604,0.9695250525033766,-0.17816775687399644)
(0.15195681734381222,0.8536244325814448,-0.024423022896151367)
(0.17593474237959453,0.497255952354212,0.31261840385194317)
(0.19534205448198774,0.6091867991152112,0.2022263611129585)
(0.1717642929277233,0.6352526305865768,0.20924824622158134)
(0.2716674792630769,0.19080773026683875,0.5328044773119693)
(0.21738437582309028,0.7774540049964298,0.033807146018316345)
(0.20086985937860946,0.18127297526994562,0.6050237196720633)
(0.20444698190903166,0.5840910078676885,0.23502666462855354)
(0.16584243780473562,0.7250906014173131,0.08563192573860301)
(0.22166660682014933,0.7725291281846062,0.00418142902477547)
(0.13623185295972443,0.8791476028559085,-0.0129572165718108)
(0.18844512857193035,1.1023748619826272,-0.32671481032627486)
(0.22943406880764225,0.7481543716459308,0.025271707441117185)
(0.18074871618158533,0.6938983605850509,0.1020117981398144)
(0.15443141638416288,0.9510278537780813,-0.09345739378543222)
(0.205814434261294,0.647159390649551,0.15265884476106545)
(0.21506739347354614,0.5499777040383312,0.2287286464545322)
(0.14183179414579322,0.8154875727690406,-0.0015951788297857662)
(0.17732624707603103,0.7023313365843424,0.11964949532688227)
(0.18894533717107964,0.8694473279521676,-0.046275001730384215)
(0.18407043805454693,0.8710023801052856,-0.08547697973278863)
(0.1549023663682038,0.7515635702832923,0.11437507477420218)
(0.160966403093241,0.6483216292769529,0.13932337057717326)
(0.16119921881991942,0.7393535288922725,0.0900212162061296)
(0.22053159509950793,0.8255722093939616,-0.02265623005548966)
(0.12945475797625863,0.6025065880103647,0.2863211403863466)
(0.1894740977806759,0.5314133414982258,0.28031150868559035)
(0.19818238753370557,0.5089320817602201,0.2937877522055737)
(0.22390745310749627,0.6139396876125892,0.15446368836687763)
(0.2006338122253486,0.5696900276265429,0.19725912740485174)
(0.1876488215402804,0.6160692937874997,0.16224855075940886)
(0.1691207120523963,0.6080360654390675,0.2019436487919839)
(0.17013250048544928,0.2609023625315861,0.5574013854967801)
(0.19225984953817207,0.6436211508961734,0.14685136020242365)
(0.26285868845848076,0.5763360240950269,0.17065605539655704)
(0.23147347842738322,0.9186167322323554,-0.15102608379796198)
(0.19070696042523272,0.6292885822357593,0.1822035480696849)
(0.12574705286814367,0.8293109482390885,0.06365527352065584)
(0.21246220294530754,0.5265894633449654,0.30349765300906645)
(0.2182171993701469,0.5093940674508667,0.29992541290449826)
(0.1602249560732936,0.7662757738214593,0.07793685572094622)
(0.22590793053109476,0.6416937547671031,0.14160747489375172)
(0.18460048815951952,0.7656704277855967,0.041107723379593966)
(0.16280478710369836,0.8723307246565243,-0.05812040277086953)
(0.17128228819591107,0.46403256923870795,0.35602392374396796)
(0.20629715264727416,0.9547303033314797,-0.16486144644959813)
(0.16117868459804033,0.8780018232210886,-0.050013581862978454)
(0.18712121225802558,0.791284100707525,0.01731617535274496)
(0.23335342073576393,0.8759794876280363,-0.09654517078607461)
(0.22183405218448032,0.4563573402472917,0.34343145955961035)
(0.2058689351344422,0.6984130823185775,0.07852856540727599)
(0.16055625777348909,0.7418263294622823,0.1030673735407436)
(0.18324721926914722,0.6299772876909864,0.18423259665891736)
(0.1885517201630062,0.48857906709231874,0.2973271596592492)
(0.17386680437722862,0.6091968769362819,0.22015997593636338)
(0.18676016451174296,0.6474808471822782,0.1670532748415707)
(0.15102359018067732,0.5738109756756373,0.2438715809293309)
(0.2669121418949035,1.0205807097631658,-0.22653886412114174)
(0.1386503042642356,1.222006643542796,-0.36722926862628663)
(0.15422634127507423,0.43324792715843763,0.3945798925705241)
(0.16228936370297178,0.6825306454809491,0.1416213683201863)
(0.1817697867282259,0.9163591026273277,-0.10925529386862398)
(0.18888879791525331,0.8301365611322644,0.0006903869090253032)
(0.16595276548562207,0.5486120161759646,0.26910329353469875)
(0.17529186300842103,0.9951093255881175,-0.16590143658478387)
(0.13839950382943908,0.3135862037516607,0.5262151211206013)
(0.1986630885048579,0.7900114936462068,-0.004874468683703837)
(0.24975204968585307,0.6744699070921343,0.08762781358777974)
(0.20375294522027468,0.9838747355385256,-0.1462248708527757)
(0.15133672900808715,0.7890443927251635,0.07363326310747638)
(0.17823496723890017,0.2707336689432836,0.5460469534364888)
(0.18896440617074706,0.6431297712104188,0.17836730203857487)
(0.15102038887248945,1.3009747132218594,-0.4423586305976854)
(0.17119415660928888,1.2975338779713503,-0.49692887697291704)
(0.1854443235988802,0.8224981249602282,-0.014171142753601934)
(0.14057414040862168,0.7786452769350319,0.06593276565758559)
(0.13172830183944786,0.6646991705701665,0.15541833233279362)
(0.23324217384230658,0.1599082552325812,0.6066627985042239)
(0.22780661248860726,0.6736819142528637,0.10262415075517894)
(0.19967359983682972,0.6586590605854202,0.13785061142124733)
(0.24704395973462662,0.6846767021106593,0.09647333456488531)
(0.1492093397857116,0.6719914023807204,0.1365719385954407)
(0.16683678630712218,0.7732663277030091,0.07585302904895559)
(0.23910096044099174,0.42371473932169085,0.3404483537040969)
(0.23527312081532145,0.4025386996627105,0.36917015916456886)
(0.1394562665462926,0.8418011694359073,-0.008432390292623186)
(0.230520864847225,0.8117745832635861,-0.07111146172559679)
(0.16220867005356412,1.1330425725026512,-0.2783801790581643)
(0.21095135300314016,0.5392919467273872,0.23125943412286432)
(0.13331600719032352,0.8152913431616564,0.03810516531648837)
(0.24355094163573998,0.4289964953814517,0.3253521528186557)
(0.1663370941167886,0.715495894638649,0.10473885307145601)
(0.18305437894768462,1.0079012012098938,-0.1877973894157375)
(0.25547287261281054,0.5360863347118843,0.2361451546212329)
(0.19574320241930762,0.6810263285780832,0.12178749597439675)
(0.20691502089455213,0.8999652414762982,-0.09013919045446357)
(0.20954726528630857,0.8901781102534609,-0.09689071341310289)
(0.17692045159594932,0.9528916769589793,-0.13236396070548453)
(0.20375405151173578,0.7736190081265872,0.038029291708274064)
(0.16511547595120465,0.9566092301420251,-0.1165696186516695)
(0.1849551571281153,0.9336243276558422,-0.1349236084713694)
(0.18269606551519946,0.5715242438392537,0.2654861757349278)
(0.24698117530176542,0.5943664064307003,0.16530010341983095)
(0.1776942941088179,0.9816370314192306,-0.15966229519861047)
(0.19123199698934737,0.4362942695201988,0.3514509935551433)
(0.19653305357490727,1.2041759637963636,-0.394160032119296)
(0.2013084818311637,0.6742095026417224,0.1413611399377427)
(0.12999821776717052,0.7317261040378712,0.1100008754498615)
(0.22418596907466087,0.6582437253920022,0.11538431870239181)
(0.1721916275851639,0.8381778267906302,0.002591006098337351)
(0.1937952293422886,0.7926547543415691,0.02061286443796812)
(0.20799926664920582,0.5686781001451643,0.2518988914786902)
(0.2167980646102996,0.48811676189552317,0.29466734562488395)
(0.2070514165408168,1.1766231034695125,-0.369270418529713)
(0.1610806982285813,0.5845067409073902,0.2520043354681839)
(0.27430217344764957,0.7982988832990879,-0.048507323069821646)
(0.1412232118965655,0.8499784501009789,-0.007485069360553638)
(0.15396813239500887,0.8805558414487247,-0.03554234608771486)
(0.20064729209387935,0.7783076906515841,0.036348641991699925)
(0.18442878576357444,0.9627496452143708,-0.13741578354626524)
(0.19871524304901225,1.4375498842394934,-0.613330948702918)
(0.14713011743220547,0.7755133166216832,0.046404093499366444)
(0.16694139671829547,0.8452164199226407,0.019600545492855292)
(0.19768989430962,0.6522290269678758,0.12014428189852377)
(0.20397001733557663,0.5685338181920594,0.22679741306070395)
(0.20562300936276415,0.4195788122009605,0.33027650240607437)
(0.23573596429811583,1.239191648452819,-0.4538316170362303)
(0.11906537166114037,0.7674595790266949,0.06307594466034047)
(0.20828439006309332,0.8779579184541826,-0.06746600016202994)
(0.18654500574163096,0.8089648918247477,0.021923420473362244)
(0.2644476815893841,1.1157498123819274,-0.3072229601563373)
(0.1904033600027386,0.9029179389798886,-0.08282542630178184)
(0.193537448844828,0.9045207444909668,-0.11305465072194229)
(0.19236327794961228,0.615055498390236,0.2081971193696326)
(0.1541580344525749,0.8501530403728229,0.007733565193211496)
(0.17412445389654635,0.5938796531474427,0.22191008408014934)
(0.20804863103611512,1.0898044199975996,-0.299035248972748)
(0.17154857537248294,0.490608939233087,0.2950722418544021)
(0.20686558446757947,0.8659266563780172,-0.10565409490464106)
(0.17572191177255844,0.6988250305172591,0.13371738241376424)
(0.22345044241335715,0.8575152460204364,-0.05649562738702125)
(0.21251474495842665,0.716036312662151,0.08510308673848734)
(0.22109416449156846,0.7106143709532987,0.0735768377884819)
(0.21545918911951853,0.7386808790459967,0.017983550820175016)
(0.22091586297449892,0.973629608685495,-0.19515799692505517)
(0.18511471448661054,1.3493041426233172,-0.547483729265867)
(0.18975762599545928,0.7011150068407065,0.1454667384703747)
(0.18655352292969965,0.7419863192876801,0.09604109610387307)
(0.19415682445247318,0.5274330073196316,0.2740004106497423)
(0.14389764958976176,0.6656303874182247,0.15044061436284573)
(0.15191161233576667,0.4378158547013506,0.3912863440022302)
(0.19775424082225987,0.9740423346841105,-0.17239093388296214)
(0.2080960798880116,0.7245937704016747,0.11332564628441576)
(0.1742737881790033,0.7761084180960165,0.037555896128893575)
(0.18145329594467613,0.618529897203487,0.2304041521661193)
(0.2315034527655139,0.7824041172571968,-0.026787867403693426)
(0.21364703541867144,1.1206837539018426,-0.3173533400807467)
(0.20823137127448188,0.7360295285644262,0.021654751654573586)
(0.20237792914865962,0.6644486243059318,0.1521520247300509)
(0.23156717458463827,0.4228545051238303,0.342774432319676)
(0.1790826626512189,0.7697391245750508,0.05185895928020209)
(0.19005497940144506,0.7573615386816958,0.007897321227307038)
(0.2163875684139715,0.7960400984881273,0.007060677479641842)
(0.205700343381526,0.4893085348509605,0.32701520689789926)
(0.24478843340644973,0.7216231194101583,0.02198931144700962)
(0.1663852520462672,0.49804371622386306,0.3528312398534388)
(0.19711891169350113,1.0821571920146937,-0.29287316287835724)
(0.16424303263413959,0.7396188725107967,0.0874745021902985)
(0.18606725705269953,0.9062455781202279,-0.09953139302803551)
(0.16145472603081182,0.6369683213460682,0.18877815182690735)
(0.22215045883571746,0.9386739050462914,-0.15403891926359536)
(0.16910166129828738,0.6260424033737775,0.18494033148982653)
(0.14299004795989642,0.689117002864811,0.15988004549796092)
(0.2262299085371857,1.0391448714571991,-0.2865953292482504)
(0.17759373282028296,0.9038838820130703,-0.07834102667452765)
(0.14233972817222237,0.7590488069801833,0.12073641607407429)
(0.21382200661236292,0.797957877559622,-0.033744108756036804)
(0.2405927716131299,0.7849379855160369,-0.022225409607206686)
(0.18863265720353956,0.6348306553534534,0.20735183627089143)
(0.16787014861079122,0.673238002332422,0.11325625467788276)
(0.17735602250605478,0.44278455867125216,0.38953783854872454)
(0.17142027469968596,0.5420819644909002,0.2829043082588552)
(0.15974196705766333,0.9008495871392802,-0.07508064987167978)
(0.1530959235337266,0.5341389412231238,0.3059698294041379)
(0.2064511991633867,0.8463513903374962,-0.04003089364225719)
(0.18326093700910498,1.3440484370265122,-0.5189117196848134)
(0.18711931222820827,0.6487583678760194,0.16299610649808083)
(0.2077683623111538,0.9013276280281186,-0.05509584219394017)
(0.23607878888188608,0.9380928780797294,-0.16784443647025002)
(0.19041774157510089,0.971408702318641,-0.17207091178830716)
(0.22306259765199257,0.6446883961009712,0.12982790888789636)
(0.2366232177034375,0.21540509236556654,0.583154100178669)
(0.16740262619295485,0.5023007994956624,0.306217992837933)
(0.15324147970568033,0.6950018175523446,0.1280637996796708)
(0.1949051377244335,0.8990853812693083,-0.09525159358512153)
(0.23453218106909024,0.5954952236502177,0.21246419321391344)
(0.1912832042006773,1.1181300891696124,-0.2986920326952547)
(0.20181469280262293,1.1977813766020202,-0.3624826316212386)
(0.145582841306496,0.45794389096498,0.3806421861145934)
(0.20374469856497332,0.5834586185031084,0.2034890228742114)
(0.20711495433307198,0.7619029127719216,0.06210752148815453)
(0.1839504931070352,0.7377553865796558,0.10349546721218716)
(0.19205801469949452,0.6481888955974012,0.18771304685473728)
(0.15658688117777192,0.6705871166997097,0.15795714682857248)
(0.20774518514993767,0.7230779191483239,0.07485731216501712)
(0.23747734830003536,0.542460865651515,0.2587119327114814)
(0.2260938130446785,0.283567162394909,0.4786671903963684)
(0.2247972654528436,0.6719976550198843,0.13725979050237525)
(0.13684489686617116,0.5937257941980226,0.27559310669845427)
(0.2209279526304545,0.6277089727604245,0.15178528897788007)
(0.22923053757913223,0.44226929898989237,0.3244313124902107)
(0.2112702826085101,0.6380168976519461,0.11078668585127203)
(0.15322966163677154,0.7822861100270636,0.051069754948271914)
(0.14068952588889458,0.4518834174495961,0.394840639125321)
(0.1245557433019301,0.6738036084918398,0.1588490748865302)
(0.2636766431987574,1.1828591398111183,-0.42735270543381915)
(0.1526426254105922,0.5618056383432047,0.28200091996225113)
(0.2505523999536233,0.8227463992886406,-0.07383345914158507)
(0.2152298483556054,0.5814670008460887,0.18356372021568723)
(0.19816364137164266,0.6030666033905325,0.23885683552209847)
(0.19241575285276577,0.6380881054195358,0.18074082816196607)
(0.20461045450124551,0.948633660601152,-0.1294190104104786)
(0.22031381582622622,0.7382690586182973,0.06237620254456208)
(0.12823288102156244,0.39761713664259735,0.4544974735359756)
(0.12382302868392854,0.8358266163166873,0.004761948209130454)
(0.1765013563253579,0.6708329847965064,0.12647003039606594)
(0.17748050087556289,0.545755554062659,0.21641294044391274)
(0.21301929990405227,0.7416101297865211,0.08808091938797133)
(0.19245675351161723,1.0516930175387955,-0.20893390174054574)
(0.2446682155022862,0.656242810259173,0.12291132502257543)
(0.19510751701823847,0.5528592289115413,0.2461723864195747)
(0.17026056095550976,0.768966825839399,0.05497817513256394)
(0.1808707464867715,0.9312565322516616,-0.11826705637075287)
(0.20315366889873143,0.5003800860256709,0.2687857075467766)
(0.20475852172569156,0.45059432005011524,0.3638601371883258)
(0.17804081245451114,0.8408892345614811,0.00633119450999448)
