(0.20591382785108334,0.6277241844481167,0.1590694451989935)
(0.22516121494548175,0.48143206343542083,0.29132278585128774)
(0.19116181291521236,0.4588717788616122,0.356007095741784)
(0.23152926853958625,0.5503570654318304,0.2261440152328887)
(0.18899194095468694,0.5537403349934714,0.24915005792360218)
(0.2401378314817072,0.40934380515118945,0.34672316516621166)
(0.19921468462479466,0.5741531160717732,0.20579124018747202)
(0.18534133237899833,0.5281954657598145,0.27020772830060774)
(0.1998175010741834,0.44856034863380617,0.3622850370949677)
(0.19929958746158175,0.5461998214737904,0.25158667397980855)
(0.18825025359292313,0.7628476853465189,0.054863014137670675)
(0.19196227422047943,0.6327107356750068,0.15655743720353577)
(0.1875870114122633,0.5757915451726436,0.2367596739226513)
(0.21364283532875677,0.357826427413384,0.42774382828862245)
(0.19365098160364705,0.5286604469260939,0.274519574626581)
(0.1756887541234682,0.4976561685397511,0.3203127334683628)
(0.1846496462480607,0.5031994845478134,0.31720172902212346)
(0.1926551911681547,0.5668727541011195,0.24753941689940834)
(0.21269897168251992,0.5595179559677337,0.22999732656271535)
(0.19360337566438302,0.6629747822413096,0.14178950844759264)
(0.19985095637052824,0.32364997353870134,0.4882349986237044)
(0.20791086932527988,0.48500295952412054,0.3047428067412299)
(0.19106823333700726,0.46939022336669317,0.3414241668797071)
(0.21006199539447207,0.39513363938082763,0.38508055785580114)
(0.1912958218952743,0.4800484915471672,0.350548042504016)
(0.18735764039798672,0.4915736882977448,0.3193355633546453)
(0.1766250818498449,0.5571756436482176,0.2746528431544696)
(0.1927348334462292,0.7936157683973961,0.019637982668236565)
(0.1971933607547674,0.44328982659829136,0.36425209096012723)
(0.20229263124374552,0.5308280202468821,0.2542028211936345)
(0.1881745900505913,0.6535127613079196,0.15729948861644302)
(0.1984964423610873,0.3854917894855782,0.41138836993165967)
(0.20259416691879856,0.5155535312492359,0.29466210306924756)
(0.19074767883987187,0.6142083449249706,0.21037023484585063)
(0.20698903843178176,0.4542854119719196,0.3585954297695931)
(0.17326935385216463,0.5960366744741057,0.22929685836416902)
(0.18169703072920174,0.5315951476493169,0.2733473201521871)
(0.2013254043522317,0.46246273848722996,0.33268932736536233)
(0.21743223238734347,0.4177727112147297,0.36976998235524255)
(0.2085449092944982,0.46171265089564123,0.3440071814979439)
(0.20827054362571998,0.4240743846075105,0.36285647828475176)
(0.21395019183195768,0.7794127519889628,0.014299494315266762)
(0.20460170018706772,0.5807931304547215,0.23009474731741203)
(0.20000834568936196,0.6123855463714346,0.1816121567861524)
(0.18104944503960224,0.4059424234555772,0.40460969823692566)
(0.1971001334875322,0.5620769965540682,0.24218695010740554)
(0.18861687008070577,0.7396365943941156,0.08420378443987475)
(0.18480213795763376,0.6294359998750017,0.17043701098348996)
(0.1887707685766982,0.6993509408767736,0.11028577750142748)
(0.19993214386696345,0.5715730022666716,0.23387991875455375)
(0.20473748647569234,0.6212467902483501,0.18549070848944904)
(0.20112395418580034,0.6708219010329728,0.12071039789029094)
(0.20220076709612725,0.4013857437085202,0.4035916113502114)
(0.21928882356439483,0.4186165229368684,0.3710868720885758)
(0.18327218317170327,0.4749217778172828,0.34633409245548324)
(0.20549639101021577,0.6032288783660231,0.1922300499477023)
(0.1841852439518552,0.5265923585123599,0.2639511102459701)
(0.21311654150596754,0.41809174636417024,0.38339281224247634)
(0.1994924236080958,0.5227513224426735,0.27511090642533736)
(0.22087759753130817,0.6134469167797211,0.1666527663932285)
(0.21983128471862579,0.4648812972110491,0.3122174776217812)
(0.19949953812035282,0.656536153144256,0.15241570146837927)
(0.186017556648321,0.4431317312427395,0.36491589964931626)
(0.1789709930668699,0.6496229269876782,0.1597067393787587)
(0.18587429846588485,0.4709622435945945,0.3435251698164455)
(0.1799379148408055,0.32958812182453096,0.47735195418743676)
(0.20052197944711622,0.6223103311499579,0.17497722478445552)
(0.18658141628077968,0.5789108209294633,0.22492006484721153)
(0.18845323637816647,0.80288212191051,-0.0012439609333270625)
(0.18451056161047152,0.4619876388063754,0.36481537420564464)
(0.18900439801997534,0.6497682824398836,0.1570749557473255)
(0.1783980609790325,0.5196940189298808,0.2858131316237809)
(0.19684212951032437,0.5980113914708268,0.19562434486905134)
(0.17676488527571027,0.685563442188338,0.12134809648129202)
(0.16639642862661994,0.544251269579699,0.2911154231090323)
(0.18629444339663695,0.554993391779014,0.22817988198170516)
(0.19340375279217242,0.28697989283706005,0.49360431377721026)
(0.18346979749565256,0.41732544855529424,0.39658337721203346)
(0.20513706317859148,0.7458201272027261,0.05890460231683968)
(0.17924482087433544,0.47706646286914506,0.3234910657658976)
(0.2175085106490333,0.4392037447970393,0.3308955134949792)
(0.20311461996311536,0.5141709818352536,0.28748988599918707)
(0.22859772304422324,0.454268607619035,0.30264047496959967)
(0.20844549004201782,0.5385692760879377,0.2656931272297621)
(0.18658626416495352,0.704097165690387,0.12139921179387198)
(0.2049750799384246,0.39663875707060153,0.4072903957089258)
(0.19551294645481354,0.5726287788608053,0.22737346792637944)
(0.19726736327695657,0.7063135439263273,0.0974355947079941)
(0.18997647007890814,0.5142504454485674,0.2831149500444892)
(0.1908465323080094,0.5880928715841753,0.21850405918883764)
(0.2123067717795864,0.4309033892466704,0.36660128573323153)
(0.19347360040082337,0.4678055868159854,0.32588649726468594)
(0.2127815417459119,0.4954633426249085,0.29971384169937415)
(0.18619409054456015,0.5276566559797129,0.2917266451456771)
(0.18729225873946076,0.5696771485656913,0.23223873764230565)
(0.20155858080200673,0.5845290671134143,0.21453528913517175)
(0.18177798860084718,0.5357148554557624,0.2749571569197459)
(0.18424981572076804,0.5592237064272232,0.2640181608583705)
(0.17900935027919251,0.721298390398545,0.08399904791835323)
(0.17286391334707896,0.4839349901747289,0.3341773981690481)
(0.16627554547637965,0.5974122352317939,0.22429991795172854)
(0.19311450416323844,0.4414952892517471,0.36833839704882654)
(0.18735971870761828,0.5513799326879223,0.24758938511851403)
(0.1954672053223942,0.5021299816755428,0.3080453150387003)
(0.1703508220833856,0.6595327731662871,0.15257061539448527)
(0.1751329398617706,0.5520698773865695,0.2681744667043134)
(0.20200564849330946,0.5937124662158608,0.21481574738316186)
(0.2043493512191395,0.5707079066643282,0.22211366889048995)
(0.20123897175592997,0.43525088443747145,0.38772919321752997)
(0.22854095227776558,0.6814917072635566,0.08396612216373396)
(0.18508497512163183,0.4457723407622455,0.3436895701243893)
(0.18044737503986047,0.847919154848523,-0.05330483599568414)
(0.19627889951632,0.5471498954363283,0.26811046585244785)
(0.16313048453581697,0.36389833102164726,0.4555806451740054)
(0.1617416999763426,0.6203471788850677,0.21362681085149088)
(0.20968422297713205,0.5434173371115555,0.25409288381878503)
(0.1851378866545944,0.4370624655891774,0.3727118691619238)
(0.23369445244555398,0.4455714543877415,0.3164234052869912)
(0.18683777619061825,0.7261400534427668,0.08775617342594999)
(0.18754880353562509,0.7838906426651663,0.0244732112177729)
(0.22320739219321126,0.3787317286921156,0.39914421783439363)
(0.18849930770483425,0.3714848999632788,0.43009428180410025)
(0.2134391848740892,0.6499785515351842,0.15695374248142974)
(0.1787403676457432,0.7043284503549304,0.11426745907442422)
(0.20249352835629358,0.5872576538683552,0.2209037382521199)
(0.1971445374843852,0.4890543704824103,0.30102445082223545)
(0.17757469649238186,0.4892043942406144,0.3194933405627552)
(0.18565489186889528,0.5325641681100246,0.2819687269436541)
(0.1916775378452415,0.5657287583290863,0.23886929638953908)
(0.2033470227906619,0.6026459813014066,0.19109050383834075)
(0.20311305665745738,0.5065251456286018,0.2943639497669974)
(0.20063930481275757,0.7496193019228475,0.07586919290589361)
(0.15504032298560477,0.6471755214144527,0.18573371340344924)
(0.21174104871552094,0.40697380199006794,0.37675063353006644)
(0.20684990459222127,0.48496744310081574,0.31648460232948206)
(0.17108341673133493,0.3207919802798743,0.49824369349176023)
(0.21578972267872185,0.5056579447588903,0.2750968000580171)
(0.21763116725058027,0.5395524509077333,0.24401030809841412)
(0.19684372808142653,0.6742143749879946,0.1237922343977589)
(0.21283182418277036,0.39758237536970614,0.3779491896160861)
(0.1936477100479808,0.478690665640975,0.31137485550147104)
(0.1931120583410392,0.712490109911773,0.10684617132737098)
(0.17557886416249235,0.5074143381179391,0.30881334171756575)
(0.18557644533319662,0.5566197409077366,0.2514587326640909)
(0.18737729682253498,0.7056891100480002,0.10250265530363549)
(0.18197788205684826,0.5921596077901321,0.23572726485412843)
(0.18034892565213664,0.6186795055638904,0.1960335989912506)
(0.19646438996394525,0.44807902503973107,0.36143933260055083)
(0.19340936556972219,0.5374385339067385,0.2637299757363817)
(0.19209157097313248,0.48161189975135765,0.32861340041165904)
(0.23272912886798738,0.39073997366227176,0.3797773760473031)
(0.1707324442937231,0.6054549650071507,0.1986947412695909)
(0.21049467395305735,0.7823927229424797,0.018528881235522796)
(0.1707269071957894,0.3742544255698144,0.44309774217574394)
(0.2036768271421716,0.35587058355391316,0.4442567075570224)
(0.1905725898130962,0.5831338758037375,0.22398528892345507)
(0.19678016745724522,0.4409534927217676,0.36428888780927904)
(0.21326740376241152,0.6260242319761916,0.17276317738363484)
(0.2505400025206305,0.5978748316363804,0.154105947293177)
(0.20013601753630078,0.5606893013154401,0.224852773679031)
(0.17031098718421042,0.43121529413607557,0.39285239974452213)
(0.20948756324565254,0.48312786798925456,0.31019813304956917)
(0.20624848990549402,0.6806278896848948,0.09906963724072992)
(0.17875811630284932,0.5053121211485236,0.31824287839635834)
(0.18362258621634717,0.6012913959275756,0.20744783931342511)
(0.18402088906853714,0.6680980277750013,0.14752626348591677)
(0.18853309042734975,0.3362276015517468,0.4557510441094665)
(0.19730064634938332,0.5125892995611661,0.3132509159088861)
(0.18291920044956117,0.6600917080743475,0.16042806421238076)
(0.17526696021935576,0.5661241787186638,0.2611878761517096)
(0.2322737615471603,0.45974533962585407,0.315743977045045)
(0.1899631142903286,0.4826023997217262,0.32282767162715187)
(0.19047061744654914,0.4690221186349454,0.3253126564272306)
(0.194093362697633,0.5680200077073094,0.24597017799404247)
(0.17634447353201224,0.524659859899576,0.29459930037970317)
(0.2127760316210594,0.5190308174811865,0.2703894353154416)
(0.22721722809363148,0.7409929636014824,0.04486741656115687)
(0.2178273723382358,0.7351214524907896,0.07242560633900952)
(0.22470385881247096,0.5198696309563254,0.2525529630555345)
(0.21313115745489578,0.5069564197381493,0.2831854282206251)
(0.17612596695549518,0.5690274729931237,0.23742703715368246)
(0.18649616115371617,0.6072670508024071,0.19030882400071353)
(0.1801206176131941,0.30173367654479283,0.5080433762957772)
(0.21959205562917308,0.5565359169607328,0.23194788162284882)
(0.18507550181528387,0.6217333865295127,0.19770021562222087)
(0.19218742002615946,0.6825724570415916,0.13123862778407203)
(0.20810643184112843,0.4695345730901363,0.3244593608527424)
(0.19676658650327414,0.5779568059839347,0.22390439558044015)
(0.19347975634969802,0.7108267110213147,0.08965130723446064)
(0.20487352197219882,0.5225125352230848,0.2834249418761143)
(0.1804570431846996,0.4876421447511878,0.3326657452447448)
(0.1897147473309245,0.3775077510020119,0.4364664317644492)
(0.2097570805188917,0.5380228005061175,0.25971906212686297)
(0.18667793202903285,0.582410977465155,0.22088719375578894)
(0.17731049848577346,0.49582991175253327,0.3188873588059886)
(0.1949588814363237,0.4018901393227276,0.390744337492997)
(0.2152179285656391,0.696145327535074,0.09326120126623824)
(0.18468662713365644,0.6376475667262341,0.16097371220038922)
(0.18174733701033716,0.6055201535945323,0.21244649899669174)
(0.1718979415776639,0.625764828833041,0.18441929869519844)
(0.20399629520703463,0.5622498749869018,0.23867315555448299)
(0.19069680769053238,0.4633294110060611,0.342064432052702)
(0.21992368114560024,0.4617407563872559,0.33899478211912953)
(0.1714146623362391,0.5652635885187466,0.2501554337384859)
(0.1833896476170395,0.5629489232435663,0.24550409712758398)
(0.1831133245739394,0.550871878927545,0.27228568052352853)
(0.2181457788071586,0.48828048783909617,0.29486212349417257)
(0.17144775726232178,0.3833192129589704,0.4317888484053657)
(0.17948727249743596,0.5415809568587835,0.26636201176208407)
(0.16726685368391667,0.544147023485873,0.2771368492733769)
(0.20197904006146544,0.48524451808137714,0.31162569871183377)
(0.2006961017977584,0.5427016872758654,0.2591823427904171)
(0.197371411136189,0.6311795101828477,0.17606289844211886)
(0.19142926204192465,0.5129196843732432,0.29170506319181977)
(0.19030210619831708,0.5737169335725595,0.23105358951773625)
(0.1840334929552009,0.3512070463631232,0.44790547783600615)
(0.19130486812196487,0.5339688801944386,0.2761165298273265)
(0.1750951349844994,0.6186982752748532,0.212568987199493)
(0.18634616235750984,0.571701758005186,0.2459423844291715)
(0.23373189342893586,0.4040878171747735,0.3727600444895228)
(0.20173397579078145,0.6793984568809301,0.13564249865836445)
(0.17067944035009588,0.6614382257657762,0.1432931667487536)
(0.1904016719123964,0.621048848170645,0.179615681935475)
(0.20173165188484599,0.5458115417259561,0.25617074152725533)
(0.20445338692118853,0.38472477644145814,0.42689407854037864)
(0.205617181800086,0.6278607073505672,0.16947271030666514)
(0.20207065782229958,0.5937683693049005,0.2137435704328462)
(0.20446863269716659,0.4494008514570753,0.3404376610965867)
(0.18274445834590505,0.5962037519646615,0.21912715999173898)
(0.2495667417362423,0.5971136863511679,0.14794277432658293)
(0.18485494685714995,0.8453719705459367,-0.039159244775180804)
(0.21558032028890228,0.5651419850849647,0.21065717366626124)
(0.17477768437161792,0.5523436604364793,0.27153383005981935)
(0.18658431031127387,0.5507535223383098,0.26296331647891436)
(0.22144188038837662,0.43817267692750334,0.3268515527647039)
(0.21949366275042811,0.5555493693754138,0.2325299094501404)
(0.18478829559452414,0.6214171879166988,0.18908149444160768)
(0.19405997663933175,0.47694172265832807,0.33458699263444935)
(0.22354591704236332,0.7038063941704137,0.08449897906899649)
(0.20253942212495835,0.4425537498454044,0.3664733601730071)
(0.22281455291259591,0.5591415430507823,0.23188710281815855)
(0.18190104152832295,0.46839195938454364,0.3473310227669391)
(0.1768231440107095,0.4588437591758751,0.355850254094662)
(0.1905206699411853,0.5510084927204734,0.25963922266873757)
(0.18559579773764595,0.41866489312161803,0.3822559225503346)
(0.19926969565239788,0.5937154414092599,0.20731984542034795)
(0.20333904160811095,0.5889329942904683,0.20773976506755518)
(0.2104212876941814,0.4294000029637975,0.3711808423029369)
(0.18108919226773887,0.48919251315118084,0.3385217530143368)
(0.1934315261594293,0.6531177168336041,0.14664392028009937)
(0.19758265947921363,0.4229623304020211,0.36326880190575433)
(0.21872332160364316,0.512082569611079,0.2997360049277265)
(0.1743042644782112,0.6376446728047054,0.16707837737717793)
(0.19740608466883722,0.542857850189257,0.2632780830704393)
(0.1771407608892194,0.5320575333763452,0.2890436270938556)
(0.18997719010817185,0.624394496216478,0.173037249258909)
(0.19480790729614245,0.7509771693558672,0.057328518806316925)
(0.18129461580100814,0.5248749952108259,0.2849423030921567)
(0.187377380072815,0.6358349338331735,0.17515328076355818)
(0.21130509565827352,0.42947007515306296,0.3579221702396999)
(0.18929571758767294,0.5108359040837785,0.3066515182692063)
(0.20795578821513552,0.41728707490573386,0.3894386013969901)
(0.19260298242144658,0.5732223024812239,0.24056871962065712)
(0.21489198001303278,0.4930490535946042,0.28843955285689515)
(0.17105789878264022,0.6891573549320539,0.1182550266926798)
(0.19864863370391458,0.45054172693067485,0.3537860474345702)
(0.204357204360407,0.5477162950824005,0.245113638831776)
(0.19525987121984312,0.4982676577592728,0.3203184422448711)
(0.19608892016085638,0.6112191623372977,0.1809226981278284)
(0.19273440666900374,0.2992437860517731,0.47807770517872455)
(0.18974750543507998,0.496229460182513,0.313502757603351)
(0.1783115537750253,0.5100315407138064,0.31062037119819863)
(0.18437337752871596,0.5344971219397857,0.2864318293488919)
(0.1991153005880049,0.516037761379095,0.29274600477717183)
(0.20330666331862624,0.507402452491005,0.2870829651746653)
(0.21379642389935277,0.4286203105401678,0.3541227117434795)
(0.1622958432663444,0.3756846563975223,0.44533022650794146)
(0.2551274392564129,0.6255276324218985,0.1335638236401516)
(0.19398218771818718,0.6202391399980969,0.18884393501962368)
(0.21121611447592709,0.7039374878155431,0.09832199852313127)
(0.20191483773349936,0.711403600623875,0.09174058703230452)
(0.17462163672764436,0.3937794252496109,0.4335475787325076)
(0.2044399227737596,0.3677026964385854,0.4469629011041326)
(0.1704954684104454,0.4074458674573127,0.409689566405293)
(0.1683347762851649,0.5401218403182262,0.25682421055188953)
(0.2092597881027332,0.7143288423164974,0.09925635966387798)
(0.17562608616689596,0.5447889727246923,0.2633671942671257)
(0.1834071711622804,0.39957986620290376,0.4014683323357171)
(0.2212492916722733,0.5015291790490095,0.2807749593070063)
(0.20539104832034902,0.5750318384723376,0.22398106318086342)
(0.18937018836329023,0.5632464422491743,0.23673494389215483)
(0.18825608944223673,0.5480761205855098,0.23770721710623463)
(0.18858695772232986,0.5688410247511206,0.24593546806583794)
(0.20014304058820737,0.5069694624496196,0.2859533268505361)
(0.20572053029102047,0.5914332977947403,0.22603947014105014)
(0.20735144421564763,0.281212935681513,0.5143253432615469)
(0.19440911047399367,0.4653694060850714,0.3439640913229888)
(0.18417254354805915,0.2963163569871311,0.5119581706162851)
(0.20174796210750853,0.5020010663819053,0.29955837800836504)
(0.21125410856717688,0.37218451365590116,0.41572151598224477)
(0.19582173498999467,0.5637920296018748,0.24442440882900365)
(0.2208129301630944,0.5432047862941246,0.23172021673622092)
(0.17727792544511092,0.582348611992353,0.238730981187137)
(0.18931320418801567,0.5003302972152944,0.31002482919570373)
(0.20742168389321222,0.44295172617505724,0.35418582238359664)
(0.22871627379388948,0.4653254622936712,0.3146991066263133)
(0.1851292100558017,0.35057877965984463,0.4689443652180614)
(0.2041977721507942,0.31627124461825457,0.47667492738741846)
(0.18250662328120432,0.4967798560259414,0.32166977621678294)
(0.17902413377602616,0.6673385158036722,0.15151761076335796)
(0.18292381905225566,0.43647190812913633,0.39129441280272625)
(0.20740624047456285,0.49539584030037415,0.31223536033539934)
(0.18950299043992486,0.7721423798303204,0.020872750720109808)
(0.20339521655916862,0.5550814700536553,0.23928173908640862)
(0.19652111984381773,0.606038457770714,0.18535718459662703)
(0.19993423303044675,0.6186445112634862,0.17776892237169706)
(0.19316797190725996,0.4180158735391636,0.3821337106588154)
(0.18552738451491302,0.41455345412999406,0.3943040916844017)
(0.18306199678724597,0.48461685584215747,0.3472944713866249)
(0.19600804694932,0.5438953108260651,0.2725047002670411)
(0.18025412738298052,0.49078599917702775,0.31193657262227664)
(0.18168425065754895,0.7479505661328357,0.06421526222345748)
(0.17762805562027204,0.4678960378500346,0.34829911404740777)
(0.18977937453856275,0.3761057765780181,0.4393538472780219)
(0.21445069566171307,0.5549161614696247,0.24635149703207662)
(0.18009447678778692,0.4388648143443227,0.3597795462613924)
(0.21037845225534343,0.535707140977552,0.25771264349920103)
(0.18881721486889655,0.5036356735009897,0.3203761133184681)
(0.18051190015609767,0.6402446989998574,0.18383492466829077)
(0.1959596164877381,0.5459715665956212,0.2434332080441276)
(0.21320420486834574,0.47357553921290846,0.3086224831969132)
(0.22255066922530406,0.6294964582842552,0.1664965342464174)
(0.1724721461672932,0.671450926010239,0.15400492204715902)
(0.18564603805656515,0.5047920142837267,0.3062360769100224)
(0.17428486419154385,0.5609364648105265,0.27180261943415807)
(0.20046079335135708,0.518120945339251,0.2781266317727196)
(0.18731694574784263,0.5513494491853038,0.2712047770942914)
(0.16871562975758292,0.5284034680194075,0.30663961525989525)
(0.17416633624999237,0.4618335200517043,0.350496497745305)
(0.20973480259542981,0.47633369705282336,0.3154277444480609)
(0.2039850505903381,0.419844386707839,0.3918904136309892)
(0.20342118096136635,0.624034285795942,0.18908694300885545)
(0.17823839652657258,0.6392659965919638,0.1570833252278342)
(0.20344639760017144,0.5100445892765585,0.2881415512616611)
(0.2117744929948868,0.6515381709602442,0.15481536353657857)
(0.18491255070441953,0.4741513438155141,0.3433406995438874)
(0.20484756170401702,0.39562520183733824,0.4023004086042795)
(0.1743673736210062,0.55629166999075,0.26645533619293216)
(0.1995486091460415,0.6106036968892208,0.19418516368567257)
(0.1924877855714945,0.5637939571203178,0.2424074242095807)
(0.22599126535709563,0.4693461546818989,0.32476704047082716)
(0.18403054865697163,0.329463820424129,0.47923222738082477)
(0.17955546010935364,0.5811342032769856,0.22647135078610686)
(0.18250288390151012,0.5942449752637577,0.20997113810601267)
(0.19429204519528254,0.5771906008165937,0.2470801485919057)
(0.19805937264939302,0.48084134703257664,0.32792570070226057)
(0.15544740083887681,0.5654046769372217,0.2514246917927429)
(0.19754753476340145,0.5345227635839666,0.2806597678095406)
(0.1861443406224004,0.4617102909192812,0.35252945020323273)
(0.21380111548318864,0.4876328654877771,0.30242382520339073)
(0.195015537374333,0.6440915978629348,0.15315161864521612)
(0.19337009445807576,0.5477256741089542,0.26320577407563917)
(0.18511750978022362,0.5597370456397285,0.253804472934582)
(0.1939923583778852,0.6403195639365324,0.16779309272473222)
(0.18463072251872703,0.5583973353635038,0.25584933584307473)
(0.20139121184890177,0.4819804965350318,0.3258439770610181)
(0.18299972391610184,0.3991139480669597,0.40997074348019663)
(0.192673632575109,0.46597368010235274,0.3470684321482442)
(0.20472806861702178,0.6506947644544643,0.15823784812976593)
(0.16053671154428226,0.6497078837594517,0.17110242357950045)
(0.213843463601783,0.4459955885462712,0.3395593358874923)
(0.2104658912000924,0.5612924095623322,0.23451950936654808)
(0.17635768647348568,0.5313292373657544,0.29039932310032374)
(0.19572358171315332,0.5324061052710374,0.27961124086432493)
(0.25241298472944274,0.4415879809527588,0.33492960732995897)
(0.19849655305653038,0.6098227766659355,0.18673927986527386)
(0.20890423169437417,0.6390954919190776,0.16093842626588267)
(0.17754119290090256,0.5320823879417422,0.2727316654237795)
(0.21267825079945635,0.5348003818324621,0.26432287856024905)
(0.18549755771031579,0.5840242443227184,0.23177168551619937)
(0.17651041275855497,0.46595772063957114,0.3343216583763761)
(0.22253660924526364,0.5834513298740218,0.2077410569863641)
(0.21550242985108922,0.36376990535112463,0.42528937766932473)
(0.21113614027536942,0.4011661239061478,0.37895996941928184)
(0.20751022210683578,0.569024252700419,0.22093597993730446)
(0.1900477301574005,0.47864675869011647,0.3229988456929986)
(0.19537070768758596,0.576952032371709,0.20935100623737993)
(0.22256027123189667,0.4951837486984538,0.29945129434784223)
(0.16846558510598472,0.446881661767056,0.36795955802946306)
(0.19694170916925668,0.6384586758162228,0.1738690254794396)
(0.1989678802748681,0.5973880029432708,0.19886374490216385)
(0.2194619331206152,0.6178229712348351,0.16982182942880703)
(0.17885261442657913,0.6213705426708577,0.1854868087228548)
(0.18986590370625614,0.5769068515571146,0.23211178937192486)
(0.21343419011399492,0.38909241956961543,0.4048924520396862)
(0.20489619778674678,0.4866592419175658,0.3075344311554983)
(0.19065986464135326,0.6296734336804071,0.16835524925325532)
(0.21870930847681067,0.45409735765503045,0.3250190228100985)
(0.21551952164022578,0.6440387858172186,0.14108737389003712)
(0.22822025741142696,0.4362903721293656,0.3457419307651351)
(0.1710503662617811,0.513488527921917,0.30780441794078833)
(0.21616102284764496,0.5494505741116922,0.24946389425880272)
(0.16560845953506134,0.6607659785587916,0.15396682081302546)
(0.2035886317641283,0.462787516064229,0.3269335449866506)
(0.20380436466345467,0.5950336030192741,0.20322236664004842)
(0.20672285332742418,0.6085496657302183,0.18976086483422974)
(0.20563754903232462,0.3857307643362217,0.4108047733692451)
(0.19998081904532067,0.6301989418963668,0.18528982361562107)
(0.17977765318426378,0.6591339762958347,0.15522165351178396)
(0.2113705875579396,0.6292505874269645,0.1842188553731509)
(0.19565011461109222,0.6771870142054497,0.12515118394561786)
(0.19894371159712176,0.560559504713354,0.237668646441947)
(0.20336585134310087,0.4862353438882329,0.3087332899477925)
(0.20388675535647918,0.5898115939490802,0.2266432002272115)
(0.19058318722189338,0.545410962640056,0.2571637254211894)
(0.2058669858384357,0.5765679471723532,0.22330539334220065)
(0.18448304549489639,0.5950566418799332,0.21925721904427542)
(0.23396753175927382,0.46469547034290115,0.296445297663238)
(0.19709219970283023,0.5767019982436169,0.2166610349908786)
(0.20719393591581522,0.5405415162555555,0.25247895506171825)
(0.22679558378249043,0.5800557995865206,0.19614409047364428)
(0.17456191012455768,0.6159291738781273,0.1871899870008923)
(0.18864855795634003,0.534936442140092,0.2869055875502603)
(0.18114965261544638,0.7547558307179678,0.04744160217483737)
(0.21907195040771923,0.5509641701523463,0.22864557757285126)
(0.1686765867879305,0.6686289539237275,0.15524709606520115)
(0.1892943282440342,0.5347277100559154,0.26969856747758086)
(0.2439496105069232,0.41895522156958237,0.3441425890795751)
(0.19947335125692114,0.4518135518615891,0.3447527386487834)
(0.17728281044980615,0.5658951266173942,0.24536249585464404)
(0.21252054462841544,0.5593372818828389,0.230480478166669)
(0.19788623922961887,0.5770083835481962,0.23671655821627718)
(0.19300586307805906,0.4122665842175248,0.4076261527094723)
(0.20384483356873184,0.43700840963213017,0.37308034009097296)
(0.23961371223061406,0.35294077503747906,0.4067379020779653)
(0.20979541441633176,0.5668138365541792,0.2265878795903154)
(0.19261887879611939,0.5061732382866929,0.3011090065185259)
(0.19737406642788694,0.4048306514150368,0.3959924198632771)
(0.20348289845563047,0.4640547119097267,0.3179441287993712)
(0.19123646904414027,0.4036350214090353,0.40848479638281027)
(0.19751707619499903,0.6059214177001568,0.1876545372996223)
(0.21317096918966322,0.42756545341034563,0.36992301176252873)
(0.19026996120084166,0.6551476850341759,0.15659629743699274)
(0.19540625799650502,0.5019184951749173,0.30150430105193726)
(0.21803390178553636,0.4768101468065905,0.30927585188433837)
(0.19129176872273035,0.376262154900635,0.4267318340468271)
(0.23167879791857773,0.5338104517549355,0.2518482560752338)
(0.19126171100580075,0.49401733243906976,0.3167238689022176)
(0.19644912365971864,0.4348858805105488,0.3669528238624714)
(0.18691813316595998,0.5441402334062231,0.26080503470172295)
(0.20940980733553413,0.43079367918125233,0.3694301518877528)
(0.18460158153291623,0.332678976211172,0.4862554285415995)
(0.1829838758644816,0.40811361752997904,0.4063259811826457)
(0.19474152909167994,0.6227320275849652,0.18230416201664704)
(0.18102641927359683,0.6073747090511398,0.18559725622576523)
(0.17747599047561596,0.45994480461888837,0.33536667854864693)
(0.19797403661625954,0.6371510021630619,0.17863231830846268)
(0.21552111201501434,0.47709806480785666,0.3072891688398499)
(0.21361370082024675,0.487191529998246,0.30886555630005613)
(0.20736283191940733,0.6657686936587317,0.14128712321432438)
(0.21452542030669264,0.4351406351266051,0.37408886512789274)
(0.17196272664905338,0.5665099850779374,0.24953862345617142)
(0.19117924255605692,0.5523368915865835,0.2444515475967315)
(0.20756196660842613,0.5156216693455471,0.2688155491359985)
(0.2013331034035328,0.5549917580034553,0.24084094288339364)
(0.17022551800065386,0.4738119482164958,0.3375614093737803)
(0.19919490374147014,0.5015633768782891,0.30378455591570186)
(0.1753150746461049,0.7469420474650308,0.07129277526777496)
(0.17811561313973806,0.4471677613169129,0.3816032655146138)
(0.20515792820208023,0.45933070063050974,0.3299458071506974)
(0.2054304150146279,0.42221264397438624,0.369323258210517)
(0.22441290848660878,0.55133332944223,0.22679966794838508)
(0.19700843394781153,0.48885848426897394,0.3009676016138724)
(0.16656152363482124,0.5963777168152617,0.2233115287855706)
(0.21422007173605626,0.6109127339099814,0.19326690222639586)
(0.1967830477323068,0.4404087920597068,0.3489379857086208)
(0.20009970491934978,0.5039749674304154,0.28562838798086176)
(0.21937466996908989,0.4557135387785227,0.32335818332623645)
(0.21028787884075184,0.5820314970684441,0.23017068538795532)
(0.19563956750752776,0.5228443401461947,0.2929652380777778)
(0.1992157033527284,0.5975599239513081,0.21442719029352714)
(0.1738041503984053,0.500660886649485,0.30637986606747186)
(0.20338666273871986,0.5120301111981437,0.30733760261497506)
(0.17023484109060127,0.4338615210618059,0.38144513914923106)
(0.17833304231030506,0.5285566469140608,0.2789177188852714)
(0.19507651388656408,0.5200334616879091,0.28390794764839133)
(0.19889449583140312,0.4523974960252741,0.3449502023347964)
(0.1941544615477565,0.47272265124216156,0.3302269952776876)
(0.1846974165132826,0.44181774300041,0.35112309095937505)
(0.1935191612000591,0.609865565575667,0.20817185327987425)
(0.16750081665681443,0.4059843358273418,0.42031736010571485)
(0.18282063480717975,0.4766603822336096,0.35182831616083615)
(0.2010398074931998,0.594264531214709,0.20461809835771413)
(0.18984927776379443,0.409910271270534,0.3869869104431067)
(0.17432128940253505,0.5310711570260161,0.28473557161910384)
(0.20151592482166053,0.5968617594085053,0.21053098427531355)
(0.18160444157526612,0.47213499027559686,0.3415684625432337)
(0.21220543665926359,0.45310511695145644,0.3163197182808277)
(0.19712174546371242,0.5043990995631839,0.28697866427104307)
(0.17855078729262638,0.5702088098898596,0.24492737859143227)
(0.18062798082935994,0.4296393860711794,0.37898509662451785)
(0.17323800889724553,0.4209856142109447,0.38301123770579837)
(0.23096445044260605,0.3734235230032193,0.4187430023862496)
(0.18087637431804593,0.4248479993712461,0.3804961363337601)
(0.20616606780741303,0.5662590827337861,0.2248755724426637)
(0.18709514169504196,0.505157001229935,0.3068329368011277)
(0.19298558241691957,0.19669240162955898,0.5948153782045494)
(0.177212622619737,0.5605832141042828,0.24931356858887752)
(0.1943667556563748,0.6721262757722332,0.12348713731829361)
(0.188870995580043,0.49767799390247297,0.3151312685632685)
(0.1972863245331606,0.4627628525435001,0.34473829417861845)
(0.20342937196484284,0.7054470329170918,0.09470031396852516)
(0.20051765976318248,0.756919941970359,0.05637188154815838)
(0.1885404967213671,0.5925753523068185,0.21222314465367476)
(0.19498747073734907,0.5430823851563685,0.24754793724291285)
(0.1781587052253278,0.566789962500446,0.25184477782846076)
(0.19485796852224255,0.5837732934076051,0.2231439915669418)
(0.18358506357290963,0.5919182019981378,0.22218337220812676)
(0.19502075378942152,0.5291601016827068,0.26774753734616885)
(0.18128713264196036,0.5317682077274694,0.28557123834466586)
(0.18194676101423388,0.4205905902490602,0.39544170498156256)
(0.19413438057671686,0.43408465316455214,0.35941106839032877)
(0.18329394537058205,0.4238830263628567,0.3793645144881899)
(0.19275644391185998,0.6144583737400184,0.1921432641120065)
(0.185585471141365,0.45559334084088116,0.34321138819332503)
(0.1982319875316562,0.5646884041978227,0.22358640705824462)
(0.21847865139412578,0.7001275680229009,0.09484902079991903)
(0.20315583181150035,0.4298189162507438,0.3651034415092948)
(0.18839228874600247,0.47348800797411744,0.34407645937073605)
(0.19863043987623366,0.5556532680698137,0.26136932628472753)
(0.17294346741452382,0.47252156176923926,0.3467028232644166)
(0.19708658727412579,0.385590384143239,0.4296800899611537)
(0.20248274626695278,0.5242899009352721,0.2777867111739743)
(0.18120544344693937,0.51151207345909,0.29941833818246116)
(0.23543809916670316,0.37805697868102267,0.39352112502200487)
(0.18926830235985515,0.5326087862675257,0.2685183356088876)
(0.18753746208892957,0.5727446720506385,0.23423794532459905)
(0.18617200818235213,0.5851515666835806,0.2183464259727695)
(0.19615115813306883,0.45682805337618027,0.3192491202324656)
(0.18434558204198503,0.4707784177686454,0.32342851194596745)
(0.21532591651336855,0.6078161893001571,0.187283783048761)
(0.2062385954382609,0.6312734289798063,0.15838994352210883)
(0.19150500823003597,0.3617889487969974,0.4396483504692795)
(0.20162302101942206,0.5150754266296751,0.2861202817780522)
(0.19483944305324036,0.4539102877813767,0.33740258744440854)
(0.17497283838683061,0.4757646051135168,0.34164193049372993)
(0.2259949012052684,0.5605678275394215,0.21072506063321347)
(0.1800186213643071,0.4077430933548934,0.4029355470380306)
(0.19350252636892282,0.6999879588948212,0.0991370327505242)
(0.18175153333420418,0.5142990143709755,0.29265510276689666)
(0.17285247748859933,0.4461718705735824,0.37585672860317865)
(0.1990013260064974,0.5513051774702874,0.2578223683328967)
(0.2727174443206023,0.6003948021443184,0.1516060800078248)
(0.20530663272049215,0.5498301379335534,0.246604577770507)
(0.18047974295270183,0.46760406504602947,0.353529338775452)
(0.1891202876236854,0.6426404618425651,0.1812266285181541)
(0.18093805050572484,0.42657778926339984,0.3914575361571696)
(0.2082924857725027,0.5831332061661472,0.20743634990201365)
(0.22167354962854854,0.5877077598160625,0.19094424031055376)
(0.21070231894506714,0.6638495607488709,0.11767207056892003)
(0.18491822781629064,0.6442824106315123,0.16628266234639782)
(0.2191849486895949,0.5180096222220657,0.2618401578634721)
(0.180158483337131,0.5344906258114219,0.2836925586385752)
(0.21993762013416798,0.4228194745561952,0.3613167549020886)
(0.19182068003112934,0.4713961175998834,0.33804691867228537)
(0.20701362326288783,0.38893413435859026,0.40376935976430056)
(0.18127173644823155,0.5208585587686472,0.305987608339842)
(0.20306482488099767,0.5099047491570009,0.2991967485300834)
(0.20604318735711857,0.41809391452369793,0.38207468330679856)
(0.18310322868536538,0.3529421667214499,0.45321909958964546)
(0.20777605567300658,0.5148050125577753,0.2766378878036413)
(0.20359923048371234,0.4012427546956235,0.3904481173959373)
(0.22111321869364262,0.42853125036603357,0.3344452939383426)
(0.20653622988510464,0.5211039257311345,0.2739689369056444)
(0.18882843810577,0.5353791367873778,0.26706447702895153)
(0.20904176694519153,0.647652201671989,0.13847593715285103)
(0.18906270755231444,0.6853489215280438,0.12691608119638406)
(0.21780413445546695,0.6003509292498816,0.18454938407904578)
(0.21062167937070708,0.5456481521477801,0.25248872765028185)
(0.19057131852429443,0.4753686694713439,0.3223711304280299)
(0.19281856470615852,0.3708959935495904,0.43492795609360063)
(0.19909668978687847,0.397798602594514,0.3963348889825789)
(0.18457523584097887,0.5404725427453511,0.27379615704211085)
(0.1727206493920871,0.47833711682720814,0.33851919575521483)
(0.19162096634594417,0.5452321847444594,0.24839409511039984)
(0.20255831074566266,0.5002247185685635,0.29286603819317947)
(0.21467245891963693,0.35680378882127933,0.4324743974135351)
(0.22018176952517793,0.5050246244936754,0.27671567091238497)
(0.18897945985539058,0.5203378923412698,0.2910320538622187)
(0.18942391992159435,0.5203126272566219,0.29132023772488425)
(0.1968318475970164,0.6756939250413384,0.119104720471333)
(0.20886733109752026,0.47665460200758886,0.3098493326264679)
(0.20374751744334219,0.5994306624722406,0.20192232403529708)
(0.2205784229317207,0.5086339309733588,0.27125990746480994)
(0.21448834156596996,0.4088742219605928,0.36220242853394985)
(0.22617315595740597,0.6297770447312521,0.1462025789358482)
(0.1845981555002152,0.3392611864387108,0.4749179648905499)
(0.19408218299387348,0.5656527203754025,0.23202315502672763)
(0.18815907304645552,0.55196539535585,0.2394743860886664)
(0.2082789972540244,0.5370077482192879,0.25385276876682633)
(0.17379248164496067,0.48314813426971287,0.33814435839938756)
(0.18608101900233245,0.5394080199382998,0.2590337201893796)
(0.184047362441958,0.6933096608378081,0.10733633344305495)
(0.17620618627537554,0.5877285219773462,0.2098872955769416)
(0.21000045471767426,0.7066732688200421,0.09613944026298862)
(0.203599253866617,0.5586339437865482,0.24427751445263288)
(0.20571222629691224,0.6058963436958262,0.1857242501107732)
(0.2030431306367158,0.6252185699042714,0.17058160293586622)
(0.19563224818125025,0.7654827798172245,0.04647441730315485)
(0.2179962433966951,0.38809467274608117,0.39189705869546165)
(0.18287573927222123,0.6037707526373776,0.20916694201120908)
(0.20360091387424828,0.42109456071868195,0.38775700472617636)
(0.19167592907435366,0.6201914552656081,0.18460225922102869)
(0.18608850545864478,0.3085774374255819,0.5054480880677941)
(0.18606074873612619,0.48754391132510994,0.3114009966329954)
(0.1998697192147824,0.4571586546571537,0.34948559459971124)
(0.2051607780807681,0.5855452745179244,0.20772863765590163)
(0.20538080976651063,0.38553907175821106,0.4171108688663364)
(0.21842936690821602,0.5658756362647386,0.22424532455686774)
(0.18664507618882098,0.3793688229804026,0.43278739007596473)
(0.1812103255028157,0.6924596790505259,0.14368648076641496)
(0.1803162291335637,0.5659363305185308,0.25464260146078227)
(0.1751212879320522,0.5585609387151439,0.2487603299931047)
(0.19581195858427825,0.3141808457264575,0.48953212044989414)
(0.17708881151295433,0.5368581325410342,0.29045043706994733)
(0.21470953371296395,0.6199692204495,0.17056860737935797)
(0.21174847854017215,0.42544912386498934,0.348374497185719)
(0.19257594615397947,0.4342321056428997,0.3671455880477913)
(0.22080810926042974,0.5633979060468755,0.22894943560428593)
(0.18925432925570185,0.4905800528710499,0.323725655093705)
(0.20037754019845871,0.5061804690055566,0.304615804962664)
(0.21169219387001195,0.3755242490875384,0.41749729646662886)
(0.1762456995208319,0.5406014500747267,0.2938944477364162)
(0.2021305400416808,0.5244477057652541,0.26146722580545195)
(0.19681197409155068,0.4480985017376179,0.3439444238390054)
(0.1703397652445711,0.688114065844516,0.14116799830346152)
(0.210903963627018,0.558922945840516,0.23017550625825173)
(0.2441932530138159,0.4447866601698683,0.324743355389113)
(0.18973573532944368,0.5752670489123852,0.23126943215287565)
(0.22325890904057843,0.5830457868095021,0.18661870900708136)
(0.17179087085504288,0.6302285913798346,0.20798092326821596)
(0.18336189197095198,0.5823195119808188,0.2340262625602834)
(0.2084639396015305,0.436288807504629,0.3634845155963643)
(0.18442907002343198,0.380391441181932,0.427103298195804)
(0.20128360044459848,0.30616552885202136,0.49547457408541323)
(0.18374030164798216,0.6784535094221108,0.14748668625816688)
(0.1987084900463519,0.5244722052753404,0.2697856782725017)
(0.1971834910414937,0.6708345337087638,0.15017778224494055)
(0.19609968991426327,0.5725505825207893,0.25325190842422024)
(0.21506427032968595,0.5475489115423674,0.23609131685103787)
(0.19357945130411205,0.4596393772104893,0.3373373612139263)
(0.18264350608374263,0.5261993097240133,0.29963798889624677)
(0.19432131691905616,0.2670560708247983,0.5304847767515362)
(0.20022512691169658,0.5471600326367608,0.24397011802049773)
(0.2073388593057668,0.5576503668262355,0.2625994900916531)
(0.2082920135176121,0.5391615942734951,0.25263906196033015)
(0.22242575802007422,0.5968971414342892,0.18430846774920362)
(0.20087108098109832,0.614039349985943,0.1961999407566526)
(0.18443268012639122,0.4203652101291919,0.39226502214264897)
(0.19632733186543508,0.34703855114936255,0.42976063685348675)
(0.23039248371614016,0.3076543292093701,0.460654298240348)
(0.17424418826757324,0.5121012645000282,0.28507946782849136)
(0.20443806547749807,0.40945577984141895,0.38163706584236806)
(0.2131361189581709,0.5455446886063408,0.2578482752698355)
(0.18120195298601333,0.5072659017833174,0.31009807401324774)
(0.19683467974357954,0.4324337732033153,0.36283822279068245)
(0.19575702187608351,0.6562023835115339,0.15978083395179946)
(0.18579185569130371,0.7775927115089583,0.031044070159767977)
(0.21401208098472954,0.5856624990571203,0.210482988788919)
(0.19840445856293676,0.38333846842284014,0.42444713768424885)
(0.18261216489748078,0.6198483819415603,0.19290478317437235)
(0.20031262857622245,0.5912606655908259,0.2156830645452307)
(0.19267464678000673,0.5476215029512691,0.25931862970984076)
(0.18813944197141774,0.400469522602391,0.4114003443563643)
(0.1815147544777733,0.3891846076587419,0.4218802827827871)
(0.21190474498861417,0.706769699249979,0.0880935094669169)
(0.20552969246904065,0.6512708708078288,0.15704588557102228)
(0.16703837645449127,0.5096284587639817,0.3140236428987892)
(0.18894749259723045,0.5048721803365649,0.31667591499573455)
(0.18833631608879137,0.5563649931983901,0.2364617083440746)
(0.20133471904961284,0.40574010140730427,0.40171552203549077)
(0.2217689937382175,0.6627286664214473,0.12256322031742124)
(0.22248467837984184,0.5870016168624124,0.1968522568649095)
(0.21503092632777232,0.4734717663130913,0.3321255684561048)
(0.17877923493391215,0.5366444377848546,0.28268840122508493)
(0.2136712087687345,0.5731002531682221,0.22292814484413892)
(0.17784771166809,0.36948485822843397,0.44042142501294207)
(0.19849727065604145,0.453286846212968,0.33675956175048644)
(0.20591490097455817,0.5247982277416279,0.27378654820921156)
(0.2077529126233066,0.6376823127482203,0.15545348869136916)
(0.21082234280661627,0.5366276331199757,0.26623116931810237)
(0.19058011246591292,0.5560762724808447,0.2490493079364912)
(0.185600380209099,0.5559490708421146,0.24026771135613184)
(0.21464400368237188,0.49771406081717673,0.2815397368042604)
(0.21624499183477244,0.5138676802313159,0.29330676594036686)
(0.21448377346609607,0.5013447461887418,0.2796521989855194)
(0.17173050847869814,0.5514974370669343,0.26044024051035447)
(0.19694170127746916,0.4522464290819223,0.34989832692494466)
(0.22946628264891966,0.6464805116736176,0.12084907342928265)
(0.18131130723220076,0.4203028241235672,0.38507138276739716)
(0.21255574471611355,0.6907073425536253,0.09762550744610499)
(0.16674870353174243,0.6361599006188297,0.18712788666368876)
(0.17732465553413637,0.6999014867353291,0.1219832225868)
(0.20664484572586728,0.6701068112634425,0.13161599044571345)
(0.25029682427614597,0.48757838440476614,0.2680615241059186)
(0.18353863405801116,0.7932791404005295,0.043168700593537064)
(0.2064616489001976,0.5334905792601295,0.25532559320844384)
(0.19897407153773827,0.3537725701062299,0.4484820776346424)
(0.22522759508157267,0.44274075380003325,0.3371703800908729)
(0.22588964107956655,0.5590591217335813,0.23175909154031527)
(0.1920699307977364,0.43421333178294763,0.3675991893955646)
(0.19909972223522854,0.5694319661969444,0.223643180408351)
(0.1966909070689708,0.4412560643192395,0.37054497113650486)
(0.20850129236918385,0.2805355818348985,0.5108076257248455)
(0.22423121512926733,0.559184291376253,0.2273315716532672)
(0.2041115642889677,0.459348323355955,0.3278835594229501)
(0.21995497096750205,0.44579715229070327,0.3784974925615745)
(0.20286513461293595,0.6460112730851442,0.1447566893815242)
(0.18820202901718544,0.49412341636035323,0.3130912753526889)
(0.18110700402861346,0.5278963256252699,0.28271943476913164)
(0.22351315067854693,0.49236968870029757,0.29892508127746253)
(0.181563352591687,0.5649176404968382,0.2552018312024104)
(0.20325342484013365,0.3153649579503175,0.4792513885535933)
(0.1989143745519587,0.39247550229123135,0.39377102004266196)
(0.22119880090557661,0.5510835345251659,0.23204124557685293)
(0.2355947712777762,0.4645235150692913,0.3113704194234261)
(0.19745433496466425,0.579973793428233,0.23326918242363837)
(0.18479500486871936,0.6204290179004808,0.18638977362548897)
(0.2119676445205393,0.47824611533508027,0.31130560009072117)
(0.18182283252185824,0.5251806033384528,0.2843945124365504)
(0.1822451953286897,0.5828235154900753,0.23536777329527875)
(0.2177226432165104,0.4719986339584684,0.3115338442788408)
(0.2007237517630254,0.5083680831580484,0.29624362118034764)
(0.22209920637584782,0.43598338232049577,0.3438569747398987)
(0.18125494955764335,0.48698132015938134,0.3272850150382551)
(0.20624477792688317,0.6625456056183027,0.1261475280364728)
(0.1914968349655755,0.48493305034093953,0.31254263845417807)
(0.1828824151473688,0.3760991186700861,0.43314221443746437)
(0.17845860253507714,0.6429615653291033,0.1813462976935764)
(0.20148184268491548,0.4982917832890252,0.3146193557735824)
(0.21312635370761726,0.4650715102834189,0.33902882545397445)
(0.16997390473565366,0.5789256344361028,0.2602081215629589)
(0.17978764048261392,0.5485384947484959,0.28044208471641746)
(0.17901469420164406,0.6646579607637623,0.1649911694328677)
(0.19889328629697714,0.7178933674642664,0.09527694046460554)
(0.19407018759683833,0.43908072529664405,0.3660315084704877)
(0.2024568449515559,0.7862854143358878,0.01979109335084625)
(0.18929457342079786,0.5554027039087441,0.2501314212971388)
(0.19409524654972563,0.4405074569587056,0.3597370439315462)
(0.19688527559846852,0.46110351008693523,0.34384690459898487)
(0.2077384980045364,0.38209355349114754,0.4195440482926267)
(0.18288436981324466,0.5013060532675113,0.306797714197746)
(0.2030052990161159,0.5775140443351411,0.21301724386808282)
(0.20087788638876852,0.5022775201556343,0.3092589408304398)
(0.21961547406710843,0.6592537743240734,0.12465538542854554)
(0.21377758872047412,0.4987250158690993,0.2778335613532834)
(0.17018480323489732,0.476286428281957,0.34655471818663114)
(0.21648041761657916,0.4375551159827276,0.3415287381323514)
(0.21133998320926056,0.4740991225448262,0.3265811033953334)
(0.21329408739585565,0.5290314176060821,0.2497265898349517)
(0.22367652214280734,0.6170107809357186,0.16014728963497638)
(0.2008889161749463,0.5925009973945151,0.21710603758705072)
(0.18350440778975863,0.5598874346579297,0.23566543837359727)
(0.2181421761634729,0.4114801929113976,0.38612966000741267)
(0.19789313680846252,0.4962708156876265,0.3222192265974492)
(0.21980965645045167,0.6728780867226607,0.11166023325403404)
(0.21041067614152756,0.615685597092564,0.18328434166464103)
(0.18679024306246322,0.5643545058541507,0.2436803103857628)
(0.17936222842050153,0.4007195176147064,0.4284121055863762)
(0.23585859429799402,0.4510673371974886,0.32290160101878546)
(0.20986734614847524,0.36525711143946116,0.4223725527999001)
(0.21539223250155087,0.6124342282786491,0.18213052615504774)
(0.1910310481982408,0.6679465328657488,0.1473261951889963)
(0.19720712881580701,0.5942507191475546,0.20648913652253956)
(0.2000589808625958,0.5647234724491922,0.2258602666658742)
(0.18531162077607738,0.6719868908977369,0.14184315598652714)
(0.19406381185592336,0.3473899475979551,0.4618948677460289)
(0.2113110738007493,0.3864343296069021,0.4293295239188722)
(0.17275096355430902,0.4643727130445598,0.35054036232954894)
(0.16443572102701873,0.508690774625936,0.3144068254175575)
(0.20403586893416129,0.4432480749995981,0.35860677988442075)
(0.21400282335289753,0.4617620362284655,0.31928324665538504)
(0.19583868691041756,0.4526216468739442,0.35807287152910267)
(0.2082255171246062,0.4708851466060092,0.31223675354942)
(0.18355706793117962,0.2830624539155967,0.5207847922746707)
(0.18206720500214055,0.8522263883282544,-0.03490408064880689)
(0.197938383933613,0.4380896415766724,0.3630251892848759)
(0.1762956628104437,0.5928075481887113,0.2331450931914596)
(0.17333253389786238,0.43359186622398455,0.37584054666872396)
(0.1861774361133613,0.555769340962713,0.25755569889681856)
(0.20635761514423626,0.6243286437000705,0.17923658711072807)
(0.218836751011396,0.4469048456579101,0.3254280793583835)
(0.16920096716014787,0.5765965207793246,0.23153657172637684)
(0.19108427703201572,0.39620398079998714,0.3985219915543374)
(0.19655708604216227,0.45964417457985857,0.33920604201497023)
(0.2092152131395597,0.48499493986324016,0.29818491394588403)
(0.2259508742336314,0.6948139393352196,0.10562425055278105)
(0.21007747859154222,0.5384961746891301,0.24442323033702942)
(0.18639263064812672,0.4539316226659989,0.3557791945216238)
(0.1964774368514089,0.5011910261094208,0.30743112217747576)
(0.19276886692134085,0.5857045310682826,0.21156015789517207)
(0.18869365356572557,0.5189376637417092,0.2725635430395834)
(0.19751878976008017,0.6302065608794534,0.16740395428233337)
(0.18125956943610386,0.5427799130749672,0.2727125892671378)
(0.2080250120310276,0.45483407439780316,0.3344725835109283)
(0.2516699248182109,0.5063504817290206,0.2455704171138185)
(0.21380673014183235,0.4826305141183113,0.2968169855632699)
(0.20410848374457385,0.748398009723278,0.05319135046545024)
(0.2200331291635053,0.6995042560765691,0.06895883256646608)
(0.18345939036419964,0.3607180648220668,0.4474509349218435)
(0.18613298040259282,0.7837181776308894,0.021422668781422273)
(0.20424552964139903,0.4386977843825296,0.36453084519953305)
(0.1960349033601184,0.5673517596112237,0.23733009363494814)
(0.2205659799855215,0.40590986037358884,0.38011195487817606)
(0.21180004198557076,0.5360847630002706,0.2674226178366295)
(0.1851229407521398,0.48197552806417937,0.3374096733569487)
(0.18062282220970474,0.34420850159685096,0.45982160787885845)
(0.23105698120914706,0.5977401989905197,0.18569059779983155)
(0.21866761798875742,0.6307417513024269,0.1572311051434105)
(0.1951262163284003,0.3700587207158134,0.435356640257935)
(0.19400311288847696,0.6713577739317695,0.12794058486163748)
(0.1716895503971956,0.6729220086836678,0.14961722105478226)
(0.18102870606895738,0.3567835060300247,0.4667331468914185)
(0.18701444460708566,0.4719431621403818,0.335721535336826)
(0.2104648939437439,0.6852827697329613,0.1126684188356416)
(0.2158204119317084,0.493907141881219,0.29764480102382146)
(0.22513452362615852,0.4437003605893341,0.3481131733421129)
(0.18923012482309226,0.45100199274986336,0.3527373938104868)
(0.2056639928829265,0.5029512962945994,0.2894193534576118)
(0.21354382755868156,0.5164889094155236,0.26820450435595455)
(0.18078720451830999,0.4566359315246979,0.37728038002198616)
(0.1750432159051299,0.5816696327742475,0.24981719933822122)
(0.21723766941577335,0.5457338207737596,0.24877226599104874)
(0.20270694938829156,0.5090850158268245,0.2941813316017126)
(0.1696574732517211,0.6345638908018717,0.1922573723863917)
(0.18831723201636327,0.4565512081495464,0.3433189034606312)
(0.17626558412470802,0.5718767827701968,0.2420325560453155)
(0.2119926190739773,0.48040778180699023,0.28477071428546624)
(0.20439079586744446,0.6122005198977836,0.19188817574772893)
(0.2089757318839011,0.5832236535366053,0.21441126806230743)
(0.18512942621657885,0.48974492909841744,0.3161632037447032)
(0.19324442356268845,0.7811281226325137,0.03596562409456474)
(0.20446686919739548,0.5177682689561545,0.29004757558676847)
(0.21108310938763575,0.5289882816647021,0.27845828160958147)
(0.16106339767837832,0.6307990486811849,0.1678254431861839)
(0.20071157905614073,0.5114520581151971,0.2858689904884722)
(0.18895449723735674,0.6082108544942726,0.19806145767991845)
(0.2295005794639941,0.4391006211110167,0.32913343546361085)
(0.1654889096458639,0.4784112450150775,0.34669900455695507)
(0.20037197652473784,0.5705399173212699,0.22737743280721054)
(0.20525414778870438,0.5552120288047174,0.2659544678168035)
(0.18795901487881506,0.4981384071015244,0.32442245686052923)
(0.21499105319917175,0.37624125086008425,0.41423665852748315)
(0.22229810854929888,0.391108759814408,0.39618512296004815)
(0.22490941870491787,0.2867641036934191,0.48279386032956934)
(0.18524535273970572,0.5416127424228859,0.2776451810845161)
(0.22718278937990974,0.5712561672976428,0.20136961197238296)
(0.2180431060121398,0.5619450417365432,0.2314761613807742)
(0.18001163132441025,0.441800588221739,0.38135136105730433)
(0.20080419746007158,0.4440021961996772,0.3620731927163548)
(0.17718337812216792,0.6591406738920867,0.15164614039615817)
(0.19715511531647456,0.6887268665132251,0.11690342671402344)
(0.1796131928137686,0.6630577136158671,0.1457113374187588)
(0.18330224633053652,0.6957821658822012,0.11622727415841957)
(0.1775040053803018,0.5168352105503933,0.2852568009000856)
(0.19276565349317096,0.5071517699309585,0.29416665785296714)
(0.17996607632077352,0.4515589327318324,0.36873324440708755)
(0.1819881696140843,0.5896812746262314,0.21902413931146328)
(0.19289645306711947,0.5637965845712327,0.2600732421069484)
(0.23385645563248716,0.41343108083230545,0.35289449239961723)
(0.18368180814049867,0.4140841274974025,0.3957261864436611)
(0.2023663781206162,0.43756109196572374,0.3626906869383613)
(0.20712414869002238,0.5686709002845886,0.22617168165134144)
(0.2212155234209809,0.468837279643213,0.3332117221522894)
(0.25001283398834595,0.6507780624405934,0.12995583348253573)
(0.1921632196002252,0.47407475922003933,0.3246355113805322)
(0.18916770354991969,0.6892095959687253,0.12947883391332313)
(0.20002005755571103,0.5332272731459486,0.26750471535914183)
(0.1891778260718511,0.48169595670155546,0.33436223409989374)
(0.21989218520863243,0.5477305967548528,0.22896146012606675)
(0.21603737564926123,0.5249878315247326,0.26643012730753185)
(0.1858075088806031,0.4570680052589996,0.34588824282842284)
(0.23082083293009792,0.6649394797852006,0.11144541267892229)
(0.17584752174140103,0.4998046060106394,0.32477506190711447)
(0.2069368448223101,0.4952288765166331,0.29292651730957614)
(0.22520628286154104,0.6291638260645555,0.1517386998111034)
(0.20031548956058315,0.41832826882486335,0.38185965060494187)
(0.20969525992439977,0.3753179521143863,0.39382035977504903)
(0.18029550888342652,0.6392691158954072,0.17193607044484874)
(0.19447567705894117,0.5539216704780581,0.24483026792539456)
(0.1942913983488067,0.6019458926271125,0.22167495881982907)
(0.18893491685286515,0.6048972525017451,0.20466309340877395)
(0.21392217756322285,0.5219527666888002,0.2869219601753801)
(0.1827160770523002,0.30107678063079896,0.5145580336851681)
(0.18859533026776137,0.45121649034164696,0.3604787649880517)
(0.19543831194186467,0.5032064206346775,0.30795677919954123)
(0.20190526633554856,0.6115547669892755,0.18864466045071168)
(0.22893254361790266,0.48920447234642306,0.277768961250742)
(0.19411549619636626,0.658924722841729,0.15482824705182902)
(0.2183090308541472,0.4106413202014135,0.37516871883384056)
(0.19592187280697623,0.6430481392322386,0.15669927761569652)
(0.18026238383414267,0.6351033209000163,0.18005372631228664)
(0.22491872552821032,0.541842120290349,0.22493922584844878)
(0.2058095028448908,0.567416876040722,0.22342534078187484)
(0.2093832834288508,0.39620129726164877,0.3878660494139798)
(0.18237422967890607,0.48817094225976576,0.3200479665886496)
(0.2281076120395733,0.4118687504332162,0.3668101330061087)
(0.18856716970154228,0.49140875656673466,0.321343258750502)
(0.19609493594093663,0.5709748316199129,0.24164787804981416)
(0.1727110733202856,0.33599910012220796,0.4749412431985573)
(0.1861298882253115,0.5294795045551682,0.27120850422188064)
(0.19231056560677529,0.43177602191082465,0.37151029605544234)
(0.17229083926542443,0.47860543865790156,0.34022894754813726)
(0.19298286921907126,0.5708802694888955,0.23800807272212882)
(0.17428553613767417,0.336949997193531,0.4606984156376545)
(0.16880913325438868,0.564701771194745,0.2467285323907325)
(0.18063546457953472,0.7104941873832447,0.10928494946779657)
(0.19886473241556635,0.4267746509000044,0.37541884487317595)
(0.1936893345660422,0.6056445086099456,0.20300221347561972)
(0.18793480638707946,0.4814318909529118,0.3301878089896877)
(0.18588320752406687,0.731787885252668,0.07864175503912839)
(0.16209575563768136,0.44153976326041555,0.38376581166143603)
(0.1961483972071805,0.6471446371159157,0.1656852911129058)
(0.17650200947494268,0.5937804094610397,0.23049342314970184)
(0.18546059358394845,0.657433172535293,0.14171038032731684)
(0.1937248597536014,0.5142193353743312,0.28425711077562726)
(0.19824364925727037,0.522015456688802,0.27854393726755805)
(0.2042275900280183,0.6881962496687876,0.10471392168321486)
(0.20161539407430334,0.3769093089031418,0.4289147713496095)
(0.19595593487870125,0.3598087795122388,0.4328760841495231)
(0.16324144407141628,0.44055094904101527,0.3755155282609223)
(0.1902213001806711,0.3498353619169231,0.4603566458790253)
(0.18887728452625413,0.6284665803648198,0.1960215713878423)
(0.195214417840602,0.4209213760420012,0.38082973290441546)
(0.1933321107310851,0.4557053269912108,0.3569401394225996)
(0.18733054530457852,0.48158922317502556,0.32692017700648146)
(0.21166605080516968,0.42686794555624236,0.3520393518608493)
(0.21096185355835284,0.44807759492215243,0.34316554343435013)
(0.1947207503335569,0.433296575861105,0.37165695448561925)
(0.1993663123526663,0.3916382333420733,0.4035052148004361)
(0.17950509609844967,0.46877792484267644,0.3338860658996855)
(0.1749090610321733,0.5115308991043345,0.31202641998759545)
(0.2188469881058184,0.40067798111410124,0.3811922417257816)
(0.16602225601371787,0.5270710935569373,0.28984044424585775)
(0.19781998123893718,0.5740979870295321,0.2220565790553676)
(0.2073635198664625,0.48911219331551825,0.2851545196528672)
(0.20452482130216523,0.48930544838140877,0.32010211499970087)
(0.19186018181898115,0.6509316597568436,0.15547940072388308)
(0.21010124596728516,0.6202276171550279,0.16490728254549258)
(0.22720746280977375,0.4652984811616131,0.3229888050381963)
(0.2297688407673205,0.5011799378201082,0.2629991815217832)
(0.18539935931890605,0.5057736328021405,0.3125530951915825)
(0.1909037496871235,0.4167201037147614,0.3919583966416011)
(0.1922409909758981,0.5406684302565448,0.26508486286770283)
(0.1796824503037213,0.5437019355442317,0.2418377606322176)
(0.20536506372689006,0.5523813120281411,0.24579429341051004)
(0.18519932090859914,0.5678711114450192,0.22297824139548747)
(0.22018790905774707,0.46295169861784036,0.29939259534925355)
(0.21558600255701318,0.5745304821360607,0.216064272106765)
(0.21733482469947993,0.445926669951023,0.3475262416020785)
(0.21061541809350046,0.5716682292106938,0.22878505617195743)
(0.19468310728244623,0.4436880481461227,0.356829333305362)
(0.21105438891155393,0.5777406859736487,0.22556529355197663)
(0.19563534638451074,0.6706141104850165,0.15091368943457914)
(0.21884122671860912,0.5595354717425426,0.2447292821087297)
(0.24280820745047677,0.5629611224878587,0.20996189412898036)
(0.20662635780498614,0.42145035402921693,0.39038576952111514)
(0.260465297747621,0.5361286361856231,0.2160762057254588)
(0.2220217366495006,0.48018571971647434,0.3119511441808308)
(0.21360459662604514,0.43218607091757,0.37044340420240895)
(0.18819889641835352,0.43710759962151724,0.37585805963220564)
(0.1820893226760073,0.46857255456578834,0.3453027985790742)
(0.22992518533842043,0.5087228994806164,0.25439647519709324)
(0.1884074853078725,0.5118294329733792,0.3168097744836949)
(0.18027870163335205,0.46611009733890485,0.3380663584087953)
(0.19638207925044973,0.5216772682496363,0.2847164375548186)
(0.2053124783238888,0.5533514291937905,0.24489724475669694)
(0.1996054947524479,0.40821766015969113,0.39063738965384653)
(0.2032776996183029,0.4196934415240049,0.36560747146203465)
(0.1904827749895048,0.4895219289576336,0.31688309235353274)
(0.1888437613419795,0.4320104573592275,0.37487261397426797)
(0.1970150758614612,0.5408807151984194,0.27295540640872673)
(0.19821132833445726,0.5726994815350763,0.23897874057207186)
(0.20179460938730318,0.4950886964458865,0.3124994032825533)
(0.2211406976522302,0.44270922460955436,0.33462162301669407)
(0.20904418888275864,0.5372328781698729,0.25358043088617244)
(0.18932957596014804,0.47835809131254453,0.32575132279213365)
(0.21067764872438804,0.5435211717651395,0.2485875167265063)
(0.17382506438372927,0.5315432453365461,0.2875669701999987)
(0.1756896244762335,0.509347817348751,0.31379754866559406)
(0.21026000480918686,0.5774031628881846,0.21272321933244998)
(0.18595413443739683,0.3832800714216947,0.4419122971333937)
(0.20771118714141215,0.7699602175656999,0.03995650817798149)
(0.20565344398130767,0.5046266913953606,0.29859824920549466)
(0.21121489663653376,0.6378379467920787,0.14790837475510107)
(0.20912176055824383,0.5412566050996961,0.25944835615944817)
(0.2666209717024358,0.4873369912000766,0.265915919240701)
(0.19019609124058634,0.48361086713732404,0.32201727379743555)
(0.19470841130314048,0.5931309274549347,0.23321291557189436)
(0.18410285663292153,0.3785674075409162,0.4324457057921839)
