(0.2029563028463911,0.7115632748959329,0.08544984788422687)
(0.20363481787004634,0.7026420556946721,0.10643691084548076)
(0.2311674652089598,0.7152314531852956,0.04935386750180226)
(0.19881777871347595,0.6325288318034731,0.17867993341256697)
(0.21552147332065688,0.6540546058166963,0.14649281813474777)
(0.1943275878261245,0.7330292705950667,0.0744113076712519)
(0.2084616277659579,0.7938310561883392,-0.012235626807826748)
(0.1958140633676571,0.7042981461442456,0.09584355419878442)
(0.1992263588500638,0.7285268250546453,0.0706860774463615)
(0.23908307104123172,0.783024555416404,-0.02647920366077408)
(0.2375909465379168,0.6828771060689091,0.07534840625940535)
(0.219429711491771,0.6588583394576039,0.1171007649429986)
(0.21005411335582505,0.7131461668145782,0.07000555706232751)
(0.22761833368842274,0.614651387197054,0.15445776511678735)
(0.19019189834088646,0.6616089446054105,0.14345949371605735)
(0.20444220110830738,0.6438046271295736,0.15702566132461862)
(0.21881053150485166,0.6176953201710845,0.14857303186175197)
(0.19293631521271815,0.5980015269924925,0.2051413858468815)
(0.21082632909685145,0.7214417254155963,0.06317106456398855)
(0.19122280166373187,0.7447253081863169,0.07243351413384014)
(0.1815956013162202,0.7995945031369753,0.022010052082901993)
(0.18689042598845249,0.6419238890562258,0.18059769598853495)
(0.24968706851077727,0.6063373516873632,0.13978296668352896)
(0.21484985700607123,0.6896425498496804,0.09402701200490063)
(0.22119641882559568,0.7254168248106581,0.04857339080207983)
(0.233300698400592,0.6442446319086217,0.12068883982541721)
(0.19016177203831233,0.6694154768389483,0.13478962079600315)
(0.19526135484340756,0.7845019343861123,0.027026609236022462)
(0.18568193920526355,0.7076860956683123,0.10873508829936507)
(0.21541470897775902,0.5747323461693186,0.20729667973387197)
(0.20782514732112026,0.6825761257129502,0.10944561978696375)
(0.18551077957157405,0.7471602964698769,0.06825768356791577)
(0.19768422678298722,0.6408308636898118,0.15844018909317079)
(0.20576082305372118,0.7062858352411813,0.09296085274340656)
(0.19997048594498198,0.7184877782414372,0.08212402852331423)
(0.19879755855672923,0.7075022491622776,0.08450334211389664)
(0.19543943880647385,0.7041521218686632,0.09710410943864159)
(0.20668242937387554,0.6806948575294737,0.1189195095502839)
(0.1871681678894696,0.8812488582346213,-0.07263786059891761)
(0.22614935474313233,0.6648572797873883,0.1158958839360452)
(0.18301852246952977,0.7443534528902572,0.07677800983721118)
(0.17605438374841126,0.6878037871283452,0.13208932576451027)
(0.1870119786618893,0.7628757768929605,0.042844881301808246)
(0.2180602932784705,0.6609896976699748,0.12645978046893103)
(0.2732565755115928,0.6570383974125421,0.07481309160079837)
(0.22044502212830314,0.7225925358857026,0.06945118255973329)
(0.22114211934029548,0.6203821267861073,0.1656314127417024)
(0.19904558812162246,0.597472038439408,0.19522841829016255)
(0.20993342761258799,0.6339575212034018,0.1535636517180392)
(0.261882455300409,0.6526297337125305,0.09807560068407803)
(0.1841538518907277,0.6669692282446393,0.15293179718725802)
(0.21593998718060917,0.6781976677675957,0.107460809088599)
(0.18077210441289887,0.7214213805759494,0.08559324173930252)
(0.2485621894061708,0.6318266779779933,0.12261630382899785)
(0.1834394724230844,0.6932236925569355,0.11748027422925782)
(0.20501250393663034,0.6269687770307903,0.16231296866592346)
(0.18882674055916313,0.71841326199755,0.09865756335112269)
(0.2014660384991334,0.7705985019812631,0.030527241628666168)
(0.1765037162118509,0.6969780012481631,0.12193634210209829)
(0.19001688277135767,0.6949403243306381,0.09945928374371281)
(0.2142467435611441,0.7192880180220284,0.06290921058908834)
(0.21419862280911098,0.6704432172611288,0.104123371896939)
(0.22360697435647486,0.6416284369448475,0.13373369253010176)
(0.24005033953032864,0.7089485670031006,0.046176795862976676)
(0.18220799451782754,0.6887489401940482,0.12173442295263683)
(0.20455946963680013,0.6432444663985526,0.15482890247247197)
(0.20668536711023802,0.7115083370086244,0.09115753356680553)
(0.23391063091115705,0.614598033122717,0.14745786840407424)
(0.21038589535633204,0.6768790019799924,0.11899873436613607)
(0.22018051090243398,0.6703836131757476,0.1151651023777965)
(0.2527525081026016,0.7164107820876515,0.03939801586804414)
(0.1935292366700831,0.6668436507579675,0.13090180140292526)
(0.25515257007386916,0.6900049292320579,0.05719588471377523)
(0.20581298262939773,0.6906675425240147,0.1227386370941836)
(0.18909650597483632,0.6269915277089213,0.1864113064860333)
(0.17828396386953343,0.6761850377910923,0.12785422297553023)
(0.21882053240419397,0.5783776924289901,0.19760112544543337)
(0.1992022173060425,0.6903682592877652,0.1043185764439123)
(0.21487535253238246,0.6721866680702915,0.11505419196511958)
(0.279390562454369,0.6451116949082929,0.08667457930098524)
(0.20256879017849821,0.81659415410419,-0.019269004821591586)
(0.22827674400589382,0.6195126045245479,0.15688896107708927)
(0.18946377622109636,0.8018852694785623,0.009529599203205848)
(0.1855887700633547,0.7282616108534123,0.08555116245134305)
(0.2553794999038713,0.613462209464124,0.1404077964712554)
(0.24708934583636502,0.7156914144552703,0.03946743586733611)
(0.212964876592667,0.694484109761496,0.08928487295438446)
(0.20152509288485684,0.7014420587999789,0.09003937967942711)
(0.18411215628037206,0.6338718247247558,0.17669406827695372)
(0.19002619566978546,0.7678792424386005,0.04663081256386805)
(0.20252901424884387,0.6703284126943273,0.13364730467678854)
(0.18329602755608074,0.7743141176518544,0.029077215352972585)
(0.19021134626655115,0.709662497631721,0.0986354189264967)
(0.23521869385055322,0.6819012660849125,0.08019074550177882)
(0.23794576775575055,0.5482040737240642,0.21253268108618542)
(0.21776370190212985,0.6875080440071788,0.08173037719184527)
(0.2670053524286441,0.7142604729543485,0.027837481546341126)
(0.205421703041044,0.6003678706088376,0.18841152488761298)
(0.22246255615974492,0.6055214375021192,0.16946523758655146)
(0.2217930497123369,0.684466956938021,0.0985676758783363)
(0.22921577908187463,0.5824121555320957,0.19124513389996756)
(0.25332587174338916,0.612443420635948,0.13449282715219268)
(0.2020696714842265,0.6648641686654881,0.12346623456997792)
(0.21323425771071547,0.7323914104404471,0.06298569923923049)
(0.17574319517304507,0.6807682314131291,0.13487842467084393)
(0.19963772476640598,0.662117463197799,0.1446259466151838)
(0.20200513416714713,0.6151031853936618,0.16975437487157066)
(0.20688599974479058,0.6264696991218945,0.15332837604805188)
(0.197953532267549,0.6117087536184047,0.19396927330039063)
(0.18086662595678163,0.6887727562937729,0.1201005025420319)
(0.21109517640229683,0.6155614205110806,0.18322605808177178)
(0.24171473491378712,0.6941758101394025,0.07202885684117315)
(0.21402983637659975,0.7293122019415341,0.0553769103720874)
(0.19402021180499326,0.6485640899853325,0.1608913577841335)
(0.21567535402504254,0.6552400747917989,0.13536672300042882)
(0.19092024480277317,0.659976578339279,0.1378615472800116)
(0.24074853990058717,0.6268928768781877,0.1330710226306377)
(0.20484903170701188,0.7269048017811107,0.0594375852372544)
(0.20926354583047127,0.7129741166531096,0.07875707051533751)
(0.18878509555079584,0.7022883160740266,0.09791311709802439)
(0.19827785769557602,0.6532280199176428,0.15635713178959035)
(0.21587456659684495,0.6720163911683147,0.12553389383976588)
(0.19616407670317965,0.7151837123978677,0.09371287384304328)
(0.20743167323732736,0.7539305883739864,0.03451112560319949)
(0.1973470561241916,0.74701104521787,0.05365115537798298)
(0.195973731416113,0.6962977982666974,0.10268009654700641)
(0.1940870578417372,0.6801185955638864,0.13049614026344175)
(0.1734768460473892,0.626491302066249,0.1812004272002201)
(0.24801208586815382,0.6334342941572136,0.123976172193829)
(0.21615110295249398,0.7414511517272839,0.035877621690873905)
(0.24585556380266954,0.720772045897076,0.032751062202384704)
(0.18710328194798972,0.7475037265939426,0.06253002323718629)
(0.21005996826550777,0.5717387058403036,0.21491678225382035)
(0.2470211271121917,0.674502169354713,0.08786505222626738)
(0.19442135955364365,0.6845903678721885,0.11785004451674047)
(0.19277726358841882,0.7392218915863716,0.05801945225731509)
(0.17599240289164242,0.6943744770386493,0.13389028574709083)
(0.19586039211515835,0.6607913134516917,0.14611373812240822)
(0.22185165449621028,0.6461835465333216,0.14042284449854553)
(0.2013334638413066,0.7501992255868951,0.05198950246585416)
(0.22111616607948856,0.6675995314758196,0.12164404048760775)
(0.2404427487471714,0.7320253450038621,0.02904340260659312)
(0.2500054804377054,0.7734793696812934,-0.027268571272501735)
(0.22569188476657856,0.7103297626758759,0.06364297530041182)
(0.22344280219252888,0.7312716510360255,0.04943947438519208)
(0.20265111564454155,0.7094960087085003,0.08346446275473601)
(0.21905249108604796,0.6259782121576557,0.14663995587557094)
(0.20361105755019274,0.6403176114511434,0.15993662494171706)
(0.165455050055192,0.6834704469333068,0.1340715299573026)
(0.17795696132041172,0.6781440098897209,0.14902361757773702)
(0.19835836520135153,0.7255257286089919,0.08347798573118541)
(0.24884636083366476,0.730891948728318,0.036531455644078385)
(0.21440427152938446,0.5948121827822129,0.18685364699198412)
(0.1902721307299515,0.7078401833462535,0.11144832287537926)
(0.2039148894248432,0.6800329896065801,0.11234298630072304)
(0.180893621923304,0.6865409287678788,0.13014794651776204)
(0.20347461088416302,0.7206749215081029,0.07977982392377281)
(0.21063183623159826,0.6901530157699638,0.08887082432643009)
(0.21561466894610085,0.640183416596109,0.1393153764726983)
(0.20777571953235602,0.7078362684820914,0.08079829815074409)
(0.24614993022130338,0.7521168755343024,-0.001336436973687091)
(0.19517218279297519,0.7361208708838572,0.08123195679898497)
(0.1769882194494219,0.6514001225916791,0.15070260669493016)
(0.216584078365735,0.643379447042387,0.1442755351624943)
(0.1784030827320789,0.7144373109972499,0.10184491521893604)
(0.22092942502294532,0.7643282703807839,0.027445011691295117)
(0.2031846693787487,0.6686135274998461,0.1401458517263641)
(0.21178963270667114,0.675946234464594,0.12192687355819162)
(0.21362556532156518,0.6324165464361867,0.15449579035364888)
(0.17858899990646684,0.778126889504608,0.035336962591348504)
(0.20307824114544004,0.6569669517810125,0.1371934134809979)
(0.20521330789109737,0.6789852167394723,0.11459143556617611)
(0.1806433576141871,0.7711223260129164,0.03983193698092592)
(0.19282000247634803,0.6650524487132871,0.1457401958358922)
(0.24212682402483462,0.7045629870156893,0.06054805937031848)
(0.21772296314214037,0.7047484905416098,0.06355588680523717)
(0.2042346595620431,0.6923721359070047,0.10883637838899371)
(0.2005127288510329,0.6325678315571676,0.1532708129028885)
(0.1828146936336343,0.6775460070840648,0.13641249451482698)
(0.23407417462951244,0.7408861813005297,0.030462293855950416)
(0.19586802763525563,0.7552256146340707,0.04789443112507884)
(0.21283177900970732,0.6408163682812418,0.13935276770623378)
(0.17948557078308683,0.7745615859232339,0.04101079803760358)
(0.2260155857662663,0.6778890648903828,0.0945878624177247)
(0.25356157661246875,0.6170017179815502,0.11474985715050683)
(0.20638877644258713,0.7049533092471469,0.10124615886041032)
(0.19925809322574042,0.6656923123281532,0.12901567534056596)
(0.17356031250102502,0.6967636662567621,0.12925301573749579)
(0.2120592826949897,0.7022519374646294,0.09507413337095716)
(0.21399658878078648,0.751538215188919,0.03040477821829917)
(0.20388659317697755,0.5884081143693743,0.20275716380993383)
(0.22921325980887275,0.6377514851947578,0.1225378538246838)
(0.2573943459085939,0.6475863618614567,0.09531881808564685)
(0.23669596030946896,0.6621222414760506,0.10040392352160327)
(0.23886844014200045,0.7334527091159612,0.027354104095475222)
(0.21331353259871966,0.6914701698537784,0.0898993222066399)
(0.20920351987825303,0.6971979099178206,0.09272821704198146)
(0.18899648990404744,0.7086004519462241,0.10000529504721892)
(0.19338998709240568,0.6714720847779315,0.13398790020004525)
(0.284147966642546,0.6273312997728325,0.0922463262550825)
(0.20047649166037032,0.6304599672912655,0.1804437728888164)
(0.22617611783810984,0.772697529337878,-0.0033610033307666853)
(0.20847883866969222,0.7114348450533238,0.07847752185946334)
(0.1982378382316897,0.7672955323548409,0.034717649871686865)
(0.21313605843881228,0.699042855035817,0.08758850633125426)
(0.19613797015909873,0.6725477428439328,0.11788387793597424)
(0.20668776239468442,0.6255873922833007,0.16515820268744513)
(0.20012228982479238,0.5577501298566168,0.24533098376619716)
(0.23692459170472663,0.5593199288007024,0.2087486439594415)
(0.19791751466766574,0.7005636323648916,0.09355996903198183)
(0.23881267126130212,0.6587912479804409,0.10335272151416432)
(0.21637156791758197,0.6701252316683005,0.12086468676098959)
(0.18934803877240955,0.6387603646303399,0.16839939218564637)
(0.22748892386749248,0.6198605524539436,0.1600651087780953)
(0.19018603187888233,0.6838666559766344,0.11577184952155714)
(0.2313017888345857,0.6438138395337938,0.12571585478172614)
(0.2337772802720219,0.6385508194301248,0.12530182188118397)
(0.20245377993729088,0.6400936395737307,0.1521385292407809)
(0.20243013723727168,0.8255854630715742,-0.022877802612862354)
(0.1857083013189471,0.6250760801883596,0.18019726122185212)
(0.19694036889973,0.780792248785932,0.015345682792598701)
(0.1872749355703579,0.7240600858071066,0.08930340853921374)
(0.21611696319378362,0.6676689243948603,0.12417507962223756)
(0.1944416491800471,0.725223816952654,0.08015472633808571)
(0.19337331160274837,0.6982063111716367,0.10617234340646643)
(0.1968580988643819,0.6945179858768697,0.10881267149844885)
(0.24497207347275535,0.7532347397406871,0.0021618844894237383)
(0.22518859756243123,0.593632835770735,0.17894213327277936)
(0.21791388469850564,0.678146687987791,0.1180562164583111)
(0.2324351501425229,0.6825383518585448,0.08358859568969255)
(0.192418677593206,0.7283557080248014,0.08543015926954382)
(0.2291036641778171,0.7467519426837296,0.04829588228349298)
(0.18330313689762853,0.6693199410957813,0.13326410101961608)
(0.24563021139000063,0.7601915211954693,0.00222344982230545)
(0.28274009244988535,0.6144924849328759,0.10963691790002202)
(0.20125642703674393,0.653207264116224,0.1462785006676365)
(0.18157120066725654,0.6739944521134331,0.14250039899793152)
(0.2243640485205634,0.6170293318146185,0.15973630737745564)
(0.24992357087444392,0.682457602919862,0.07391507048123512)
(0.1946480869102033,0.6830668875324846,0.12518534816227259)
(0.20844947402466216,0.8432819237565492,-0.04473730876386773)
(0.18627935165294052,0.660894669112257,0.14651447996137956)
(0.19663521641251872,0.6392214504905621,0.15092124489620967)
(0.20410193573490873,0.5948816716316446,0.2122674970117224)
(0.1855509296422709,0.8011817285232438,0.0094717154656043)
(0.20129864723925484,0.6600559668162546,0.14244712743630614)
(0.21730726393914607,0.673859915670683,0.11549769848823345)
(0.1911357736343447,0.6108913411444803,0.20221100520181048)
(0.19283201330065428,0.700595779351193,0.11154479019415753)
(0.1968843875820867,0.6735145362748313,0.13379612443008856)
(0.20443345895763926,0.6350395104057337,0.17207489684121088)
(0.17924295687171904,0.6826914258844772,0.14162623638249855)
(0.1779317300140799,0.7528951001663384,0.06825554344306584)
(0.18906423759906213,0.7042019190033646,0.1049236263370131)
(0.21006450684448932,0.6471062820553903,0.14214176739778425)
(0.19701078889605012,0.747979388524306,0.05586591922390682)
(0.1947014753420454,0.6809296376420395,0.11961312294640537)
(0.19909506467232518,0.6471481224574859,0.1518841252900077)
(0.19871376820428643,0.8403544694746449,-0.036245957048168666)
(0.20168787333735583,0.616347250679104,0.1803009762659759)
(0.2034949902016131,0.8868413621317921,-0.0748597063967799)
(0.20182902806400266,0.7104117134295019,0.08095137235609931)
(0.2054341618438112,0.7583880920988542,0.02459279345099078)
(0.20117163585359774,0.634956074273358,0.1656438544493108)
(0.20850920762251443,0.6351880132491546,0.15250029458468972)
(0.20481348722119844,0.7471940490614752,0.0443541476524719)
(0.18850081789009174,0.716606920133407,0.09375959442122149)
(0.21061407797105322,0.6749158167739365,0.1217335095648498)
(0.19804754471835354,0.7975683083119808,0.027258431637171582)
(0.1914893567753807,0.6726505335210059,0.1396975536810825)
(0.2155234391678983,0.6575387714633766,0.12678797007472548)
(0.23499368588343988,0.6052350722212938,0.15435567911744308)
(0.20014256116752113,0.7246714250734311,0.08583476735220598)
(0.22886077008041344,0.6330907805435652,0.15425504558598435)
(0.20316094479902874,0.6548223910252111,0.1281067597936975)
(0.2567744218583711,0.6453133222199798,0.10016770787357404)
(0.18929040371770467,0.6690275173883123,0.14526467459507378)
(0.22496957255093789,0.6573516535635235,0.11905183806952808)
(0.2037874997744301,0.7017504657831922,0.11590653717422714)
(0.2045282869729876,0.7114386566414213,0.0766475539602343)
(0.21239297515938543,0.5860601995629032,0.2114771863067601)
(0.2239319397386433,0.6694079229967896,0.12333876640249845)
(0.2773676807714772,0.6595276911364296,0.07007659787171439)
(0.21263085509750268,0.7961789954498222,-0.008199702908490428)
(0.21156960690940949,0.6508081729092032,0.1337510653854183)
(0.22086832514130952,0.7536799547326744,0.027405747526585502)
(0.24102913131656273,0.6960127446884179,0.06210025030319906)
(0.19885912158712696,0.6147501592380296,0.17964185014403247)
(0.22033115606301806,0.7428397974063703,0.03352330750348675)
(0.20558281421801716,0.866358047036758,-0.06039101414690625)
(0.20358703124813246,0.7054036033493621,0.0870877157200895)
(0.2387960730206959,0.5716732300244372,0.18997465617003348)
(0.20894617780515348,0.6763144411421066,0.11043820483762547)
(0.18497845223021253,0.6200410444199121,0.18460719876251194)
(0.20214689600229013,0.5822938210734347,0.2120255969605896)
(0.2016579285217401,0.7716651673788562,0.030094695143389593)
(0.18811420849868635,0.7260102430787141,0.08792053926783477)
(0.22388779238853573,0.6463140932418369,0.1261360254789105)
(0.1935470356481582,0.6724361261046266,0.1493270501943821)
(0.23940841525149556,0.6760978424337286,0.08736560317701525)
