(0.17536101456703368,0.41393411221331716,0.43597739792823753)
(0.11106224378068127,1.0452545766017094,-0.1201095611220487)
(0.2630454210271732,0.636141308402714,0.1405912108328659)
(0.12290874451287527,0.6534765762467208,0.18218330078828818)
(0.2221081316583114,0.3123894475203843,0.5330178035981152)
(0.19956747746624712,1.1038039434894331,-0.32010724589213196)
(0.15664298494771542,1.137959243537231,-0.29743078554028235)
(0.18888572962971947,0.34215631300607025,0.45027000464526484)
(0.25068801569646326,0.7299912328141593,0.014936669624873961)
(0.22985971088551263,0.8625525081096342,-0.16935945931586577)
(0.07993466177286232,0.9053890548130618,-0.004123143836058297)
(0.18609474347047822,0.6934570389505808,0.030319528305538843)
(0.23320301005233485,0.4927593224216021,0.28580520784417446)
(0.21801115182675995,0.5824379373544143,0.190951496657075)
(0.1757355894448899,0.7558272330355597,0.08835963643230571)
(0.3113833151789969,0.45985108162639765,0.25502479050984767)
(0.27211262747934306,1.292606566727673,-0.494239748286283)
(0.1577295947529902,0.6236993696603669,0.16360901097874248)
(0.15191796101128688,0.8382067236581562,-0.015578984475654778)
(0.298677726605483,0.4867395931640299,0.26359060746231044)
(0.3669512874355255,0.3983884419442251,0.27518153862205025)
(0.15592725501018448,0.7078215665285664,0.14010030320679437)
(0.21238717971200616,0.5024329843375993,0.3086732681417057)
(0.2095245994528955,0.19552871032013208,0.5765619654396344)
(0.2265299723499955,0.2939665130235141,0.4839424093856577)
(0.22087013374955553,0.6416584783711923,0.151805621743497)
(0.22631629510510717,0.6531562017169319,0.12143853596517817)
(0.2269153826310453,0.777900736107779,0.0022576755170183975)
(0.1400187757873644,0.6964109045032333,0.16684182270221307)
(0.22942731257083135,0.8074964945702598,-0.03594896980941617)
(0.11291762888460252,0.9887666118063165,-0.17404593535226615)
(0.2048204672435954,0.33626765648111945,0.4125595136619144)
(0.19797326047179928,0.5370343682509018,0.255043408620047)
(0.18183966350831968,0.6122049090176164,0.22356900078505243)
(0.3302102247838842,0.5307675749569096,0.1441765502134528)
(0.17389296195334017,1.1262580475696504,-0.2903336643336082)
(0.20124787507162462,0.4654815449686396,0.3099933486871287)
(0.3362116883079171,0.8734007138749077,-0.17613492727040517)
(0.1921382716430734,0.5234952238254508,0.26108706060881987)
(0.26482193147575683,0.7853652344273643,-0.01811652310019256)
(0.17635849781909135,0.6200923201809281,0.17282405520509578)
(0.2968622728137601,0.30638020450364484,0.4449154211789983)
(0.18724519603247158,0.8936594259967208,-0.082878817822907)
(0.13341121907594397,1.0940330081412806,-0.2815461518601871)
(0.11918384366785861,0.8793166901307284,-0.012250544914306173)
(0.3200610209016347,0.34403907418876806,0.391714555187121)
(0.2275954676109424,0.6801909860925972,0.10708643870287964)
(0.18274057353153553,0.9339922974925373,-0.11384337582342202)
(0.1987148676872164,0.975501315145702,-0.20330289470453639)
(0.16367042763591164,0.563254130607197,0.2640172080273491)
(0.20917144525756048,0.9396687647885221,-0.14649437661266249)
(0.22466820418320946,0.7459838533504041,0.08563466975979474)
(0.1710251819744434,0.4268210576665071,0.4166172998576269)
(0.2077591149027375,0.442433748807344,0.35143132573987884)
(0.19855816139029986,0.5266200722045459,0.2850855252779703)
(0.2117201237598722,0.7164455262206694,0.12078363179532808)
(0.2460872062444146,0.9947423286308759,-0.2065871334397304)
(0.16857360380057532,0.5305533715704106,0.2651935400710164)
(0.18804256765378516,0.9149361549677592,-0.10647539535134258)
(0.15231814049839232,0.7053972225082584,0.1527626473836071)
(0.1966469634554401,0.4956224904654478,0.2898846862993698)
(0.20160975379507332,0.34766754148418977,0.48713048353105287)
(0.16496909166510787,0.7101807247350513,0.1042408674483143)
(0.12985605363132152,0.5379720796447947,0.26485402638598193)
(0.15754369994635792,0.39793302159113225,0.4429706755880881)
(0.18327650538989385,0.670611976060826,0.10814170674737648)
(0.12440628620882573,1.0687352322166717,-0.2013152026696637)
(0.21903914611850517,0.9088827139392351,-0.14281965478748487)
(0.17653782479378724,0.8093020218008952,0.04390350861898402)
(0.1972800094771256,0.7383083916288574,0.0962281158277839)
(0.23475864544304836,0.9136831906448939,-0.1326780641846096)
(0.39389787494129336,0.23543155682054534,0.4064074118184737)
(0.2676578351123678,0.4999832481857113,0.23616905044883274)
(0.1336455189117483,0.8541890790267873,-0.0019423688660364419)
(0.28861861810442735,1.0107650651238715,-0.260221483702209)
(0.22644640748765194,0.47476776746448873,0.27494398456997515)
(0.1537112733558779,0.48091723451615453,0.3797914120206566)
(0.22207926129124195,0.3782153637979902,0.38043178455503757)
(0.19540060225084627,0.45304385121974905,0.3667317538025624)
(0.1468458812730263,0.7957025048394649,0.041189987077978406)
(0.15650830893907022,0.8059186717262647,0.07553506070967395)
(0.2420227736208594,0.750309837524858,0.06695173223462826)
(0.2689651627765274,0.7854999952472822,-0.002641342001648446)
(0.12734200857597622,0.3399770816669688,0.5016400353585488)
(0.264185205837467,0.9409705396040343,-0.13883681874467782)
(0.2856593014801847,0.9713878235240013,-0.25782040137938905)
(0.23319544306580217,0.7596070528748656,0.033942619018767085)
(0.22014877797126015,0.8590688551036795,-0.05843923397927404)
(0.20205982999578587,0.4734298258914995,0.333169184262133)
(0.17977282151769886,1.2772250347362564,-0.4349313041255083)
(0.21739795102355167,0.1886409380327263,0.6113014288798152)
(0.10562310569515786,0.7477117578976461,0.1637597238829279)
(0.16129841386924867,0.7953744868789013,0.020316510414800936)
(0.23914561793176534,0.861905263391759,-0.09364008914802789)
(0.1858081173810636,0.6786989701120667,0.13206891396487172)
(0.13529223517807767,0.8792123506464232,-0.027726006770775545)
(0.19797268363270515,0.5318422136185417,0.2671313997579209)
(0.20581696886167605,0.7071833235467271,0.08218779324508112)
(0.20860994180385023,0.334777116392923,0.41432649370013436)
(0.29845909442368584,0.5209447924533124,0.18494132936105825)
(0.24255672924536345,0.40272643866751506,0.35447553981714225)
(0.14311415676128317,0.7839092414312516,0.09774672579309439)
(0.17792833709941377,0.9128161834860692,-0.09453992126980447)
(0.24213878682359907,0.5745432081838665,0.21330787750086314)
(0.2114186191127323,0.8521835165398989,-0.054901269788836866)
(0.24770048949377826,0.4884891478380583,0.25818578136363396)
(0.3296700205495756,0.5658509596096513,0.10746021705731053)
(0.11318796386795421,0.6898531403401067,0.17297762592704655)
(0.18610834342592475,0.5674424364052096,0.24955945178732766)
(0.14116212519777568,0.696996026794479,0.15351491840056425)
(0.22253782820553658,0.47140775871140217,0.31016439072532537)
(0.24434794393145007,0.46701144357855073,0.23537300724926452)
(0.20685048495776864,0.9865152543282998,-0.1996552878037079)
(0.21296491255977465,1.0157746061574697,-0.1874830574883024)
(0.2819462645102514,0.8163375825293493,-0.11824252359765478)
(0.15801847448951983,0.7099338562821504,0.12191532262251063)
(0.190025569911031,0.8591925934954018,-0.026491452774776148)
(0.22348025982706513,0.8706522799244601,-0.06799230062311092)
(0.11659132212013076,0.8475536003331848,-0.03919349436266944)
(0.24508291136020993,0.35961404113526074,0.40343896727818557)
(0.18616127657844087,0.9712173983661356,-0.11825284267455799)
(0.07990465156565643,0.9648442870329353,-0.08782476540585679)
(0.21965363733992913,0.39847250473058926,0.3924126465138444)
(0.20358160346394283,0.47186563726846026,0.28595582018203086)
(0.2096779805413227,0.8201390494656937,-0.04832494449500146)
(0.18724627584105025,0.4475764988981089,0.35521779426806516)
(0.18977847617557808,0.45511387008756393,0.40002607782337424)
(0.23602712122192837,0.7472237964558658,0.042553042938588595)
(0.10860687992035546,0.7297953518910474,0.11717239811731005)
(0.02012318771933136,0.44190903486516614,0.512702515776954)
(0.20184883162856854,0.6519790710498689,0.15626688599762392)
(0.16493164926031662,0.9925029431718482,-0.16025661146848996)
(0.22998424089688455,0.6590078475005955,0.04083227696073044)
(0.25410279874523467,0.6910830612210082,0.07645515580281334)
(0.07907196191967857,1.13272695254485,-0.2649608662710627)
(0.09113615404310349,0.9581350036328173,-0.08791871721856746)
(0.14187377992870154,0.9593976299816944,-0.061682712453747186)
(0.19098508827852664,0.7072024126963923,0.1166607674345812)
(0.3148868191841932,0.38667895856253887,0.2864649931664678)
(0.22322636374876115,0.9259575539019429,-0.10787863352304129)
(0.10168875732353694,0.8592835766706488,0.023896929303822794)
(0.18716154471938493,0.7439618724153289,0.02185405183585879)
(0.1091934076525346,0.8997627693406078,-0.03295081233768823)
(0.268228136511326,0.6516496176319124,0.13446779606097412)
(0.3499319207491203,0.9518308624824866,-0.2576723691512385)
(0.11103557861155978,0.8366396037844126,0.07222206428978514)
(0.2264041936761878,0.7256780203281833,0.08705000316588954)
(0.3151329297552568,0.5485422138266212,0.15236953601917705)
(0.24611611069510259,0.6788410212077788,0.07976849814844988)
(0.24830967668828277,0.6147156118283781,0.1354689018962779)
(0.20681056958917154,0.7356423280843947,0.05276408536937915)
(0.13665567029594575,0.34807663761365726,0.5186026505735858)
(0.3138243226339227,0.42896204839748536,0.24632759270167745)
(0.184470065020678,0.7484061418598823,0.11380148179994827)
(0.24324535754233084,0.4659863223713194,0.278669608111673)
(0.22822987964264374,1.0494082606913624,-0.23568918397899036)
(0.1465916339614852,1.0622265995393672,-0.1811802195917008)
(0.18883206431707633,0.4871431786002302,0.3275671372292824)
(0.1290154016266914,0.8720158156959942,-0.006165189177143386)
(0.19042952134948823,0.9604658039613702,-0.1537853659461853)
(0.32497817252076355,0.7041759194394654,0.0279205920369478)
(0.16413106825475268,0.5449323697126015,0.30252335712103845)
(0.16330406119501442,0.572701782910437,0.27161772496569003)
(0.24814312475896141,0.7534705044390783,0.0021142760477497998)
(0.18783741710343055,0.4293274848295676,0.381344430724347)
(0.08968858098330473,0.9304075800078434,-0.030480232384831066)
(0.12892105959854486,0.8154848410596908,0.08448887221900006)
(0.18919572371800325,0.7213497425838752,0.06972738896721836)
(0.1425336684721513,0.4616312390884814,0.38195875232422277)
(0.27058590695150747,1.0897314255790373,-0.35053403576796843)
(0.16226089284561585,0.8197788499629944,0.05722010430533993)
(0.2436669663657233,0.5681203510143271,0.2186776900418834)
(0.21837666796336253,0.6748930447139752,0.14246389945044544)
(0.15392088738266113,1.035467670106287,-0.21693594853681328)
(0.17988392029315148,0.8590853554819727,-0.026504951156206644)
(0.15931661492775365,0.45256300646673153,0.3577461748532944)
(0.16859885840760042,0.5968689075994744,0.20224982680416131)
(0.20555615290707518,0.46701034806567543,0.3357721363222455)
(0.23010371077146158,0.9090061463091716,-0.14296118715796455)
(0.17021171162159063,1.3565345020565733,-0.5313020082212543)
(0.30498656500931326,0.7011488733886391,0.03509233849529185)
(0.19894165082862084,0.6217396325775236,0.26161269538834925)
(0.17689644564645818,0.48871385682521473,0.3242029549525476)
(0.2765184026644563,0.6051241152378415,0.1008492108380607)
(0.24750822395021926,0.3737249739877294,0.40510954110283914)
(0.2823605587307211,0.47402112263156826,0.2725632816628608)
(0.201983993215029,0.7434332114128753,0.06709256133651448)
(0.21260320923514436,0.26363675329040354,0.5600259492262326)
(0.13876707614766035,0.49938359777028113,0.33435553128334566)
(0.1791235760370837,0.5546175426796773,0.25452715782779267)
(0.16264887977296377,0.6705056622312868,0.153474866665183)
(0.20884495552388033,0.9805036826882981,-0.17029403181264968)
(0.14652685068859048,1.0232552899072898,-0.18063771371101336)
(0.12336532042588354,0.929250419240025,-0.06629719816638438)
(0.18661860240426964,0.9396792371360663,-0.15514952553745476)
(0.20421549326209004,0.6537036867169145,0.13408539934091662)
(0.14489243545340155,0.9559410863762355,-0.11545516858159334)
(0.21326322069427184,0.7814243320989962,-0.013001029311523648)
(0.26219837404090135,0.5994876057807194,0.18474533941987822)
(0.24516129852028332,0.932030145153789,-0.1715949756745502)
(0.17326298285237873,0.840697207306791,0.010090544839440626)
(0.19739680651942496,0.1542691405818535,0.6568905830288817)
(0.28770628496041106,0.862402052609328,-0.12650253803476838)
(0.18866747480639706,0.7689758651006495,0.017790694377504163)
(0.16335022112249525,0.4952119055909946,0.33148214292994466)
(0.18166659940276983,0.3994531134695842,0.40261324590258707)
(0.18678440071968547,0.904365012696388,-0.10553804463994612)
(0.11435959357400445,1.0549077568442684,-0.23579666061970375)
(0.1633703220394049,0.7044957554510176,0.18366654248072561)
(0.2029182812073186,0.5860856780127176,0.2268296182017189)
(0.1307391197366331,0.6455254162877861,0.2269569251871226)
(0.1195002470427853,0.7955182673666022,0.01845430090671488)
(0.28606005403951895,1.0485393892296893,-0.2948017365700981)
(0.12950713327458258,0.8720812178015727,-0.01702848000529177)
(0.1776172087809384,0.5672505494411928,0.202028448717494)
(0.16029640769625186,1.0374762651730238,-0.18871127955697656)
(0.1690200433859761,0.7632289996805665,0.038729983347238726)
(0.2248460078645159,0.39001274396763963,0.36097551482963713)
(0.2094146885446629,0.6425313634398666,0.17820355405587646)
(0.18559949441394163,0.8342812664764329,-0.06673655067704702)
(0.23489605552101062,0.9336548894788015,-0.14764168992883217)
(0.2800300608169899,0.5943354818715229,0.11610573293012645)
(0.20303420358450502,0.85634597285433,-0.0693262201056555)
(0.1956324787893278,0.5661117134612407,0.24249717597281925)
(0.196951333137764,0.5431782668353776,0.2312175751712451)
(0.250115683190185,0.5113878177419836,0.26119136102367113)
(0.22504262953852094,0.4520336150886815,0.32255350257449183)
(0.12101518213235189,0.9238419350200482,-0.048313223619572285)
(0.13574301710790174,0.6819202287211574,0.15417269637121864)
(0.1470904833664219,0.5361130526938064,0.3057178030673333)
(0.18696824389607922,0.9904648294483138,-0.16704143476224642)
(0.33561924669776094,0.7401974804049165,-0.038631705901749934)
(0.15985505843969952,0.9877812275731506,-0.13578450026672576)
(0.1436527970480454,0.8987445542664966,-0.07807488991333218)
(0.2679113236398201,0.7981215114728002,-0.03854878071953959)
(0.13942455686157182,0.8119648491476861,-0.020662523028055213)
(0.24451292220024498,0.6365375057160545,0.13709129935780603)
(0.19590917756193804,1.094984647803621,-0.3044478049072276)
(0.18230957889346214,0.8647982722395969,-0.05882943967030725)
(0.11533322340095105,0.5909086102092067,0.28363351865562286)
(0.2994820041878293,0.9480682528624738,-0.2313213439448504)
(0.19634921438308944,0.9598342344545607,-0.17029278613279497)
(0.1699581041449594,0.9340934500723377,-0.08095618917304512)
(0.25330367090881994,0.5706965575151249,0.17435456924519432)
(0.24524496622234607,0.49193599369562924,0.2742589977200386)
(0.13505581305343783,0.3778381353504496,0.49959489471448626)
(0.15728252816221644,0.7611212802123415,0.08165478646953905)
(0.22283851937665014,0.5219931567282733,0.24729819254055171)
(0.19510815645674612,0.6237887107088004,0.24273865424614038)
(0.24304329738689134,0.7183398175820002,-0.011875253108588934)
(0.23778618513104735,0.44822217307616613,0.2741360925449734)
(0.1646178047194741,0.6747467660828722,0.16015611273069935)
(0.20849639792216335,0.624899197462896,0.21089599237214068)
(0.15419371400878976,1.0953616210702573,-0.2156151012572234)
(0.15570539151643675,0.8393159955908664,-0.0006860700372533798)
(0.20434497647368924,0.35672507996407693,0.41943297860277157)
(0.1775036816947667,0.7397865210650706,0.13681777157725655)
(0.2187837519100798,0.6418907270389942,0.09397117324052348)
(0.23289114393383695,0.6424216643257545,0.08121343746432302)
(0.2876686930881564,0.9527377780170819,-0.19933483694497134)
(0.204889911246524,0.8302395890410297,-0.04551476900233768)
(0.20921399039781885,0.5433804389279998,0.20952033784595442)
(0.14037607878241853,0.44341369132544173,0.46455954887546635)
(0.21189591189563903,0.708677130543223,0.09112238080810478)
(0.11994477214237967,0.6799948330592991,0.18163354839689352)
(0.131291082175561,0.9158908222278083,-0.042156491259397876)
(0.1933485464332008,0.282675691728732,0.5234891181039957)
(0.26712867153433356,0.7602424269914448,0.014643421498347655)
(0.20259834222547435,0.6135991826984087,0.2078694263653192)
(0.24000147253586637,0.6942235350260477,0.0954096305171897)
(0.1883111784778868,0.4314093970810152,0.3836051724805422)
(0.23404970194795688,0.8112335102705173,-0.013017777612577568)
(0.18045029800085516,0.7040505516178646,0.09803750267121444)
(0.2159496777949178,0.47444322401435374,0.29526520469827217)
(0.35165125446776674,0.5116904690481207,0.1908943530083198)
(0.29391812543650564,0.8648071719766915,-0.11896559197414915)
(0.17917543459544172,0.5419311366202721,0.2620697174821294)
(0.22126836058055158,0.940027165194212,-0.1474207749149336)
(0.110456138736698,0.9176968247629944,-0.0646286904938144)
(0.24196382654340617,1.0377022938062666,-0.23049392237929145)
(0.3442136496316175,0.6000551956093878,0.10381878551672218)
(0.3290884613311984,0.5556901499435881,0.13030191623287088)
(0.1376806233689688,0.886081747418327,-0.061400418324853386)
(0.15511155055776715,1.037111137598416,-0.2372697828324869)
(0.15707118279291093,0.4286479449251459,0.4085968120061308)
(0.2624815217283374,1.0341577427762494,-0.2641972400793456)
(0.20405084595610518,0.6768252284942684,0.11967764854276486)
(0.24706865497688577,1.125291445634819,-0.3304413753693499)
(0.2629871512124152,0.355154888847592,0.3695549237598082)
(0.21423192086790985,0.5969722128883963,0.2141149119004213)
(0.2208254948219348,0.7583912910737752,0.07129561039144665)
(0.06868953743655595,0.9041413782935505,0.005929294113943716)
(0.26134969984497053,0.6202229810513559,0.1258938708681994)
(0.2288569960639323,0.3257335170306047,0.45529651353230066)
(0.29649587732472865,0.21648962585211273,0.5089466333418068)
(0.1907157022338041,0.7585516363378486,0.10777705196876496)
(0.1691148306290082,0.6030819940174512,0.20883628032530005)
(0.3381083810695639,0.6211576427889275,0.05057695166258352)
(0.2031539054521151,0.5533202274946254,0.2636092863624407)
(0.17579649105590842,0.6861632871439711,0.11202913117680048)
