(0.23420489439143363,0.33218564980612036,0.46173830935058185)
(0.18489077654811356,0.818747554161809,-0.03611268137807967)
(0.13618689555395938,0.4899557781090051,0.38644159452117816)
(0.2160764702843125,0.7423118940024672,0.018319955570203578)
(0.17653400987910758,0.42638413862143715,0.37128169692585544)
(0.22476896304875046,0.29629384609020476,0.45259948022497415)
(0.15841607473235453,0.2022522913857143,0.6316733485959806)
(0.22218028907818635,0.3203296590899669,0.4768973146012623)
(0.2570977304212597,0.24623743716783517,0.530315918614141)
(0.1079734771414828,0.4694563804126496,0.4002982972723555)
(0.1976566582016351,0.5871475348797764,0.20643757769283758)
(0.30113073406990915,-0.03928447737936951,0.7244791049812904)
(0.21753934206043432,0.6851695861395405,0.10769497228758465)
(0.13973911449790719,0.844834468599838,-0.013193530235900416)
(0.1692928268514674,0.3339270143721248,0.46552999802951367)
(0.26208992116435753,0.36327430999136473,0.40817061320464504)
(0.20269609934290617,0.8128634338314741,-0.033532580053645754)
(0.1508321134228515,0.34466085691108517,0.5345940981373651)
(0.21247755501949384,0.5850157074343207,0.1744627449478833)
(0.17376504416973945,0.5736907668627155,0.23435058664558847)
(0.1524203373318543,0.7370012829606738,0.1205608442613179)
(0.26361630878418885,1.2457704042357056,-0.5024371140050587)
(0.12073215462325435,0.372094133843275,0.4377525596753126)
(0.17719643678738142,0.6600798834243148,0.16706304725739826)
(0.1918877744830913,1.0021618225631161,-0.19652416884889745)
(0.2700771370805971,0.9724056476958297,-0.23864968879837103)
(0.18244369261610743,0.43528703242401434,0.36497621194830465)
(0.06387279236789137,0.615099856376103,0.33605551564918806)
(0.10641242635451273,0.9543261003415927,-0.10520608760377616)
(0.1673734162782685,-0.029785384821534776,0.8529703681990856)
(0.12500641572938054,0.6874470308131405,0.21025773130140823)
(0.1588725618139744,0.7975973911402396,0.10317482134578283)
(0.15529855320066735,1.1880270850398844,-0.3173449632022618)
(0.03981496418893107,0.8534124358989578,0.04982137613406783)
(0.12207549688726334,0.3997856490079264,0.4301890320462248)
(0.13091080706359962,0.6729230826978382,0.20309183109316808)
(0.23490116101059647,0.5576373009425887,0.2163325752224182)
(0.2656516528424153,0.37878912283250044,0.3477571474479285)
(0.21206121185771049,0.6127523301067894,0.1825632645058478)
(0.240539601519421,0.9046863059307435,-0.09148361311505346)
(0.1843672547176018,1.0761974571408524,-0.25479818412807725)
(0.2531648443254018,1.110080090471049,-0.337896215710216)
(0.29467786116852557,0.05691641492053968,0.6669684074395075)
(0.13468144593409637,0.6658655193569339,0.18301843484544633)
(0.28852801356260366,0.8050044001813681,-0.04527330011631469)
(0.26985130185244094,0.384899311402415,0.3738331596596923)
(0.2334660650897843,0.8589883852736833,-0.1330291793101088)
(0.1812271119332045,1.0674845624401494,-0.2362361732481377)
(0.21358403055023756,0.3727203352998803,0.3625998738693635)
(0.1571636997994538,0.5244614557388164,0.3354380014410132)
(0.11670794567919007,0.37459317301114486,0.5626774272824769)
(0.20978193791517916,0.5619019615589534,0.23444111989558697)
(0.18400424930129577,0.6926280988285879,0.1492869937382127)
(0.15352556562152228,0.527016563301117,0.3129365887751997)
(0.1511364522128915,0.5023480817370903,0.3337037432973406)
(0.2502657143278832,0.41399759622153337,0.3410197020397112)
(0.18149069868604228,0.6796978494335758,0.16676828518288542)
(0.262976546237466,0.2591189671899344,0.5016064768484165)
(0.20788575267111029,0.597778471153782,0.19588708135952795)
(0.16867149521331912,0.7383985684489481,0.06442319363638097)
(0.29175441990366063,0.20220290345261838,0.5242435245707424)
(0.13759018153403127,1.2304969969832418,-0.2987844937668533)
(0.25554046591265045,0.7196049460520082,0.04432236760934013)
(0.11832983238293004,0.5257571460305537,0.38119480332132066)
(0.16847125437202348,0.8071689222003672,0.03086516423915788)
(0.17325925608386553,0.8988233891016013,-0.04394153353571891)
(0.23876187688436912,0.4112535870068096,0.40781007532098057)
(0.2056400042206771,0.23253400312003278,0.5534698868746751)
(0.17494001449332022,0.9255514322650643,-0.07831483887648746)
(0.16342371596910957,0.5720517069940241,0.2920667160586646)
(0.19265597357013908,0.3288081405063104,0.47593414066576767)
(0.1191345545725975,0.4560305638179101,0.39788697212081053)
(0.12138586945763025,0.9720496632079868,-0.13032658226222166)
(0.11890299495461303,0.3121857796821291,0.5412513702053314)
(0.25764954659939454,0.45351309322416355,0.31599705811926576)
(0.1619182630403916,0.5712176365221717,0.2649723994211226)
(0.3359499824802931,0.41802733266473124,0.26524770209551257)
(0.23974400582575806,0.18035498574228404,0.5520883561338847)
(0.153444699199977,0.5941027894577438,0.251476006069155)
(0.2165373451042902,0.5345636799497636,0.23274239348300754)
(0.205060979591135,0.8173269850189608,-0.053999790568568684)
(0.2055879302374547,0.3730531690057829,0.4320318447626662)
(0.13911150539400058,0.3857574730236518,0.45624875597953596)
(0.21408238127729673,0.1701563375953761,0.5655114713430156)
(0.16561866478802797,0.5426587910736785,0.24875759158351463)
(0.13417859164945886,0.501078775080256,0.3116195006987294)
(0.3144239325621375,1.4545176077891533,-0.7411017176880099)
(0.05799125897229141,0.650805174694334,0.23387934067357152)
(0.2294023485143725,0.463997848082076,0.3285987984405985)
(0.12562282569477487,0.7355352726122706,0.13511222279766175)
(0.1660310195498977,1.047394912717513,-0.2222099249052266)
(0.1522509631543515,0.6414961098246592,0.19562388001234102)
(0.13842393683062498,0.2881177554325781,0.5557605775221215)
(0.19945989437115733,0.31780353639264625,0.47897204699028295)
(0.16900302339015852,0.8117097153307689,0.014812626652253165)
(0.21727931976388443,0.6005655182159532,0.19489902735172834)
(0.1500088917722544,0.7284100397066261,0.06634739107519819)
(0.2163878114843996,0.4957396291065535,0.325151634194066)
(0.17681874252366375,0.6526299123129725,0.1743357334288246)
(0.15484532674995652,0.7263608110017574,0.07596467491836402)
(0.16134281232143954,0.5713512659500042,0.25993960890362144)
(0.17658850887835711,-0.004425997766453755,0.805461387106548)
(0.2233702857045474,0.25688336048415217,0.603693686426377)
(0.14648614690700817,0.49486241409136633,0.38648856144658517)
(0.21367341600213877,0.7418364733823762,0.02513421037788295)
(0.19406002148089188,0.07395078715092668,0.7464656359648738)
(0.23300436411251027,-0.00342536048079558,0.7605891201735725)
(0.15609208145985093,0.6171309864864365,0.2296184552208103)
(0.1436350734203444,0.8231269336176853,0.01980099387868161)
(0.2010936853605856,0.5502716741981166,0.2711664481686984)
(0.1479169225438863,0.602302887978676,0.20783295646115088)
(0.21869187662609035,0.6779764589410494,0.06858356058700489)
(0.21291685839742935,0.7284083005651165,0.056672484795011996)
(0.16774454482606657,0.585818379162171,0.27610531737265065)
(0.1105664182035778,1.0124943135462037,-0.19677571297313992)
(0.24774910611557413,0.7541330797209586,-0.02108340350241089)
(0.05775076128023848,0.29091689365785106,0.5288670117816834)
(0.15950310784218152,0.9195891640776871,-0.04296377297441529)
(0.232924108140682,0.8590508656956358,-0.06593268826538105)
(0.08678438192535154,0.7981908346744174,0.12530716400979663)
(0.18594229218101016,0.9053179368591445,-0.09542831883334794)
(0.18782499579699136,0.5817828594393674,0.284442931585085)
(0.1377882637215058,1.026475469764304,-0.15031659008164838)
(0.2189487755313715,0.8843936338983175,-0.11430998408012666)
(0.14746138882611817,0.21572736908900328,0.6132832246791641)
(0.19294472132131119,0.044593821840284105,0.7140924685499822)
(0.18294770133335814,0.15533726576340104,0.6501607225946386)
(0.2683644517743926,0.5370937621085435,0.16808858699413892)
(0.16777587911699096,0.26140578601193154,0.5690338473187491)
(0.15388733689121323,0.5332281125689545,0.29916651283382567)
(0.1317855648293911,0.11091473946046744,0.6811889123715507)
(0.2520166755481922,0.7049914723315287,-0.0026953889043377973)
(0.19149879590737937,0.858174981428436,-0.057986602294393355)
(0.2572514440731868,0.6668912832386025,0.10404047339583285)
(0.23898035047739302,-0.18175451953988958,0.9530319712674364)
(0.1809936501925935,0.39110744352783533,0.46124823967129636)
(0.10974049406656668,0.6869887180702328,0.17844225513250764)
(0.2832100388045815,0.8721793254322031,-0.135130391089263)
(0.12642212650476448,0.24607581503225529,0.6177837246050127)
(0.2614454990018068,0.3106302747404685,0.42038936269991023)
(0.15102153266556317,0.7976120872360296,0.03226468121250257)
(0.23251733616326326,0.36109435310848004,0.4089611923144216)
(0.15341378087597893,0.6134514351430941,0.19372245350679346)
(0.22410857412937354,0.6581151875683413,0.16773460359818854)
(0.1569376232959864,0.08023724748260656,0.7828117393493635)
(0.1021036859907367,0.8407233007841038,0.028081045967179953)
(0.2036409315904217,0.5199669365681819,0.29863120053275366)
(0.2442904120558793,0.5325038823757217,0.27011157406398884)
(0.20437525442248056,0.9152573826863732,-0.08391878469583326)
(0.27643594626022394,0.7318882915496959,0.00473077249006141)
(0.1888136358301783,0.7726262402227944,0.04062567889836698)
(0.2338600470580723,0.5507102965259076,0.23241617921574093)
(0.20302838767250647,0.4454153046599971,0.35919448480271315)
(0.2496113311188909,0.638087113679841,0.17602369496436618)
(0.11741001854427682,0.5650998018325373,0.28469542449726815)
(0.3106772977168013,0.3900698151771924,0.2763987263697496)
(0.2954389210027796,0.38451048668465065,0.3510738526859958)
(0.23681560541081376,0.7326784748381612,0.08268155413229597)
(0.199351431770859,0.7474107795981555,0.061604960315843796)
(0.22702009119772773,0.31592646121497425,0.4435106463606277)
(0.1614655963856259,0.6122393360630297,0.21315824931691182)
(0.21516162542438955,0.45921073040251814,0.3128593843263948)
(0.18504416652247072,0.7709492208817171,0.0561346044074554)
(0.21910193995868746,0.9695500447994913,-0.15635854365870377)
(0.20540428961023047,0.7598426266937457,0.04372339223541046)
(0.13829583746841223,0.5536613674589465,0.26516377851651407)
(0.16833773307281377,0.672265976437867,0.17399774424928963)
(0.17317770856874892,0.4267147684866319,0.42045693579904125)
(0.17141081110411927,0.36462816204371484,0.4423856769887675)
(0.24722464580748102,0.5697903295267903,0.22171251612022755)
(0.2140858874019493,0.9890356306710598,-0.17409545593622358)
(0.13363038610274178,0.3663478622438541,0.48606200667361443)
(0.20961821001362405,0.3150998257636867,0.47447494525987305)
(0.2697063261616482,0.19615909951625526,0.49173253544387563)
(0.2532257082163068,0.31748705486802936,0.4642781372338913)
(0.19758804694683432,0.7933902125201553,0.016512308157558078)
(0.145122537062792,0.6796335218602443,0.18869850270026553)
(0.1817013454826108,0.960200794232143,-0.15377320132971448)
(0.2332598148520351,0.8294886111338174,-0.03471570742572563)
(0.08915510025678923,0.31035304275664444,0.5647442225871752)
(0.17193554195022165,0.8062771378314543,0.02441694822379009)
(0.11047561620667966,0.5657391644818098,0.3040371493223599)
(0.20362523002131366,0.8002221075186695,0.041205421641234745)
(0.19471173352796198,0.5988445004230708,0.21864922992910937)
(0.1571722079382506,0.9488249748593848,-0.09390399829873684)
(0.11969926265954844,0.5235845280713161,0.3414016431283208)
(0.23313541090605958,0.566492577058163,0.20129028441970215)
(0.2416231173675363,0.41322157740501714,0.3559443196852822)
(0.28447865458974936,0.45446094471369,0.31282402088397315)
(0.10490659107542885,0.24832353836146914,0.6336365040389972)
(0.21242085394408736,0.4699674933393366,0.24239982894428422)
(0.1516163774324702,0.63150185186532,0.20347850775813356)
(0.1888428346954873,0.9701790289089992,-0.11625819276227624)
(0.07914565607245135,0.5516460579291734,0.3370779240379037)
(0.25576116078338773,0.685680858186872,0.10570356898648856)
(0.2778197902933682,0.703282781854936,0.0922143789942317)
(0.20714180829926318,0.717032248733029,0.09329258265845328)
(0.2294869130559769,0.5827603086984292,0.16537489843920028)
(0.17177512415550023,0.36510020617769645,0.4390020665940785)
(0.2125503351279841,0.14541004617358785,0.649800540663934)
(0.21702503243660673,0.4910253082077538,0.2987764356619836)
(0.21040588417444214,-0.10658644484220156,0.8709779894535653)
(0.20767343843979041,0.5141485008598882,0.23637893945805827)
(0.20870029302342122,0.8456448483351673,0.009576184900798637)
(0.18233557144142398,0.5297722935620621,0.3251689839549709)
(0.2649804971648074,0.5458399524687345,0.19928172672569622)
(0.12310003109088374,0.15956117268601164,0.7423956095820425)
(0.22217544540303555,0.09645715397868154,0.7129519681182012)
(0.18316769043823908,0.605292558753352,0.1450336015423364)
(0.19167406117454033,0.6229565695206478,0.1729563798537853)
(0.160552015842293,0.30538011437461016,0.5534525658139335)
(0.12090081872365072,0.6579861039863586,0.1832680934961122)
(0.11143031767238232,0.658660230107299,0.19966108207393213)
(0.2236524946455433,0.42016372249971273,0.3553694628566181)
(0.21318339096871847,0.8464713703091792,-0.05957464349665966)
(0.05891244011055181,0.2847400409922591,0.6503574610564196)
(0.2207512693222818,1.1775360750618182,-0.3443636092154582)
(0.08966303049581857,0.7495132464589459,0.13029192320388366)
(0.2876660038836452,0.36777115905222646,0.35959062068741404)
(0.17295631955461432,0.35347576070274794,0.4779522216535577)
(0.1920633115265898,0.5176588585267917,0.26915369176169357)
(0.1653329051170118,0.3315135706044727,0.4697888293542508)
(0.16810157731046724,0.21617196332682478,0.5737396142012717)
(0.11167476929870936,0.6930986464078549,0.15869090459708587)
(0.18253697601457433,1.1952539953728472,-0.38804603635408086)
(0.18773975996461065,1.018616679166896,-0.24401927993438666)
(0.21535683975321218,0.7121241033873928,0.08818667470917287)
(0.11405719702397273,0.3959907637854811,0.5049057945524538)
(0.08542945244941717,0.45993668903322593,0.4068987414651095)
(0.22555437325334798,0.3684312047204027,0.39142833564353585)
(0.20157460072478747,0.1685497088596233,0.5940710471171189)
(0.2306789176739562,0.6952735857235395,0.14629410758720526)
(0.04660280989571381,1.0805470649626923,-0.12881389327869983)
(0.23953298173497145,0.116645254248538,0.6396375395695547)
(0.23027427877869627,0.08169206868415692,0.7145451854568461)
(0.17800979927760005,0.3741794667939481,0.40254284246713995)
(0.1795789156617171,0.04589268766756267,0.7147869787035589)
(0.20847655695856065,1.1282857328605365,-0.3372037550683556)
(0.21919569946653078,0.7213429917527433,0.10483462549391011)
(0.1256746048201088,0.403948704624231,0.4655709549640025)
(0.18133889746123302,0.2864508724952861,0.5473653374954652)
(0.2265430729733664,0.5237387309693133,0.24155428863334955)
(0.14304736311357247,0.6033666357730516,0.2625525015614608)
(0.21587770294584216,0.5469914374862028,0.2056579166886288)
(0.19878283673448618,0.899261608738708,-0.06783550674267803)
(0.20693956161366803,0.7351058260759606,0.024739925155825255)
(0.2037441538364323,1.1322508920979908,-0.3392470374899577)
(0.13654909594824827,0.4692353616222059,0.38857703023178763)
(0.2325759763675362,0.9687001564969379,-0.1331252927825965)
(0.12669263298148942,0.621228595985105,0.2774893581314565)
(0.17445570984252828,0.27759366087930437,0.5670635737284926)
(0.1554490855575622,0.24472377421097388,0.5954653819752773)
(0.13575485437167106,0.6543429098445088,0.18512002559075175)
(0.0949506888563078,0.4784351569686957,0.3623332668357874)
(0.1996519959176657,0.12075992250374484,0.6380426538375604)
(0.2345352565778741,0.0976631961924164,0.6997781010541204)
(0.11513848697987825,0.27748294792350614,0.6117732830385775)
(0.12094057598546426,0.6892052540754595,0.15660299112944)
(0.1807512805468556,0.36549688962340515,0.45225775251946493)
(0.1378022178415311,0.43613648008321243,0.45062760195105844)
(0.23891036996339465,0.5243194746881589,0.2641427975926851)
(0.33306999754413347,0.496225748563776,0.23161368256764742)
(0.12771983461646375,1.071705785143404,-0.22790127130012672)
(0.17567863804660325,0.6886679265082309,0.15015836376032954)
(0.10933801056287937,0.7149819942889236,0.1318128183108068)
(0.16506725226377375,0.8896324722196494,-0.0680829373983775)
(0.12498580784817431,0.490968774610385,0.35772751506377)
(0.21652218070969884,0.6281323138169937,0.11441805016111418)
(0.21905457142425133,0.6918930329444469,0.12194751669418735)
(0.10537550906680003,0.2545179201890185,0.6643933274818461)
(0.1801662394553814,0.702373997874525,0.13188239870780483)
(0.15888493235953052,0.9698626284952131,-0.13897433702697148)
(0.1701062121352262,0.8096581679287768,0.01575112884316203)
(0.2110837112314201,0.5301722828056576,0.26903743030036165)
(0.21981053092701644,-0.08623157210942188,0.8813232898984984)
(0.21307387917351184,0.9596721778639234,-0.16531908602565834)
(0.16362283817899237,0.9417056491630854,-0.1080580352304068)
(0.15158054875554433,0.6733675116186372,0.15703464263293407)
(0.23960908046899868,0.6560665428776534,0.082316461070999)
(0.21484957589385495,0.5667330296613562,0.21050519578073812)
(0.24184686422230106,0.18944626685923388,0.5877975523695634)
(0.17787915287151912,0.37231077844616234,0.4183461886072852)
(0.22788209135709553,-0.02312615437617261,0.772752813825058)
(-0.02538623685225588,0.7343763933731744,0.21896014200589548)
(0.2138896900542101,0.3882413679280794,0.4056628870946217)
(0.14696657599349786,1.053246517744285,-0.20333427955790315)
(0.1661655222262718,0.622094658476036,0.2345977532599904)
(0.2625014551882878,0.48393064147654247,0.3040384590054689)
(0.06516321706531374,0.8444091121088341,0.08418302886623023)
(0.1546527235730353,0.46954931454938015,0.33678198125219766)
(0.24459044167423494,0.4714515363566973,0.31810756879619245)
(0.1992134209161848,0.8139961744526781,-0.013414851403404213)
(0.2847507727676342,0.3034789197557312,0.4517017409260187)
(0.22328539044917448,-0.026218836763105165,0.851867739403848)
(0.2133009788163504,0.09124364327382851,0.7346578073432771)
(0.22786290559385597,0.02508238978365242,0.7240480597713808)
(0.2820106140268085,0.5234098088681173,0.22283170237776054)
(0.2792541287959233,0.8869684332745543,-0.1765614988961894)
(0.16079011071744906,0.3706549421804741,0.47419826128579834)
(0.14696537147159364,0.03854797371109175,0.7578741098235248)
