(0.08715646833069234,0.07226591608659064)
(0.16658963863536902,0.16566241536199178)
(0.2545928215864376,0.2409480242583665)
(0.025116247571695772,0.022889568069642)
(0.14946485050042355,0.1452730913442193)
(0.1570508157523575,0.1485098486358988)
(0.27553162839007056,0.2583509213344424)
(0.7134393559173754,0.6957618996527754)
(0.07716353041223516,0.07418862720504409)
(0.0037650478256115354,0.0020594039581148475)
(0.020501882066391326,0.014885411461888107)
(0.2418950631280585,0.22748399088324345)
(0.21719277991863445,0.2092682478803798)
(0.5111990702523739,0.4781863638312202)
(0.08166876470530039,0.07660707451941676)
(1.4496264471491924,1.4123044676686856)
(0.004896948714426225,0.002824073342212703)
(0.04211694926985247,0.041614310845726005)
(0.6222500465453769,0.6045739775762733)
(0.43391345602296955,0.43682681143431196)
(1.7919246460543115,1.7869429242565016)
(0.004446925590935164,0.004589367960894095)
(0.3096532886200533,0.28697347910828913)
(0.3429523052696717,0.3249587950527075)
(0.026902389281228848,0.023583474866096108)
(0.934251258390098,0.897052681259452)
(0.425688003122812,0.3940209930744238)
(0.0014313628708388791,0.0020475483289078503)
(0.2804214801985395,0.2749927518194294)
(4.872745651910011,4.7423461347652225)
(1.0129766292303086,0.9710495992840759)
(0.025896519552476977,0.025034722996047108)
(6.000402555692531,5.879952761799378)
(0.2517667453634794,0.2394275790145198)
(2.2129382829362823,2.1561168785217446)
(1.1939569957423262,1.2082493658614561)
(0.31401323100925,0.2882994186130432)
(0.007456730282284156,0.0073457643063261305)
(0.055641148038216987,0.0498008563612294)
(0.4938116899009124,0.4729346615470619)
(0.1066785125581022,0.09814866059121664)
(0.06735459276471435,0.058367558398144316)
(0.7722076863374123,0.7349903144461865)
(1.8603951860095365,1.8508222793554665)
(0.05674861329194778,0.05279066627088703)
(1.3401336376262853,1.2986972300792066)
(0.7473698632122635,0.7417406725644602)
(0.0029160812079808106,0.0018489247979036505)
(0.18336218357024822,0.17336681088238867)
(0.14765587838536123,0.14694771592194242)
(0.7481239362998561,0.7324375252814281)
(0.024759564246513474,0.019429923852534267)
(0.009463003724207716,0.005303906228910285)
(0.22971021960947036,0.22739011675295262)
(0.3702987215908689,0.3388063816107133)
(0.7572436696815786,0.7637407771457172)
(0.30725681552909706,0.3011356186104157)
(4.8694138536405065,4.600381547100089)
(0.3597404836292599,0.3651922497840878)
(1.5665144688585184,1.5635044781676166)
(0.43013831612783626,0.4302975170814852)
(1.07027990237154,1.0339199396226826)
(0.16065237530096121,0.16098978029459646)
(0.00046743020290028985,0.0008681140739912682)
(0.7505301414518544,0.723218543683579)
(0.16473106486323735,0.15859479133553273)
(0.029037948241101535,0.024526540400837647)
(0.1812524988252114,0.1765505722352142)
(0.01282132655673435,0.008067485444319584)
(0.2705998263512406,0.27041394078186093)
(0.18019916562097324,0.17432689597486645)
(0.032892929195461364,0.029112780273728905)
(0.05975079817447432,0.05888620537738561)
(0.015666859792036202,0.015235923114977293)
(0.017234890125691363,0.015991255816035777)
(0.20862383899744116,0.1988899445333344)
(0.06939818959377504,0.06356513183908795)
(0.1301077511992554,0.12806039400763253)
(0.25592387944604855,0.24837905770857888)
(0.11205323308308317,0.11374838747129357)
(0.10958814558413817,0.10665665461477197)
(0.08867795629151709,0.08065189090612022)
(1.7634264113370868,1.7108708880173737)
(0.5535559535177379,0.5440272048887858)
(0.5890192994093263,0.56168405804127)
(0.03272266324009216,0.031611300254962754)
(0.4309031754064074,0.40093242543243324)
(0.009846527894189399,0.008030950992603241)
(0.006166795438333033,0.0068404734085152335)
(1.4603459497054834,1.3846067592485725)
(0.0002552635761025363,0.0006630536601168806)
(0.006162511638788812,0.005527626656612313)
(5.555942410346089,5.557960796555273)
(0.04904047175816314,0.04529399009403336)
(0.04754890351997348,0.04550327962739813)
(1.7358826605864588,1.7173221650773451)
(0.018408083890051014,0.013792028131991207)
(0.02751029039245987,0.02441651625027367)
(0.019030815706906467,0.016011988303897388)
(0.0557129664924107,0.05049559107141735)
(0.06323282114232534,0.05106435164858742)
(0.03614700315594481,0.03229122316182245)
(0.079251063783575,0.0704034076830447)
(0.3620254956445193,0.35589500862049295)
(0.04870456034919238,0.045686505225857536)
(0.05867867088377211,0.05982023180657011)
(0.005308357855539225,0.005664014139310228)
(0.13861539579590165,0.1314069247489372)
(0.7799712596712565,0.7495925203868518)
(0.058832107626576695,0.06104941693008702)
(0.023233901796752894,0.024908367370191215)
(0.0008216695131607119,0.0014133448848503303)
(0.6815317019899879,0.67057925801457)
(0.06350670797671784,0.04654649335831988)
(0.026892174211811733,0.02863161312935628)
(1.2433499683556446,1.2089789606334052)
(0.2352819027771592,0.2277398219142398)
(0.006356536600069758,0.006731676214507043)
(1.2681944361746933,1.2974836833171535)
(0.05483442519406869,0.052334026595695936)
(1.0560613569110278,1.0268408983675872)
(0.2546719664650018,0.25110132552896075)
(1.2406561408383825,1.2161071225705107)
(0.11037322619814736,0.10948524894866132)
(0.04614871544269858,0.04442692986503173)
(0.9918569174929791,0.905957437550974)
(1.556625545472344,1.5730197339453265)
(4.598778576089697,4.49314997571081)
(0.0827185002859683,0.06653086112646292)
(0.03328247177559236,0.03186891941034453)
(0.5292535045724038,0.5271172547634543)
(0.24529124585898032,0.23226237465390573)
(0.011309396965484254,0.007281441133939069)
(0.0013338563543142245,0.0013234520441701906)
(0.08208602692990033,0.08320549926998703)
(0.26396188029487505,0.26001786767907487)
(0.4435241671329359,0.4264320943149732)
(0.6804225175250922,0.6690565123480711)
(0.39384097406586277,0.3828039044425807)
(0.08952477920533045,0.04349259986538966)
(0.10063204148803837,0.10205181163224784)
(0.5540180540497678,0.5269623599067661)
(1.0627186852270025,1.0084069665233584)
(0.014828711769345788,0.013915208258768097)
(1.3978662088823315,1.3110990094600505)
(0.1761488206589739,0.17719545422595126)
(0.05942686934503158,0.05236996893918865)
(0.23598805255115576,0.22216726739228268)
(0.2880824394106841,0.2700928376291992)
(3.041075176616616,3.142848955995155)
(0.0006458910805672662,0.001195326307695002)
(0.16626813954971212,0.15941379378814885)
(0.004403339494929055,0.0049805986819439225)
(2.3023889913916413,2.2939033340373673)
(0.024525093295621424,0.024988938469986493)
(0.01618954125103973,0.014224372794844127)
(0.009104148836772198,0.0035805355816327213)
(0.002712021106482593,0.001974876388711181)
(1.9828425606109765,1.8717721543165664)
(1.176256500424727,1.1056742476662782)
(2.0210192135981315,1.9474497796439647)
(0.2882655770549307,0.2880442096655137)
(0.21187228375245892,0.20485800374706775)
(0.018473600000238885,0.014342997301630373)
(0.05336175062822526,0.05249082213666518)
(0.049994947154454454,0.045828354013333954)
(0.1547029152350918,0.15543438224357778)
(0.18955574270424355,0.17751447088879305)
(0.6101401310150412,0.623914343544731)
(0.20361387487287774,0.19826156895207614)
(0.41353653732192697,0.4053998853410338)
(2.235004109094634,2.1039072602474547)
(1.2138548379730898,1.153054732720245)
(0.016085207046777763,0.016240157366601653)
(0.7140730360066051,0.6935057971652151)
(0.018785925246335638,0.018961130441090983)
(0.48241329215573425,0.46034963285378483)
(0.002682327409839528,0.0030316421694614516)
(0.03156449445153639,0.030909209273072388)
(2.0219826765618056,2.0319144189032663)
(0.3605034317151911,0.342885597350207)
(0.01726457194855621,0.012564557040869048)
(0.002538397868088939,0.002803588616858069)
(0.19941331127835693,0.16902863728256048)
(0.35203827940278365,0.33575195219366727)
(2.7109397764710255,2.6434263050909723)
(1.7269404332320557,1.719497949883862)
(0.017916587858015684,0.018212894104100232)
(0.9084483710800912,0.8715302713508576)
(0.015633531555381146,0.010028679546273114)
(0.0015832767845820076,0.0017598560753210124)
(0.26422704130585367,0.2634080276343145)
(0.20372700660096116,0.20615110581379317)
(0.0176512529280323,0.016325064754210448)
(0.01882564071849618,0.01657351983213457)
(1.3415673763120677,1.3329832846454073)
(0.6460630157736508,0.6274146904823439)
(0.03398410274620674,0.0306676124571619)
(0.059178895711449846,0.048881749714532984)
(0.2338267427769626,0.2218624217876451)
(0.04480876647519164,0.04022134710624135)
(0.014004370813859827,0.014097311063352236)
(0.0732809053957921,0.06088440984747887)
(0.16241870473248865,0.15536331382933932)
(0.28800370128668723,0.27798470419806776)
(0.002676750299088863,0.0022558302642326222)
(0.1063503993512134,0.09850392092091623)
(0.003624270031680859,0.002378088616350339)
(0.1114577524800512,0.10068971566365682)
(0.04806306767408125,0.04087476006776057)
(0.10435471069917872,0.09572690865840924)
(0.16354251738344672,0.1538868997127714)
(1.133794611385184,1.0842432550032928)
(0.5078404599894606,0.5013892404504915)
(0.009424960263583092,0.007681522274375072)
(0.0670673952276944,0.0659157785713255)
(0.03239451066952826,0.017900692913033964)
(0.01570929536531179,0.009860061395880209)
(2.818458483798418,2.6041836151328863)
(0.13973025314479276,0.13017233151347107)
(0.1451322595984896,0.14452597090458177)
(0.19117926160203935,0.19340315192694735)
(0.016526825233859104,0.016087662275637075)
(5.395719573592951,5.175861640423796)
(4.070099478434522,4.065929732306775)
(0.1989396393293537,0.1861050569229022)
(0.01853813984725981,0.018010362285332697)
(0.4599074421784157,0.4291919386163104)
(0.5159636371028324,0.513063779344271)
(1.708302421697246,1.6106986040620859)
(0.21739579280203325,0.21236933792101442)
(0.1256532362569684,0.10569637033576372)
(0.8735100216201233,0.8417254051795886)
(5.174208087085265,4.910846415990293)
(1.6421583193179297,1.5614198423488859)
(0.14901244616388218,0.13375470058194264)
(0.6407824767519649,0.6305350197938409)
(0.2445616721313347,0.22458105707297965)
(0.2858771172982366,0.25218868604029643)
(0.09738657881764366,0.0735693753807754)
(0.1862017411082031,0.16283221856096664)
(0.004841139811934997,0.005036165219264802)
(0.061541356631180814,0.06052545980351787)
(0.19089023028413635,0.1855213165325542)
(0.5207730045994334,0.5097423687649022)
(4.909607375023861,4.942251822061093)
(0.03958985290942744,0.037239997587853645)
(3.234954974463052,3.047221842528339)
(0.013520633474931642,0.012415271095934512)
(0.10878686064516487,0.10861494205754192)
(0.018409195040601917,0.016334582414436284)
(0.006328854830381529,0.0072968236394860666)
(0.004709441557605028,0.00481974992969191)
(1.2038313079588487,1.1809060632548618)
(1.2573645004787473,1.2522935500449277)
(5.48112498373053,5.502492729412837)
(0.014051701064769282,0.010247391264828671)
(1.5847456607742443,1.5102653488365987)
(0.16383148284521917,0.1497159962500637)
(0.7881623680600771,0.7467374815017127)
(0.9433459770364715,0.8923705991430935)
(2.0667362638363542,1.9664423844881647)
(0.4768149522570209,0.40655460309837593)
(0.061010244368671945,0.031336040396283744)
(2.5852805592670367,2.5479740920957403)
(0.0640727962902424,0.05545678923171459)
(0.24344426329744956,0.23609674723615448)
(0.39750312911534913,0.3956845710330372)
(0.028028039399123947,0.028086983188248198)
(0.01833919018398627,0.016664554059852503)
(0.03660965263151404,0.02948478440661939)
(0.013661561526299684,0.01043664085797952)
(0.009382372048861942,0.004192032871965884)
(0.8165956980277177,0.807961186513917)
(1.9671370510494497,1.822582084103195)
(0.035072055418888,0.03508832024346967)
(0.281243191432944,0.27926011371959575)
(0.11941640869386397,0.11319121115988787)
(0.001379134280158158,0.0012335204571392697)
(0.02438365756214091,0.02364943429472029)
(0.4665210224180784,0.4445824556111472)
(0.28724499763880124,0.2719238857945574)
(0.0028019194897242164,0.0031345809058914305)
(3.6463533809550834,3.45949843140858)
(0.017558228403281622,0.00957836052550781)
(2.497261384870972,2.4131620546386623)
(0.00573186582619078,0.006076644718243548)
(0.002673448944393659,0.002218552461944061)
(0.09074690560854272,0.0915609652183515)
(0.25518820887428945,0.24685350427781927)
(0.8356342267473201,0.830361759983196)
(1.0581170213145328,1.0508563739826873)
(0.034791869923742766,0.020957263892725016)
(1.4248821793160393,1.3780721371795968)
(0.0820481009686411,0.08012838307718499)
(0.46582028678705156,0.45266081299204036)
(0.0014155736787901752,0.001968973813444136)
(0.0008303931461134356,0.0011869904831112443)
(0.33533709782687526,0.3212383985284074)
(0.06466748964821377,0.0672026032507439)
