(1.1418831332675656,1.0686772734455439)
(0.0030471453531899545,0.0016505581211533618)
(0.019536105478068538,0.019494124005519312)
(0.03736332475501636,0.028517664304768032)
(0.358870051925163,0.3200375369810093)
(0.010659845270465412,0.005512901430081373)
(1.755848394463352,1.6330617335534492)
(0.715256152805305,0.6829363347477376)
(0.26464131541445596,0.23930920101395767)
(0.43388419711368503,0.4101036677639094)
(0.38859372612502513,0.3533127479180479)
(0.3146415104634129,0.30054241720962316)
(0.36411875381925296,0.3494551966723888)
(1.0730469490950048,0.9845027266944398)
(0.012031124475787101,0.0063541747750233)
(0.014098658811728589,0.011764155852405313)
(0.46512379448334085,0.43345812232040587)
(1.0444297080631193,0.992120017800743)
(0.12154067169966074,0.10343189182266462)
(0.055931520412993645,0.05486377585995297)
(0.08339525738545912,0.07877377311469433)
(0.15099195686746225,0.13303064850176993)
(0.06150622558135556,0.0565676819568033)
(0.09484019753900555,0.0821363678721315)
(0.05081250080973691,0.04548026593750198)
(0.7089576151619292,0.6769541814064574)
(1.2005320391900511,1.1429276407758002)
(0.13174636519905472,0.1165363097479603)
(0.03462558218975549,0.03196898222490732)
(0.16978139739736867,0.16727803778209688)
(0.0015109709975485036,0.0019149725883200817)
(0.3921967453948687,0.37516723653740336)
(0.3637712044003043,0.33928248160135704)
(0.0017363514899690828,0.0018966852106166495)
(0.13422017247824164,0.10770194327781991)
(0.4627132409703094,0.4190521405123082)
(0.39312501879663286,0.3547527438025828)
(0.0021978751795800324,0.002176823530976025)
(0.007058998662243165,0.005289880355354718)
(0.1464200216916418,0.13207644294032625)
(0.21576483459085785,0.20845410208197954)
(0.08142884637523265,0.07277833241425812)
(0.12380465046244392,0.11608395996237215)
(0.3151764782183147,0.2894134935124205)
(0.014155615872488734,0.013492325066237602)
(0.05834501920535127,0.03618008122514043)
(0.5476894082659746,0.515517425629667)
(0.41388685155655824,0.36249388118666787)
(0.21322573552175508,0.18992644360338107)
(0.06179315717816224,0.05146560824692768)
(1.2403604454919854,1.2092578174906607)
(0.2594384757438227,0.21089621744869683)
(0.08190013824899936,0.06128991585764577)
(0.6225457522292257,0.5744406669490448)
(1.0381747637796577,0.9029017022747138)
(0.02120170820611816,0.019595799082646977)
(0.0012472262661034346,0.0017787116294762987)
(0.16312762959569452,0.14681267583105675)
(0.07512006505032721,0.06839832993642245)
(1.250546813130965,1.0597847300852539)
(0.005238823020321924,0.004474016924980986)
(0.027228935083473217,0.01976156872250771)
(0.44433136888382524,0.4193699600382631)
(0.33826513570443034,0.2933750853815484)
(1.427971289023167,1.3235780734994758)
(0.30710704282636986,0.2988875058379981)
(0.16781447052654158,0.15626436095380364)
(0.056980539779467994,0.054158130833955764)
(0.005994005494494961,0.005544192460114872)
(0.006665332228947754,0.0037426406984428988)
(0.08665293344451955,0.07995819763777168)
(0.6524512006740605,0.607005965313889)
(0.40559686490675845,0.37932275885157063)
(0.18601855497759287,0.1717752202811179)
(0.007316622163837792,0.004596771399389721)
(0.027902166942154347,0.017716839459231023)
(1.1347040537074666,1.0625705933500753)
(0.4845766374927637,0.46663167319563037)
(0.04071007730738956,0.03786363462092096)
(0.14824292288648055,0.144918462494534)
(0.19711121945901797,0.18552570617554276)
(0.13065098216019025,0.12896322053970774)
(0.04138744959774376,0.03950455201117275)
(0.02614924516567865,0.013819623082294907)
(2.909912161520004,2.91208829876242)
(0.2679198061055096,0.26059181545014193)
(0.9103213205000514,0.8304211471951491)
(0.23918260533294922,0.2332715185228946)
(0.9575058766408586,0.9006345393452582)
(0.08179931286730473,0.06752045282751384)
(0.009296237550455628,0.008324085035229209)
(0.0017268120526703612,0.00199257684049323)
(0.864739560811054,0.8092443511999351)
(0.010983833612402525,0.009588532813988155)
(0.07152764976251101,0.049050125745481996)
(0.5819151245004414,0.5073250718003252)
(0.24822991665012759,0.2412675350193047)
(0.0493776588774532,0.04704603952250239)
(2.9815040493923504,2.945489876963103)
(0.04033768772611636,0.03795912269708167)
(0.5748289655278834,0.5168641746132708)
(3.0698404609837633,2.8936199916893073)
(1.3041800104418706,1.1595245447651918)
(0.025309461902394144,0.024488695168969822)
(0.1311133089548891,0.12754568646215733)
(0.008496020344179993,0.00832948353552606)
(0.24404673714093927,0.21691687867144088)
(0.053485358927789356,0.0514519619059079)
(0.002952281100159764,0.001991503407242428)
(0.3431683609255176,0.3136851875817382)
(0.021386891752358483,0.0200672408978309)
(0.25779139042513344,0.25128677828589296)
(0.0021533133824002057,0.0024996667856968403)
(0.1936807037153045,0.18885409664968844)
(0.12663984513291052,0.11429018191462748)
(0.08659083175963887,0.08256392787246518)
(0.010197923448333004,0.010216256975275994)
(0.03489888500821434,0.034655857918214)
(0.050293354737327725,0.04438298935745546)
(0.1383703732446683,0.13684294893874596)
(0.001982219212639299,0.0023046723338690993)
(0.012538057877152217,0.012055224954904749)
(1.5470563655697582,1.469203124381765)
(0.005965933998602771,0.0043736838093349295)
(0.015069410307810052,0.008403952078317359)
(0.044660564587018635,0.024299547978063798)
(0.07674736730841061,0.07188081086186941)
(0.0023640921478189996,0.0023226717429747443)
(0.27695052994800345,0.2248901677004567)
(0.08320272670688177,0.07861080826806613)
(0.14233530892414092,0.13054738734599075)
(0.004761758653225363,0.003989276775670857)
(0.2850467953419618,0.2767935796720846)
(0.016611757791590943,0.012705087216369803)
(2.229225745833063,2.122824146332797)
(0.02544567356017074,0.019972836724202758)
(0.0013763406236517927,0.0017500046593991543)
(0.04091892029383504,0.03746923577740572)
(0.028122223210913466,0.02212415529692616)
(0.05906169583157982,0.05493921776911357)
(0.017419940555502035,0.014981458533327704)
(0.003741472471001094,0.003956218351830554)
(0.03538552067875307,0.03328803487321923)
(0.07849674488050883,0.07587241404465786)
(0.007631902201277911,0.0044820184516717616)
(0.08703253598158929,0.08126991966048618)
(2.6244384653307815,2.5860706075758793)
(0.01710949795792496,0.00877232393307596)
(0.1711726426523151,0.15626356438580158)
(0.4694614973245956,0.4103697147245044)
(0.5136594762550628,0.4839127988448097)
(0.26607812862733676,0.24753005137216696)
(0.21312537524556113,0.20660043830645328)
(0.042427605719728735,0.03933544461361578)
(0.005344321057194037,0.005641162340690407)
(0.7158451747102655,0.707734616078132)
(0.22172368846988166,0.19725413590778185)
(0.04093332112653764,0.03912844616980841)
(0.2712673729192331,0.25642669602732243)
(1.0349574182661738,1.0188973764092615)
(0.31365892205776413,0.2947661650712234)
(0.6764177651877054,0.6567397487632336)
(0.0014854432114615504,0.0016219627469893309)
(0.008601638163886068,0.008544153162512343)
(0.44182290090646537,0.4345561596356197)
(0.5414744665567609,0.49420455331884766)
(0.012773347354058542,0.011268654169708667)
(0.05401372941387602,0.03650572120423751)
(0.22536612581755128,0.22837982900690224)
(0.0769422228557245,0.073106125488382)
(0.011837861404348385,0.011812442900417162)
(0.16409202330634462,0.14935202113921872)
(1.279318668573822,1.1561600879382994)
(0.27808815177761464,0.26718691259017957)
(0.05858500731449178,0.05727322292678542)
(0.0752339086760404,0.05372523768380614)
(0.008596888724022743,0.006261128791715786)
(0.256294914143045,0.23844472218054852)
(0.0005251402381870063,0.001011136644542388)
(0.07924686487147568,0.07455597188024513)
(0.7880170061691947,0.7558947700255864)
(0.0003533993775589854,0.0010031871842916618)
(0.3108138084969548,0.2827658518901547)
(1.5688850369232858,1.4524525775300772)
(0.895872207690939,0.8276103497127028)
(0.5260075251101957,0.4830012906544831)
(0.00994669671113304,0.009034732293354584)
(0.32524803508986444,0.2844990664158161)
(0.10327090735121619,0.0978286906334614)
(0.23692675606956834,0.2321817422552468)
(0.3983520457996444,0.39548309326932174)
(0.02621384713430808,0.01592848078188944)
(0.04672201384341919,0.03624501147608159)
(0.13817275606675813,0.13182681474264032)
(0.015288557185255035,0.010424482860370411)
(1.0439024673242534,0.9640882058212359)
(0.09138750861211259,0.08185240561155885)
(0.0011050702100918084,0.0013523265178922875)
(0.5103452340080782,0.4924299443105427)
(0.17433149295629702,0.16770573747726314)
(0.5408574360138684,0.48974588916966316)
(0.5672441757837672,0.5242980670198467)
(0.07713668899237337,0.06962588050152106)
(0.06645931568429743,0.06060395934944611)
(0.00115283808084414,0.0014254164087390362)
(0.05637556745013987,0.032833572924625125)
(0.14935492878109163,0.1434438207639534)
(0.0409524789690132,0.039120911684447396)
(0.15207083683050884,0.14033006019148403)
(4.705673106707395,4.388260682475944)
(0.0014129489044969823,0.0015248112469591743)
(0.7020215447013297,0.6838857762728289)
(0.010023184616498742,0.009619598441005685)
(0.17239462626175342,0.17452719309804823)
(1.5754904464582784,1.4286706605183441)
(0.04199914778840827,0.037101809923010994)
(0.982120665663005,0.9471528944572536)
(0.027237197156339453,0.023779050717463557)
(0.0008385035524038796,0.0011314913859487965)
(0.08552224400899455,0.05945558543406921)
(0.035545988211802264,0.02635480650552519)
(0.037817800512259435,0.0339091454325456)
(0.03262223861699366,0.021439755164974424)
(0.010260227607494845,0.005947232878900635)
(0.018957228615989023,0.016988046244954768)
(0.03661333450499262,0.02905304204465858)
(0.35038121684839796,0.3191817668749738)
(0.004423549348316184,0.004356422182997097)
(0.14163289006691374,0.12148831853321514)
(0.004749779158894961,0.0024183123539964543)
(0.08771657444073207,0.08159120318841762)
(1.3186952115711577,1.297944761580434)
(0.046157642754800096,0.04236351584079644)
(0.7394552190647633,0.6947238070982562)
(0.23132413776135094,0.201943790684587)
(0.02939127288558074,0.022119131429466317)
(1.653729771467389,1.5991258704292168)
(0.5089056061304019,0.4518863541106268)
(0.04006273190463937,0.02304819424877726)
(0.003217512681038008,0.0028208922455608553)
(0.49454005712462107,0.49189622819854645)
(0.02375743806111749,0.020201418631201198)
(0.0007154461265830201,0.0011402582651114075)
(0.01217050963295968,0.011687640401733935)
(0.7055603966204084,0.6722945734179002)
(0.005639670907445449,0.006192440718775729)
(0.41454920595275313,0.38882320737851916)
(0.3589165300176598,0.3508976261284133)
(0.02347898625207041,0.016964444589733098)
(0.011753764744483065,0.006256588707553945)
(0.023775325328373897,0.02118717407591249)
(0.29052433128957744,0.28034653457660214)
(0.39841507705286255,0.36682466397515096)
(0.016051455203543508,0.016404810392059797)
(0.24681380223458407,0.2242275511852239)
(1.106693028275278,1.0683752471695318)
(0.2336877429932481,0.19523612041090144)
(0.03382464556139978,0.033385847841058865)
(4.204003556759278,3.8722414910011613)
(0.07109673759881323,0.06227437793259975)
(0.016940328570366172,0.016475387271374025)
(0.00291497827973591,0.003088841625379206)
(0.2888528039623599,0.2872942472744375)
(0.18808064056023463,0.17736098715381143)
(0.8898477397285883,0.8164283185922537)
(0.0018875154561895104,0.002119605231835165)
(0.17927066100306782,0.16947255709824327)
(0.1782823458456249,0.16350511270663992)
(0.5636023690733099,0.5373611888801384)
(0.024510087246938404,0.023070225113991115)
(1.3870795564947167,1.310872257481178)
(0.047201909569386545,0.03681025430350859)
(0.04522576198874161,0.04209865162205129)
(0.4635691064059618,0.43974568150539334)
(0.1711724740882556,0.1544536089367617)
(0.1227959192463692,0.09632544601657336)
(0.03811494634470366,0.031293882478294066)
(0.01098590513351211,0.004819238354028961)
(0.002471794920777675,0.002286770953369014)
(0.0024014995511927434,0.0022005501919596937)
(0.009371096316436553,0.00978097263262127)
(1.112671263397919,1.048642131802411)
(0.015042945188743629,0.00615903884636688)
(1.6811581940682048,1.5987951716168187)
(0.7608900871584474,0.7321240755180795)
(0.10343992731657675,0.10178967267342591)
(0.646555137844926,0.6499761291336708)
(0.038950087530964295,0.03861643781436063)
(0.9810589537855232,0.9631820875065701)
(0.02065542043022712,0.019855332182296168)
(0.6093764270486519,0.5744363949857266)
(1.203842601924446,1.1377226652319106)
(0.21066000686141179,0.19839663853126213)
(0.18417256208009677,0.16700592399568162)
(0.951756073128549,0.9278546250551879)
(2.4649797421325674,2.3202570006145797)
(0.40860894532044295,0.38226119871552233)
(0.21843687923863012,0.20144010662339784)
(0.040479348871364465,0.028670789895343978)
(0.15315299127755616,0.14356394973912845)
