(0.01123921644644659,0.010215292903797973)
(0.013748786493383179,0.012091159529354061)
(0.010786137183603094,0.009966250407051626)
(0.0118578550924876,0.010519133591717888)
(0.01327474242445563,0.011675279092118535)
(0.011530645502303415,0.010485685212223202)
(0.013126909246061053,0.0116189609411449)
(0.012536375024058067,0.011160570264082573)
(0.015374339567364573,0.013178850767846511)
(0.013043479010511751,0.011558144662274927)
(0.014178871135870935,0.012436377277154525)
(0.011981638472917295,0.010693396227214123)
(0.012347040824947902,0.011243685602000699)
(0.01320607798071605,0.011756334495280367)
(0.01090497034655805,0.009760439148156963)
(0.011906633319874228,0.010700872242598667)
(0.011447816495758021,0.0103445619208852)
(0.01257071735152932,0.011187411889193683)
(0.012579454009881143,0.010967110190071213)
(0.013374789445811127,0.011773024574965313)
(0.013939853969527611,0.012246630247611918)
(0.012301276366952186,0.010988847134918375)
(0.012599156129793941,0.011061234947669786)
(0.010993720873351319,0.009964174128717135)
(0.010935163538066194,0.010091805874752746)
(0.016412601276109468,0.0143458023067075)
(0.01143702196862477,0.010334694655574867)
(0.011726155940497756,0.010655751288658519)
(0.01224770826562859,0.010889011641314646)
(0.013776992638371375,0.012317852359897179)
(0.012382201215728146,0.011071843696407669)
(0.011899208601656098,0.010772747122731081)
(0.013313867758399777,0.011796064875809689)
(0.011240975191764037,0.010162104329968082)
(0.012365397395956249,0.011127301247061063)
(0.012062503891839677,0.010667983665700273)
(0.013570125661763332,0.01183204512697233)
(0.013883132717404253,0.012350685874293388)
(0.013884299953412504,0.012200793051292864)
(0.010871984250213575,0.01011479875490794)
(0.0140489170436828,0.012279494579097017)
(0.012663618159935304,0.011187207187953407)
(0.01286843502422664,0.01132145022857729)
(0.012573267660687427,0.01115918292846866)
(0.013412264252936663,0.011912148501988113)
(0.012229653779237296,0.010937061402586164)
(0.012096650385875742,0.010918910013936628)
(0.012534586753516652,0.01111200335689804)
(0.01377829157035676,0.012071505652985171)
(0.014021963470115183,0.012318288185664094)
(0.013057048127307977,0.01153268102289134)
(0.012334902509076144,0.011211756227681759)
(0.014248704011701491,0.012672981442461637)
(0.011946571780673071,0.010570973183974871)
(0.012670567268964374,0.011182963858165295)
(0.01327714814093567,0.011722548141425022)
(0.010495995685865457,0.009398698854552523)
(0.011866433660582496,0.010621943565134335)
(0.01266729883762029,0.011383963972271254)
(0.013242930648829435,0.01169906326444497)
(0.011657330547093395,0.010575769587401756)
(0.012535268045151017,0.011164276176906202)
(0.01307444726589707,0.011511005958581812)
(0.014245246156304724,0.012670480625201149)
(0.012552612857981127,0.011172822260526507)
(0.012045846642313417,0.010727950271073095)
(0.013720731982897545,0.012000964003005541)
(0.010395330039816757,0.009695797916184216)
(0.01172512067589248,0.010555681843642969)
(0.012056515544971207,0.01071777979265289)
(0.012053633491520787,0.010736628344130231)
(0.014818233286069543,0.013088358971455763)
(0.013535877233138673,0.011907125162706773)
(0.013604248267499664,0.011994272203243348)
(0.012354976322974968,0.010876915330618015)
(0.013429818013391421,0.01200460511436268)
(0.011385587486346854,0.010213649172011698)
(0.012762344503029108,0.011344264711482555)
(0.01201730425526837,0.010545239212122068)
(0.012142059824941554,0.011109095238534398)
(0.010822367393365343,0.00984448563135967)
(0.013059608026387146,0.011903448977662677)
(0.012391663178796168,0.01108481913410307)
(0.012630737176068411,0.011322261594549955)
(0.012273744788612964,0.010852424416733498)
(0.011885453147421596,0.010810373049078751)
(0.011429876571734741,0.010364710874571586)
(0.011413314632404454,0.01051717315215295)
(0.013986559026960258,0.012369398777899585)
(0.011196304132519472,0.010116652710108573)
(0.0124349820895934,0.011001934736643256)
(0.014548984540845501,0.012985412298099387)
(0.01405758793101327,0.012345478993795051)
(0.012531122640444536,0.011111492415340466)
(0.015891251024732836,0.01404094418395833)
(0.012671826457165329,0.011129316933855762)
(0.012135082213561455,0.01099258792337932)
(0.012833493854653048,0.011466555447374311)
(0.012885028234687871,0.011442222412363399)
(0.012096858327793081,0.010835108262576111)
(0.011548525493095001,0.010354867566353669)
(0.013465210732277669,0.01201571111928998)
(0.012853821015316205,0.011667724717228892)
(0.01443708116370502,0.012416065399536179)
(0.013857177169938308,0.012142215909041213)
(0.014133555430536876,0.012197806749070799)
(0.012213512068311543,0.010825007664611284)
(0.013039650329718188,0.01157157538357474)
(0.01394052438659352,0.012284124009642239)
(0.012032808866390122,0.010813968323203154)
(0.011466428308239582,0.010451743046870474)
(0.013244438768645077,0.011768155205075018)
(0.01221998299930624,0.011131717526702457)
(0.014350566558162305,0.012702906473425314)
(0.012341788262565791,0.011120675769662282)
(0.012034852142778878,0.010719999926841568)
(0.012767979279217079,0.01116830613993522)
(0.01336084523839223,0.011802450058676056)
(0.013297832265211553,0.011821105634932631)
(0.013205122770700416,0.011564689868404948)
(0.01122728603285711,0.010221059248408052)
(0.012973651379500465,0.011559942416168107)
(0.012625226651762798,0.01112216615131482)
(0.01275054000157917,0.011477183998220706)
(0.011944946545672557,0.0106552286681518)
(0.012344048693124518,0.0111155725235186)
(0.012082907465108322,0.01064428810956268)
(0.015308973254153986,0.013342811737761272)
(0.011603492031394921,0.010276093405652989)
(0.012008854554508355,0.010534601282341969)
(0.012785838716236057,0.011409361738116615)
(0.014155602812501365,0.012429843104354264)
(0.012373370089963,0.010979279196018965)
(0.01267495537553608,0.01123177638804513)
(0.012012015585983417,0.010898062161888364)
(0.013055119647855726,0.011682724785707083)
(0.01429165273537939,0.012440722915049648)
(0.011310882204580722,0.01036911049007848)
(0.01117497413486402,0.010069816394959834)
(0.012487411980158968,0.011057028215931524)
(0.014203508381124875,0.012675933847454893)
(0.012084121003180976,0.010700680900006343)
(0.011279906253428531,0.010272217337915744)
(0.014972548855548587,0.013235018131244553)
(0.012989276176506203,0.011536180167714951)
(0.013552177711739099,0.012148737174724145)
(0.011545518035740611,0.010556691147148495)
(0.01256481295191491,0.01147030344857031)
(0.013319185638165596,0.011700009990274764)
(0.012976089119420959,0.01171937354047216)
(0.013509579717037656,0.01180507369082387)
(0.012337037450212055,0.010794282290580857)
(0.012787349392954504,0.011254263081564601)
(0.012991604952338368,0.011608002500384374)
(0.013525994024341247,0.012116960211537622)
(0.01111068452924309,0.010334524738086062)
(0.01419869577339963,0.012473918181549965)
(0.013105813243917193,0.011451660098396039)
(0.011898274133358528,0.010755152331565583)
(0.012282932191636264,0.010763213365844208)
(0.013562830510588323,0.012137733848272292)
(0.012891061392625879,0.011315563437663292)
(0.013798262266397021,0.01208406491974595)
(0.013191390346766285,0.0114588315820238)
(0.0121475847529394,0.011015626817336775)
(0.011998530894541736,0.010780653867077196)
(0.012564183902999114,0.011109248455056314)
(0.012721781877593158,0.011241419902793467)
(0.012939103486460666,0.011593067704802403)
(0.01242723508998173,0.01100438412826736)
(0.011492029388520002,0.010381409299730185)
(0.012763414831174593,0.011261380098299521)
(0.01372275241458763,0.012245277036548617)
(0.01294522370845911,0.011443713153768333)
(0.013936319378649751,0.012183079150972597)
(0.012112644375674511,0.010805901684905249)
(0.012487856752037287,0.011117259314577408)
(0.013282123301667762,0.01184966342719189)
(0.012388246708636991,0.011175524332004102)
(0.012437884486433768,0.011172321985782684)
(0.013291895980140769,0.01160636272907266)
(0.012685887505591706,0.01110741720881296)
(0.013019846060757725,0.011732205527791209)
(0.012212859142404178,0.010896135648795623)
(0.011444605764107657,0.010453229017054949)
(0.012623205522351766,0.011212967423905098)
(0.01215438458755174,0.010822637522247484)
(0.012464219102657676,0.01113444951967629)
(0.013184818956105454,0.01168775645411259)
(0.012515536063414852,0.011135461671160331)
(0.0115628996931005,0.010328102859265177)
(0.01199713335426435,0.010936161658648852)
(0.011423058117864928,0.010388713537920874)
(0.012092979097018232,0.010732288050285225)
(0.013532555208371818,0.012025564175945386)
(0.013916504699923,0.012108569770971354)
(0.011880433631834884,0.010610244163664873)
(0.011979015587804934,0.010848257754614983)
(0.014529450332686237,0.012604273576781119)
(0.011151374463023155,0.010013464048061305)
(0.012516948477171688,0.01120198874503762)
(0.012069017998971672,0.01099188233514949)
(0.011944292655326202,0.010646755879749442)
(0.012104875054452463,0.010664824337190567)
(0.012408505502134359,0.01121462206760456)
(0.011964255397783874,0.010720934472019505)
(0.014279004464418588,0.012474417291093326)
(0.013233655815694162,0.01173002776959919)
(0.01249487915187004,0.011138631462158745)
(0.01357779249618717,0.012143306350168541)
(0.013445148478461873,0.011952717992693434)
(0.012212965286987312,0.010915683212799832)
(0.012308604568939828,0.011161434833967008)
(0.010476338309888353,0.009586284148383742)
(0.015093400369092886,0.013189626871652935)
(0.013301029763701792,0.011801493024642095)
(0.013969595012475858,0.012297264918414423)
(0.013968124781964835,0.012336623378773256)
(0.011876990731188903,0.010699909257083494)
(0.013371709256487039,0.011888147169535465)
(0.012519525013208773,0.01101488756941104)
(0.012989934379221886,0.011520929417833859)
(0.011520776117889604,0.010285634237349699)
(0.012131430000395405,0.011045477620057172)
(0.014293414146427735,0.012513915491862376)
(0.011625174099240783,0.010500769773340034)
(0.011118986249882598,0.010173650181978538)
(0.010569680659636248,0.009701886930269426)
(0.012106841761367015,0.010795483402595318)
(0.012678644892745599,0.011096157436250677)
(0.011857428039004948,0.01067526300044467)
(0.012397118867228277,0.011101999132683829)
(0.013947770767982103,0.012291231658749497)
(0.013859698814906124,0.012018829141837176)
(0.01334197884699888,0.011722751824408986)
(0.013825643248843042,0.012123422041104465)
(0.012008616017461317,0.010625067798855076)
(0.0121724011962372,0.010804909479623327)
(0.012006134712107512,0.010865965660719592)
(0.011623601547113728,0.01058549133265196)
(0.01282536740315424,0.01147221586072573)
(0.012570214993947318,0.01123248053202324)
(0.0120609243275825,0.01088163017343321)
(0.011654766624303191,0.010265909291901033)
(0.012761627790442242,0.011469292626081965)
(0.01325120868816131,0.011644183112947303)
(0.012723328689997981,0.011488586369050154)
(0.01298626200139458,0.01189162187859326)
(0.01398502523482122,0.012250802734528011)
(0.013591773421287189,0.01211188914214178)
(0.013296374066115257,0.01187491186583741)
(0.01231192743311552,0.010927866019868712)
(0.01316482542556896,0.011549109406773676)
(0.013495247887822158,0.011747647231160627)
(0.012228837352270743,0.010822189636218294)
(0.01112774336522514,0.010175975175094273)
(0.012496275499902296,0.011052204332011581)
(0.013763412142243553,0.012133893453276675)
(0.011967427249341819,0.010640750322846683)
(0.01245509902268893,0.011008725246992647)
(0.014829289284609642,0.013061947685847562)
(0.01247080455713926,0.011016318463799945)
(0.011634101780815647,0.010438236940245788)
(0.0132363752481002,0.011647065471990532)
(0.012217593777496358,0.01103048845921629)
(0.012333808025643727,0.011150827750671667)
(0.011952057868194858,0.011088836755964145)
(0.01300054738317537,0.011449911424724206)
(0.012267255452232947,0.010960865690120803)
(0.011050421056098022,0.010157782509746978)
(0.013078575965702903,0.011642208805824427)
(0.01143867818134884,0.010356965073592713)
(0.012352913906256102,0.011050533807725691)
(0.01077662030969931,0.009784974680876192)
(0.012581427366291231,0.011197940029672594)
(0.011831706860855327,0.010795411588906284)
(0.011060204135902177,0.009870904112961943)
(0.013088133597982585,0.011788042443962012)
(0.013470480860944191,0.012056418373781495)
(0.012114242682840434,0.010966169259249006)
(0.012825632566070111,0.011388599294633447)
(0.011481949024855321,0.01039809286608983)
(0.013208516520221139,0.011593122637378503)
(0.01456252812170854,0.012757176321098965)
(0.011850888161617766,0.010809205176941662)
(0.013238511304289375,0.011847391029726664)
(0.012609734227035933,0.011159115625729197)
(0.012943212195794153,0.011263188918781974)
(0.01265075114637967,0.011340172238504524)
(0.013393578663992494,0.011930203997631398)
(0.013045672290313214,0.01174123284407298)
(0.011537365659230235,0.010185650282489817)
(0.011291290166262987,0.010170379380172618)
(0.012062988244900433,0.010775250968091283)
(0.011579113293457467,0.010438479760229413)
(0.01547617144770149,0.013662721733484004)
(0.011308891708639591,0.010184954781321595)
(0.011637346880365612,0.010666047374123879)
(0.012297161737203266,0.010932707392846512)
(0.013061757217517192,0.011515074573214521)
