(2.191814986421355,2.050424280752249)
(0.15908552912337767,0.15096589362824045)
(1.1202081698692412,0.9924177539701794)
(0.33904475247665383,0.32358083887291494)
(0.41097864432863757,0.39042012585146907)
(0.07663254040185528,0.05917031826430183)
(0.25938330090550527,0.24784833001210435)
(0.1584317912956951,0.09437269394057153)
(0.2260479292091746,0.21217021145044926)
(0.09289434827672471,0.08621213580447526)
(0.0963009439515721,0.09259990924603077)
(0.7196325793065007,0.6789776542734542)
(0.0743009045947641,0.06490280880397019)
(0.0436118618229137,0.034873096856350136)
(0.03660708659669087,0.031099861597123572)
(0.1933159872722297,0.1665926974389205)
(0.037300884802222954,0.032292926733287125)
(0.21745442148736743,0.19360107576906907)
(0.15480582291721978,0.14796129180624687)
(0.12171978597801851,0.10287266284126872)
(0.004712358660049382,0.005910668485967018)
(1.1806017006551772,1.0947034606376291)
(0.027168575694615216,0.025718793358022917)
(0.05809935561864766,0.056451833320813286)
(0.7480210972650252,0.703680601578492)
(0.42049591077239956,0.37745110101961565)
(0.0020159218115434,0.0028734332089796026)
(1.157186540209874,0.9851925615145372)
(0.22923973426644395,0.20802733116833225)
(1.7087657054455292,1.6658427753751999)
(0.25745991741071117,0.2151965923005573)
(2.0502016959699443,1.8894555708592362)
(0.005747842035623438,0.006290737823323015)
(0.37370918685272797,0.32444614522196374)
(0.17835579206130361,0.16968718077264047)
(0.15972190374534337,0.14166738510822344)
(0.3076819820573167,0.17194982584503993)
(0.01036806931666984,0.007838960846112828)
(0.09602843595506143,0.06379460229644658)
(0.3737391944166536,0.3437322749918212)
(2.082172649106529,1.9325397686923145)
(0.0020821807790858513,0.003132439908210985)
(0.48887660326972554,0.44613650846286423)
(0.735927371193038,0.6802613708304651)
(1.0002851308115157,0.878910669103094)
(0.16635065879113267,0.15135496139907892)
(0.6335934776694071,0.6112541029311025)
(0.051284747367428406,0.030820644002951272)
(0.8120828163843968,0.7873671340971509)
(0.023658710298225045,0.021562479556410014)
(0.012624198263320887,0.009283130518067693)
(0.6462926238594672,0.604054427484016)
(0.14044166069374475,0.13115184166575986)
(0.034673985563665057,0.03284247023982247)
(0.026734761113174372,0.023520908464626622)
(0.2264834454454002,0.21733608948193398)
(0.6146176021362386,0.5789913201848744)
(0.5587296641611311,0.5013904802760861)
(0.026943903015021094,0.01794718285905417)
(0.17070332582279493,0.13888872072762962)
(0.012760791196933657,0.011230613792429065)
(0.04034236307714122,0.03591333661690683)
(0.5384821467067523,0.5125550053528185)
(0.28898410986485423,0.2620677691186422)
(0.28484176878899087,0.2337457166897399)
(1.7186654503599192,1.6398381384533312)
(0.2469582404712893,0.22092137299035408)
(1.9865579138913212,1.861243955427287)
(0.008069996853608968,0.003993878523153305)
(0.2807228761651393,0.25006141072734683)
(1.0530211510003926,0.9236078490055619)
(0.05730643026735914,0.04805228390972657)
(0.15809315801168258,0.14909973088103837)
(0.3228104679039114,0.3100853336139682)
(0.12761133082223564,0.11400735707925713)
(0.36729529151754003,0.2816626435554086)
(0.04003924569327134,0.02795617511816651)
(0.5977476290828456,0.5385165349378559)
(0.8600792666993219,0.7703021977913665)
(0.04612990324936227,0.04405734080822964)
(0.0892213046699336,0.05370524642088865)
(0.00602353551174954,0.0033085313419896033)
(0.2949476056232293,0.2756150824596348)
(0.5572712938731298,0.51351336286678)
(0.11633508125987693,0.11256244213051374)
(0.4065240676220454,0.38567742613217587)
(0.013552399933198962,0.013500335295857466)
(0.030474586047395367,0.028125178065207753)
(0.2909474592292178,0.22928890231941518)
(0.07395020471405828,0.07175379904671851)
(0.5379027867636842,0.5263925628081839)
(0.1703677375723782,0.16549761006004668)
(3.905564846224727,3.608987934644175)
(0.004002229517967574,0.0050749360664205075)
(0.9604247266100352,0.8717482733273956)
(0.05822513221772285,0.046298144736162575)
(0.02222456703030705,0.02044001271309715)
(0.38138985868488556,0.31531806070846424)
(0.059909797872290387,0.04640947562559834)
(0.34373648368000354,0.2858506595878226)
(0.09733585950258176,0.08916377575863793)
(0.1649854559799273,0.1574755613983921)
(0.052274980948251525,0.03726872476972695)
(0.46673499533609,0.44744329000624455)
(0.2923166804813415,0.26196174495837915)
(0.0006832992082314844,0.0021263411002950742)
(0.008455340964793454,0.005808921006881183)
(0.027807316306704948,0.017839924604973065)
(0.04469101719394854,0.042331274775547566)
(0.7344547970926754,0.7013029800951486)
(0.050566408357588265,0.04266131226488664)
(0.06528142935539548,0.055996128100694854)
(0.061068994032207655,0.04756679653497576)
(0.3900322900961586,0.3638834408020731)
(1.1825301489268563,1.1133535443410751)
(0.012008676872680802,0.012593942941032566)
(0.03236173797168014,0.02615283854940101)
(0.0026938933381219746,0.0034104575340528484)
(0.03527018894424586,0.02095028294440111)
(0.21777044395783218,0.15891713829182394)
(0.11045298005158234,0.08415905998479907)
(0.15391911447268666,0.13598553075075048)
(0.0450793765643315,0.03639590737702111)
(0.16158897581761372,0.15306517717989304)
(0.21989545348590622,0.17284104473984022)
(0.26506875019068743,0.23878805233142747)
(0.019488597163663905,0.017227008243992543)
(0.030094301295164806,0.027079890629604652)
(0.3884892312672302,0.34986396877331194)
(0.11280919822161661,0.1031089318946447)
(0.09246926757344912,0.07770841378670224)
(0.48549145596604926,0.43278501949354264)
(0.05371174749275978,0.04422769973358454)
(0.021263443361226837,0.019790583751808737)
(0.45857994143958974,0.4394156746202109)
(0.0016716122102946693,0.0028222694161464637)
(0.2437621802879764,0.22046033689799993)
(0.5633251345460332,0.47509609291731664)
(0.02801343942914219,0.015812966113713252)
(0.12457216720516341,0.11601347212201674)
(0.00390259452716594,0.0032837310801896247)
(0.3653033104701091,0.35100955124450584)
(0.022010743349278872,0.019091491113494733)
(0.01342082597472793,0.011238748182113735)
(0.058327446712038634,0.0530377417155573)
(0.029396465806294528,0.025876486735760068)
(0.3285778943996681,0.29062564081367515)
(0.0054927163795563255,0.005955398270535388)
(0.012879977724181053,0.009973074406012907)
(0.01141219352745552,0.009655784983486435)
(0.04105729905605738,0.03015774253706393)
(0.11593563507173887,0.09384658696551927)
(0.11391961518521795,0.09556325916966474)
(0.0207123983212849,0.013421469664463743)
(0.4219171229296197,0.40437814240860886)
(1.6074410858143824,1.5038786470312382)
(0.1279062277479828,0.08488335380401527)
(0.12918893304644744,0.1235008512939158)
(0.06650979691449893,0.04108978058962836)
(0.20104443686491857,0.19142156862464804)
(0.9872048340445864,0.9308904745001136)
(0.018651093564322135,0.01587721851145639)
(0.0028253799156418413,0.0032978205447473565)
(0.38077297393099074,0.35098387638554496)
(0.2712959312112663,0.24334770431671068)
(0.05427373949045972,0.0532679544647425)
(0.014740836822392411,0.010657305097187087)
(0.20376352875094927,0.18880056630870276)
(0.47126214403691247,0.44853094134620064)
(0.4381330098709934,0.41997174232576784)
(3.5497411105695766,3.338481604770289)
(0.002444159079306523,0.003508027598669164)
(0.01195962478499655,0.010701498351683804)
(0.16621873304753107,0.14279208781805247)
(0.13758759956048208,0.12831611748455113)
(0.05211690954993941,0.04245833990787809)
(0.11930377816400187,0.06875774447795767)
(0.013237846443761126,0.00958105898923263)
(1.0547056298384379,0.9628874422019463)
(2.0112052870646275,1.8592618309113684)
(0.14112698634567256,0.13485028415874492)
(0.015995385506574016,0.015655195730949898)
(0.4547005487952854,0.443646780196888)
(0.03775193645698441,0.020620142920408778)
(0.23237664288581047,0.2183338182333624)
(0.22209136308710425,0.21467975181736107)
(0.12193388282585098,0.11318046498393836)
(0.0029370071718545746,0.0033466254537630777)
(0.14005577474572753,0.09260443511646443)
(0.5354728906739841,0.48712754626211485)
(0.01904302484070915,0.013367669572816909)
(0.4643363311500453,0.45005021441418597)
(0.2135854091688573,0.19763479242899867)
(0.29764886823352577,0.2539412178153864)
(0.1346357126782572,0.12381634315773668)
(0.25949035914651675,0.22246021542152497)
(1.97184020551858,1.8174277105680208)
(0.3976958346732226,0.34304217659002556)
(0.05913448779789914,0.056392777880012956)
(0.6807586813585563,0.6228702720688574)
(1.4182044981575574,1.3077052527814896)
(0.00559015727867937,0.0025238441562180393)
(0.3631391474442607,0.34172253599352825)
(0.1376333104741522,0.11457650659663776)
(0.0947968307858134,0.08137309397218034)
(0.008463549300578025,0.007059650190126849)
(0.07630930519514029,0.07192958505074647)
(0.18411846554980557,0.17079560642499045)
(0.0013600123998575814,0.0024111170115845805)
(0.03941520902834486,0.030976329207896645)
(0.0016021047137102296,0.0026453964121890485)
(0.5291974703157311,0.3973346309358971)
(1.618305137426941,1.4347427574019531)
(0.1418775368009068,0.12778720069180813)
(0.010849259679632718,0.007893934476059666)
(0.013726275687122765,0.011535143939629814)
(0.06794497822538445,0.060794050795960605)
(0.1326525278700378,0.12232069046320188)
(0.01751298161701234,0.015213108444521907)
(2.4354460471618746,2.204883287466785)
(0.003969157087214633,0.003143187072411368)
(0.06065097502400556,0.03529878470992921)
(0.28357511585577466,0.2660590595506557)
(0.07239142659135057,0.06828534823404156)
(0.02829867517052373,0.027486169649570784)
(0.1968251509527936,0.16781404245151899)
(0.004362173424227176,0.004422645035389226)
(1.3881938052115281,1.3335714522942486)
(0.3306513188549523,0.31267393062732046)
(0.11885639720811275,0.09141374036273361)
(0.3715760073384942,0.3384429056533094)
(0.014127658424374405,0.010991040734248779)
(0.03579905368872629,0.02430861931282478)
(0.028802456190320697,0.022247551228836888)
(0.13555284038229964,0.11739601685692558)
(0.2687049707323634,0.24459337691425384)
(0.970260990192156,0.8879133632261863)
(0.004611676095425412,0.0044805169629313244)
(0.079821980189533,0.06847088922522875)
(0.31288875348995704,0.27298571071089334)
(3.1499818261264467,2.901537377116743)
(0.024124120108750938,0.022727918733985594)
(0.6863168461544961,0.6455048743228906)
(0.18561421938682518,0.15021938709961152)
(0.026201258056983097,0.01977076605922858)
(0.07589121082131346,0.057777815504244594)
(1.1091198048623279,1.0483699608269852)
(0.001322618722885012,0.002459912602226933)
(0.00385106656208596,0.004869642430011634)
(0.11811994880020048,0.10014672317789057)
(0.13775206327146905,0.11955061172035421)
(0.029562536306114114,0.02076909563659855)
(0.05979037844604074,0.05336251079221064)
(0.054443465909892276,0.05323069742350541)
(0.301850333779686,0.276404188764947)
(0.07792492552028099,0.06326378497547996)
(0.0032082196795702803,0.004454021152735365)
(0.0973483013595418,0.06377341089229047)
(0.06789551217546376,0.04569718610912262)
(0.015048647326892593,0.014021719697747596)
(0.08110246068831994,0.054491803001163255)
(0.007627548006615883,0.008050916811578608)
(0.0371247207028854,0.02839004082199798)
(0.02594434600862772,0.01582960922797507)
(0.046141556807639726,0.04526340896338881)
(0.07359390088162877,0.06059770827397648)
(0.004477471278007325,0.005141908194083803)
(0.021226903098559645,0.01686423363880156)
(0.05344600380007411,0.053617241394420624)
(0.1859982368470576,0.1643196230378931)
(0.05389189615630173,0.04891648240542891)
(0.010681453999553133,0.011317569537513821)
(0.5936513271539882,0.561157609094097)
(0.3829536538365125,0.31398133984682414)
(0.003228879198907336,0.004813718395646773)
(0.7631788825661235,0.7029502586454316)
(0.6281536708746487,0.5775005450585529)
(0.36813126658644446,0.36044388022007806)
(0.08301288508961181,0.07556829912910751)
(2.911869061340014,2.5982471318429208)
(1.1448153119589595,1.0837421833359429)
(0.24052794035423486,0.21414134867535223)
(0.19817380181294725,0.1857627518286581)
(0.419131173994532,0.38213235040623206)
(0.1968622579159164,0.18226280354560517)
(0.3637777524411765,0.33368094885728106)
(0.140606529204011,0.12227041256913761)
(1.1669985563418444,1.093584236128743)
(0.18105586178934885,0.17210525173213098)
(0.019656840956511667,0.020232480771779318)
(0.5704761794644054,0.5248510134758447)
(0.13315646830480274,0.1138109290015296)
(0.43787668361007603,0.39568254195899993)
(0.0023816123669205946,0.003258938939685656)
(0.00424043111660907,0.0025469029289144404)
(0.0013072359638787528,0.0025860065720397724)
(0.07699979998352002,0.06477542192692824)
(0.2644993470613754,0.22414926881880262)
(0.9221786947054788,0.8295890372522401)
(0.49284832668499823,0.4463052655377715)
