(0.19350705252678593,0.8005234315327233,0.021362286220067122)
(0.28878008825713647,1.0216336892272375,-0.27854935368660244)
(0.19348493217740545,0.6403236126289507,0.12184314948939955)
(0.23575365757528183,0.5121528818107945,0.28937807735718885)
(0.22642240194390387,0.8978151459975521,-0.10719590544611868)
(0.16362953729384738,0.6063176619886381,0.24735196641035423)
(0.15058601021921106,0.5486389036847933,0.2690351497831888)
(0.20343079697916197,0.48999317001768133,0.3020118686563948)
(0.2598763616441489,0.9702128510689788,-0.19569513853240142)
(0.16269132299648145,0.6050400455323082,0.23321266754290104)
(0.16712240092971378,0.4385290219561971,0.4000563430920408)
(0.21167553694429458,0.5110407281397131,0.2954489956675178)
(0.23367262961288082,0.4424117115750055,0.3352340417267012)
(0.16946320300366088,0.8510749892892973,-0.06642821516320155)
(0.2758145745011065,0.5080462093868132,0.2811203516814868)
(0.18855506538195052,0.9564123862827862,-0.08907999558906284)
(0.20162289627817406,0.4379078646488243,0.3571122366998903)
(0.26429238547358674,0.6084020912921221,0.16205546431867338)
(0.16859446125624314,1.0844754790854443,-0.2666073680730134)
(0.21343217749179189,0.8296903947486512,-0.061374489003527544)
(0.2367544394543257,0.32913518593450763,0.43017721121288766)
(0.10984865735947216,0.9820535754829,-0.10467575339197029)
(0.17709637482070767,0.7633611077732324,0.06251227451607096)
(0.17754376664038368,0.8795154431955757,-0.04828614105812403)
(0.24387642776772078,0.934070486844255,-0.13515755008322664)
(0.1067744008553799,0.9655013963328833,-0.07611791047165577)
(0.16258404839532525,0.17063700264542342,0.6840835577305812)
(0.13214965413977342,0.6524851416607577,0.16957731650255567)
(0.13380978355331383,0.47792750736113243,0.37666621631106223)
(0.1343732149262793,0.6808326951606872,0.08822383747436942)
(0.18395564445621765,0.9934279016537865,-0.1918621628737401)
(0.17893852715398312,0.8346517443368932,-0.02393115343879739)
(0.10055392392038,0.6477633269677271,0.19273947353900883)
(0.2418559499763153,1.0755884670277067,-0.31760274531788946)
(0.19830483378819055,0.8158465703183265,0.019919378041438403)
(0.18975023124852683,0.7897980557016765,0.02358132835675174)
(0.19800900954928047,1.1235317289644355,-0.3169275684205362)
(0.26657985862906647,0.9682078725300634,-0.25798304337245986)
(0.19654518234634177,0.23998946066664656,0.5384777910295365)
(0.13687923205684877,0.972461630825491,-0.11707111371069927)
(0.2598525787886534,0.3019075442667404,0.4178168493702324)
(0.20658353341565977,0.4324460188442251,0.38571841899440645)
(0.29126851237933565,0.7389430804981119,0.028594297761911233)
(0.18132516767179807,1.0788379431162933,-0.23796696128454378)
(0.20336329872697576,0.8529578335302718,-0.08371467329652149)
(0.19840855863510756,0.5806772017049393,0.24537028762621976)
(0.18899184901710958,0.9937611713711677,-0.17969551759434269)
(0.2104297996454682,0.9882132270782057,-0.1834621661844618)
(0.1723460081114841,0.602274778020642,0.21111894150684876)
(0.19209678903036206,0.8544792495460909,-0.05590482038340759)
(0.15381141922431846,1.0278974989056322,-0.15941357456781913)
(0.21352480628477088,0.4916833324801835,0.31793781841061486)
(0.23601171452650613,0.750821048862528,0.04534836631256646)
(0.2619408743797827,0.6977762908917811,0.02161657265585787)
(0.19060290291897544,1.0942815771794363,-0.28642763769103335)
(0.3370866302289304,0.39870880472008885,0.29117674038623803)
(0.2427445383498136,0.9498733512637187,-0.17169043686733648)
(0.16565959878136588,0.7037368543226483,0.0923024325669489)
(0.19228531630135412,0.7197565987621093,0.07269834598352012)
(0.12947850314575318,0.6795431904025495,0.1333277846229243)
(0.15343130804423916,1.090499254872764,-0.25424337480140285)
(0.2826622468000531,1.0970096329776353,-0.3265342794061254)
(0.10920296333791002,1.1421029829284486,-0.28090485376020924)
(0.29517755949304497,0.8647857334768996,-0.10388033905521776)
(0.1829168893655592,0.27624866122629715,0.5385809684651012)
(0.18223134800469423,0.4846372079338844,0.29033831109316327)
(0.18407375812249419,0.6777913106143064,0.19078305007298937)
(0.12051443672325615,0.6748930319327857,0.2402188842456827)
(0.247272163379949,1.0804833628130661,-0.31780134609059474)
(0.2235106389693855,0.5684829930395721,0.24148846772644747)
(0.24900199570151793,0.4521939440199092,0.30924128480603397)
(0.20534057914650813,0.548344863948722,0.22074637339670863)
(0.2324252955256768,0.42996270359171024,0.3485156944740555)
(0.17141499814433467,0.48625991471378127,0.3208537069694701)
(0.23710742836055732,0.5837569818306608,0.19638240645943553)
(0.24171595370556564,1.0653049871219415,-0.28666613002437696)
(0.12248085599079668,0.7794986777013768,0.0904882709874025)
(0.10451170949076688,0.5577305731648655,0.3304126121965333)
(0.12381621197175362,0.3349227929730651,0.5395798355465379)
(0.11390870206168371,0.5477293114447611,0.31530452508665824)
(0.19992640060110106,0.5596049396119659,0.2410952279353318)
(0.17026268464882438,1.2098782489436088,-0.3902428288763513)
(0.21722008079947816,0.5266088395369612,0.23737127757802254)
(0.14245897690244183,0.9122258419569395,-0.04701548573473551)
(0.1721578446733117,0.6730830697763083,0.1836839391375456)
(0.301850396743817,0.5397156331297425,0.19414458650716088)
(0.20272232838693477,0.4421210415057936,0.3416802205578941)
(0.21023134655371337,0.46343574799268944,0.3282851404601802)
(0.2007556844761799,0.8665650650806144,-0.07437366902062152)
(0.27608513750757124,0.8902265662303509,-0.16216401893786725)
(0.24053127989254475,0.6757078020977294,0.047987082613437905)
(0.1603524569531426,0.27822553298317265,0.5202342870747627)
(0.3084213629040157,0.4504948763789579,0.2648052034672058)
(0.24557814684644536,0.8794737795538099,-0.093021804139605)
(0.25604586496994647,0.12670180649785223,0.6416094768970382)
(0.1145532197336824,0.6409329444634408,0.21127682148452878)
(0.1695069474532602,0.7717936334318131,0.03332052570394063)
(0.23276173391467886,0.8299327335626894,-0.08132741872850732)
(0.21627685924524587,0.5563913458053366,0.2196478717068161)
(0.20753579242458742,0.8441603570958042,-0.03297084554657896)
(0.2918902723191271,0.7686646901414728,-0.046919923727885934)
(0.2311238986611383,0.48584700610207177,0.27532145144450076)
(0.24112514071134722,0.5843158149892722,0.22895087900684258)
(0.20659747937667103,0.8075267635346236,0.018242315884766443)
(0.14552460245728052,0.6275974109614139,0.2624785558663591)
(0.26766835575154346,1.2093327141652588,-0.4013631560048851)
(0.17858734957033895,0.6586604772500381,0.15066126959976403)
(0.1486490395369248,0.9031354482573294,-0.09304581232951174)
(0.1930737968019896,1.1245919112044294,-0.3247362325942134)
(0.1658217774082715,1.162576729392212,-0.34094606721621756)
(0.21040640349337328,0.4672309487879763,0.28009891399282605)
(0.19022051310717036,0.6453220474740863,0.20935028061926722)
(0.2005287067337734,0.6024869818966379,0.1879004118017862)
(0.23275989475061143,0.6188840742321987,0.15922670709218395)
(0.2488959773664089,0.7843047692995985,-0.01976059303957258)
(0.23391757947449068,0.8435422750336755,-0.1037687090509317)
(0.2700021020287298,0.9665384910835504,-0.1944769548747371)
(0.17491518817293525,0.8318379747604739,-0.001160499818983011)
(0.14112761148463526,0.5658126051023225,0.2403486468744193)
(0.21320395895670066,1.297934365982766,-0.5095679419629833)
(0.2674939707815948,0.5649536160733465,0.2184785654813759)
(0.20483748100498422,0.4704991010916388,0.3325574868964558)
(0.2460176678709553,1.018215349739283,-0.2051696930915239)
(0.16458134437038155,0.5163239573674178,0.26972777905000417)
(0.2099799835204467,0.40712492577557724,0.38688891767352207)
(0.2838325564333008,0.4680712973699004,0.28497264864434313)
(0.14679724723121626,0.8740010842365878,0.0075734445237489)
(0.2041776341266658,0.8637890074169973,-0.010613420188311115)
(0.16140441662669433,0.42978494487456115,0.39671075384049065)
(0.11931459402445778,1.1103790455470364,-0.26041828188944294)
(0.216146475135694,0.47434770498940887,0.31631087400721103)
(0.2222642411621647,0.8437284824268702,-0.024635461952954376)
(0.24827877726417366,0.865201246159358,-0.060300781017204715)
(0.2300457009298021,0.8422698672725578,-0.08716521326566136)
(0.2499213399420037,1.1126402377300186,-0.3325191192689301)
(0.09812573232136733,0.8139620124842245,0.07903872364364302)
(0.3062419176799629,0.022471075863874007,0.7513178281489)
(0.19218840507537702,0.8121124923649329,-0.032228949668348925)
(0.15587250892113308,0.6419843196529702,0.17048562971332745)
(0.16277025926799127,0.5770700707184246,0.21986846382421577)
(0.14840527561981154,0.8623792360964864,-0.03693139916482747)
(0.22455073020306968,0.4186984049457593,0.30413905491103893)
(0.19458023975684954,0.7703404274787152,0.062081287427580574)
(0.1617519860283555,0.9351648146619529,-0.0568292947829263)
(0.1288678663859333,0.747286055957711,0.0948199194726877)
(0.20691182360750834,0.747314532113204,0.044365635396072634)
(0.13003947657582562,0.5082295350754363,0.33349979040710986)
(0.15112363728596376,0.6341384542589542,0.23941827870855034)
(0.2168167358289352,0.7503117269649954,-0.010343981416720237)
(0.06621484683209575,0.511884217973487,0.37631986798978406)
(0.16921915152077352,0.8583382793522931,-0.054846910723485624)
(0.22271979392265537,0.6664050929114586,0.09136783479767106)
(0.1453296041846327,0.25712560791708006,0.5386946174782249)
(0.30794742565371824,0.5666913962577306,0.19686194755810282)
(0.2736550643929208,0.698732442566437,0.06858214623446533)
(0.21618018226994373,0.5532600381316882,0.23238582460377347)
(0.22244316052072458,0.9907652638672794,-0.16881510880395115)
(0.19137763690761442,0.7584380343297126,0.06459048677572689)
(0.1470134085924934,0.9841019079905775,-0.14917248956635848)
(0.26722159227700343,0.5261127431586908,0.22000603741441865)
(0.3049290399589523,0.7040644329599203,-0.0009847313353748798)
(0.10389145197493725,1.3493945852123337,-0.41545910401683483)
(0.19124311757748863,1.0370724884626852,-0.20560244322201104)
(0.18319661907170529,0.5856727563797876,0.2176191540489955)
(0.17487309647145707,0.7969310821568277,0.0031926475971175536)
(0.2129549807555148,0.5241247554656078,0.26202842827637735)
(0.21942342207009208,0.6199182089387362,0.1999634651861788)
(0.16231620378187367,0.7192213384153835,0.11949865260233279)
(0.25604385013491276,0.37947468401020956,0.3901700147237419)
(0.2396140308767029,0.6309345212132813,0.17306733772597463)
(0.16162954770533391,0.6477893417499204,0.19419391763787391)
(0.22453466608875844,0.5382530479067144,0.25139218161090415)
(0.1971685994150593,0.8812451015972639,-0.14275169569620555)
(0.16971356823800382,0.810826086567845,-0.0037559785895265978)
(0.15458527659123858,0.94985537289513,-0.09509388921680943)
(0.28672402667819324,0.5036564894029153,0.21069193225811833)
(0.19064737482226932,0.37116098613422566,0.41950664612655564)
(0.20890301488807936,1.3288774628922329,-0.5309904206275315)
(0.29589605324370133,0.6240844043864746,0.09473752598156483)
(0.22090582027091593,0.8045532150993984,0.01955364081696277)
(0.26427322581586543,0.7177679602452567,0.03548351698360567)
(0.2576309922860431,0.6125735977915449,0.16522231324252248)
(0.15857358390728218,1.4020396277130551,-0.5071845864475526)
(0.17745983844424,0.8578165464167906,-0.017050011583051392)
(0.15336171526033865,0.5320762300425914,0.32418924757412376)
(0.22744584329402276,0.7810138733364789,0.02641747196375065)
(0.26518034687807707,0.6827232364581233,0.020491151641439494)
(0.14823317401590502,0.7514506330527325,0.07307257944435347)
(0.2513597775003691,0.5772979361379541,0.197871638314926)
(0.22924245088276834,0.8974845330655752,-0.13060415272293624)
(0.1951242898846669,1.1065228515842187,-0.2947090803706122)
(0.1524018311328802,0.8523906453220886,-0.04189461790148876)
(0.183988058371237,0.6102594784568608,0.22396459424613088)
(0.17868407786123897,0.5776896326259693,0.24641954564349666)
(0.16679082111938123,0.6946347386787155,0.1563601538401558)
(0.14144405705918067,0.7426610787929683,0.10051345131775859)
(0.14406068761944807,0.9974749453401479,-0.1953182253955886)
(0.14296186728889587,0.7639829647991577,0.08565838087338508)
(0.10771095004034428,0.2008741829052517,0.6695654226461285)
(0.23457908469234084,0.8720330687034288,-0.07208389641172919)
(0.15537103871861893,1.000012275442665,-0.1390046780007159)
(0.23710235000215094,0.7164913180884486,0.05923268641333832)
(0.22101155376946116,0.8305565271071137,-0.0706459795459905)
(0.21623519443280548,0.6950256515997645,0.11640724899418893)
(0.10734182872733694,1.050645643118106,-0.20336507971652704)
(0.14244238350519087,0.532919423825933,0.2958251376716359)
(0.17592256731115644,0.41548825913803084,0.3785888764290822)
(0.3469218737902595,0.5002038376345402,0.22100413702455157)
(0.1429430985769415,0.8763533162018667,-0.05992382664809977)
(0.17700177997284694,0.9277217295119478,-0.11542496673861596)
(0.166380144161786,0.7505215996915723,0.05620614962143931)
(0.1369021726579196,-0.013635513729549078,0.8014516227781077)
(0.2106540635157074,0.6827245678374915,0.09450056269387329)
(0.168768070680224,0.22162406442616242,0.602129681337984)
(0.19618663190251376,0.8329732769817875,-0.012948786273127538)
(0.22477545135716162,0.6286962541066364,0.14889927107759998)
(0.15807066303168935,0.8403279846678581,0.041365926346447104)
(0.15719841174033006,0.9343628758148848,-0.0579405123256713)
(0.23447593388394186,0.9790144547912345,-0.216627954742204)
(0.25498628739302254,0.5044130307478897,0.22081797665425343)
(0.15429991936797885,0.813061177381342,0.008177085696325921)
(0.15648365232220895,0.9068502971101208,-0.03414302799774774)
(0.229075805280228,0.7690730307498453,-0.002799499430413195)
(0.21351226206195692,0.4506806663733051,0.28772102395681526)
(0.17866432831996712,0.4079382207050197,0.4070061499110939)
(0.14663675320369451,0.5584014057931191,0.2731159864776947)
(0.20777988046659374,0.7791316170174266,0.04569729399614786)
(0.22513703923515707,0.35300933471246393,0.4068642142818507)
(0.21939371079475273,0.28788718982288186,0.4850327034715958)
(0.21499332419323536,1.4577938755034843,-0.6420882989857863)
(0.17164544317169253,0.9347497039370959,-0.13062111288269138)
(0.1621597090371386,0.4613736936062932,0.3850070611154047)
(0.18740913409026755,0.9066022075479905,-0.06544224327875482)
(0.3113879569402101,0.1622595451930735,0.6086409997385266)
(0.24393971579994272,0.5584725155645298,0.2367971474498151)
(0.17697453258829243,0.4732536422283685,0.3584122182459149)
(0.25385445620320923,0.7014559464488926,0.09038805961251749)
(0.23891491641202112,0.3334577806867222,0.4455714810225966)
(0.17053677024046962,0.617917072505247,0.21890340459213656)
(0.18319507101895635,0.6766574387557092,0.14534269502098932)
(0.2103324453470196,0.8006998295881386,-0.0054676611661926946)
(0.2701038672890931,0.7473686153328779,0.01382828510313682)
(0.24367441067854528,0.42617785768783184,0.3150418072493915)
(0.1127982754736688,0.7977555662236617,0.03909375514320923)
(0.2510436979204538,0.7222633109715095,0.055951889940064316)
(0.13372318391388893,0.8501087257193783,0.014750156171972253)
(0.21190803663263194,0.9976216787823607,-0.2126520112293159)
(0.27059280632242344,0.8490963681526105,-0.10967014588016759)
(0.1865490090811389,0.9076523356913875,-0.10386268870462863)
(0.16548926224623106,0.5015936985562022,0.3146165969102353)
(0.2646614281500027,0.4435974567161935,0.2760897605774938)
(0.144276715995708,0.6604395394800923,0.16416991767011435)
(0.2590278087081711,0.43068888379726045,0.3302357231628344)
(0.210282124294709,0.621278185861802,0.20634884519693145)
(0.15182136788627096,0.9179699741508586,-0.08522823137950376)
(0.1841124306085322,0.7330903245765228,0.12557385813678884)
(0.27322427978686376,1.0653248582073864,-0.3393568655365493)
(0.12310269919498451,1.031834987169238,-0.14675634829228168)
(0.18269792207666485,0.5929042237469888,0.17950118343096413)
(0.1750391043525395,0.8852732483071242,-0.07747727269233448)
(0.3789671827337094,0.6089281653241805,0.03237440576097615)
(0.2066285332940152,0.6515320840036669,0.1165261721084146)
(0.16967606856117867,0.8395378863012815,-0.011885380241879523)
(0.2256234769244949,0.8342902559847281,-0.026465264535904923)
(0.20428859502683405,0.41553695377408545,0.357892512693854)
(0.21802016397073273,0.49901521429159856,0.2884027450453917)
(0.12609346482388467,0.7681215090214172,0.09682235769828221)
(0.19262773206601946,0.5160051632540124,0.30165469736165723)
(0.2297050014711064,0.8035080792864333,0.009151792658758784)
(0.20733002851906798,0.7894359882747868,0.0003357701734733551)
(0.16145527869384624,0.955607506252456,-0.07892587647258183)
(0.26400370906835596,1.1556149838851464,-0.3817164820425922)
(0.2680511118498376,0.886358696763286,-0.13368845257737566)
(0.22828255477868903,0.7864660528273163,-0.006606768695432388)
(0.06410515188283307,0.6733591819168163,0.21303562728218195)
(0.23667337536079505,0.2035011209554207,0.5261044211616651)
(0.24635750394450792,0.6396806136163995,0.1271348894891525)
(0.2150582047287753,0.7070966316766775,0.10287340345700521)
(0.27156981217818754,0.8076828184867737,-0.08488564254722518)
(0.2165875377090349,0.5800591563777421,0.21184978915218244)
(0.21845796206485557,0.8265803027182884,-0.05469032678720632)
(0.18771937902225916,0.18983477712174426,0.5947169052777311)
(0.28604491682977484,0.47327982209383596,0.23561313509027343)
(0.31335724294330813,0.44584791503047994,0.24489710591184616)
(0.23321584927870154,0.3348226511734424,0.43447647695841846)
(0.1539168782748765,0.7015308025906504,0.16157943117847198)
(0.11135035935406866,0.719216482979993,0.1323467812007556)
(0.14101786023925653,0.7429170841842601,0.06190428360426823)
(0.17841483361507698,0.9693768733732455,-0.09776622242177375)
(0.2434726918927827,0.5174249343340409,0.24403440987823063)
(0.1617969705570722,0.5890597619404112,0.2685028987824812)
(0.25194649690545423,0.5142666364519011,0.2330567467900089)
(0.20933223319874422,0.506458326081975,0.29598784572610304)
(0.14812711857743657,1.1354210795447655,-0.23246077498190867)
(0.19517126579256333,0.737921540045368,0.11437018950425686)
(0.1709632571384213,1.0185917574566936,-0.188364274222626)
(0.1515486886027271,0.38714921527695206,0.44457586891270917)
(0.1659160106246796,0.797310982633069,0.03790422636820436)
(0.317093461998259,0.4566737048596222,0.2351643526705327)
(0.15220794016470654,0.16344017018678023,0.6554225435534626)
