(0.16868189027289437,0.6569189186370507,0.1637620707092895)
(0.21626820038700045,0.7791273754293097,0.011983256341006306)
(0.21256489589874764,0.510564269058546,0.26888167637720467)
(0.22373765703127246,0.5949312924914778,0.205078336600396)
(0.1878387884470393,0.8603008459137307,-0.0695861558682996)
(0.19901619300252746,0.5691344469111259,0.23692139817601818)
(0.18712505468721027,0.845013197285464,-0.018506320648647084)
(0.20462626748840573,0.7144078116847337,0.07739863825398835)
(0.20547950583203448,0.7460116078436146,0.043962687011401116)
(0.18947270228698945,0.7987015924177481,0.024705925596749282)
(0.19035690942473388,0.7711622353238652,0.01773566439064643)
(0.185528612681257,0.787876569338216,0.023803911610992746)
(0.17583071703497435,0.7543591087141231,0.052748059606311085)
(0.1893535699715867,0.6383199916615534,0.17207547749543237)
(0.18618293361958982,0.7580668348711477,0.06845026359514116)
(0.18605355307660743,0.708003727446978,0.0957587426131903)
(0.19320540636520653,0.8321074932442263,-0.022152841507273497)
(0.2387413230832858,0.5401773248175437,0.21681857244702057)
(0.1928329446198701,0.7791606155043045,0.02388357169802114)
(0.2214772298455976,0.8066952826179314,0.008428421876912975)
(0.17313054455754665,0.8898889680909574,-0.07497415003690965)
(0.1743731688813602,0.5683468082823483,0.23549731563623813)
(0.21539946139913518,0.6669002534767349,0.1353490334721834)
(0.21266627896885423,0.575317742322256,0.219396568767737)
(0.21775592466228713,0.8070110178206752,-0.04201846807575329)
(0.19317240708993882,0.6976091379351715,0.13370853043392836)
(0.23251593995453632,0.8789989659186929,-0.09419221342340044)
(0.20716342818032937,0.8012545366554463,0.011200026221853844)
(0.22047180927612886,0.7539236405185074,0.037262292269234665)
(0.1808587208259931,0.8515108969835307,-0.04241306573723395)
(0.19880851115468604,0.645805286529844,0.13403066832621205)
(0.20887174797027247,0.7251558074168784,0.07906594465997976)
(0.1928927264517421,0.6167313875983045,0.202121523682823)
(0.21932915161775643,0.822366324397445,-0.05481021788944468)
(0.17209045891059824,0.7999099093036461,0.012532538143999739)
(0.23481803933657142,0.7213884933780753,0.061166818263200466)
(0.22019298642602186,0.825585679224799,-0.033311389838814535)
(0.19839887364866055,0.6597283419611293,0.1585712754097337)
(0.20097452800417734,0.8497711961238507,-0.03797420312120936)
(0.1798894821583921,0.6093133829577799,0.17968176103086825)
(0.18101762177620878,0.620109631647617,0.18063674555114795)
(0.19692333211516344,0.49664385244226567,0.2985956192553192)
(0.21092959561584468,0.7921721200174769,-0.006981898903156078)
(0.21465906022142126,0.5864924009265222,0.20650158538568705)
(0.20375206957094374,0.5273401419608208,0.26354243881658945)
(0.20180181740109757,0.6951518576908574,0.10973296718065405)
(0.16685646493503015,0.8200058913250442,0.001887813055472439)
(0.23449910703916826,0.6641009396044165,0.1304724165745944)
(0.2143392105499856,0.6299989025299192,0.17556263939626204)
(0.20619248374179466,0.7220541340076586,0.0626817371640263)
(0.2123805704947823,0.6791612988336171,0.11423482086274822)
(0.19501053196800686,0.8564765761553892,-0.02559118143150365)
(0.19836135000668134,0.7455230607147023,0.06584279825457168)
(0.18046884327551016,0.8188382237795708,-0.007762096925591491)
(0.22437301186602737,0.903876621797761,-0.11349440071206601)
(0.22112894803113575,0.7352766942503979,0.060359362156067804)
(0.18775664167488354,0.7451349033679544,0.0669844880131506)
(0.19373652659052182,0.4783942660612535,0.3199803214849159)
(0.21129790643528448,0.6309898854563532,0.1771844258987204)
(0.16943951216852104,0.5616231102770226,0.2714671502928031)
(0.19064536998884066,0.6730833695778625,0.1413838017030638)
(0.224765773924182,0.48948460764266555,0.2973090598951463)
(0.21281477810217325,0.7035942709168121,0.09276193471202676)
(0.1954629338658686,0.5669721737103559,0.21569250366900664)
(0.21317849945353048,0.7180505482539048,0.0915243667900933)
(0.21910056088125923,0.6566751645880528,0.13210765564491345)
(0.20363663087696027,0.7632373489163256,0.05971108133799818)
(0.21936523406324854,0.7390225815062244,0.03978053661261213)
(0.20115205282149187,0.7067129261157271,0.05850297491675317)
(0.20889614230838804,0.8213804913202452,-0.020222389416686762)
(0.22504867058798972,0.5839951816883527,0.1991674946331271)
(0.16637428943634244,0.594582398350161,0.21360604947990347)
(0.2265421809392096,0.6816390217635362,0.09926091717719226)
(0.19340732563566027,0.709967856710333,0.09267463734839809)
(0.23763252382884767,0.6286590632822306,0.1473011562335992)
(0.20223606682795658,0.4482658931076219,0.3503875096669202)
(0.2001546994801786,0.6369422027513548,0.14521837538574386)
(0.18801976820611915,0.6292721608075799,0.1671880755358516)
(0.2149934129453411,0.5997741688251468,0.1971943181883136)
(0.19041106644707567,0.8969829053112449,-0.10384486345747185)
(0.1955337763265704,0.5174615675503541,0.2780552682064311)
(0.19823721648679224,0.5437159646699841,0.2541552006538891)
(0.20856627477056086,0.5749999403018627,0.2275705736405472)
(0.22655661993673204,0.7035425072121588,0.08880697714085503)
(0.19802227348975263,0.6684651877734724,0.12188739722206096)
(0.1722176997846176,0.8272432874676195,-0.008403466519293492)
(0.20632564499971653,0.630755663566532,0.17512018219047634)
(0.18054587740608014,0.7079394821363145,0.08626273288189565)
(0.19690187735554782,0.8155428797002171,-0.01855184439372677)
(0.2204073881951359,0.6709303075180546,0.13756239853982136)
(0.18786711036628062,0.7603563773780104,0.04177288450289214)
(0.18593247854579217,0.8501929132239523,-0.044028241910962496)
(0.2119321828299267,0.6152160920893746,0.18937721506403715)
(0.2241141439232014,0.6739820508225957,0.1409021417164282)
(0.23060849484494303,0.546757934044085,0.2369397354267686)
(0.17824113887643533,0.6446257306301518,0.20518524767116028)
(0.17526025034921894,0.47603147337692464,0.3146511943199224)
(0.1972522469437723,0.7512165604058592,0.045309652376308164)
(0.23536789095093602,0.631001653816334,0.15710189274239147)
(0.1890734214520717,0.6629782633473611,0.15343371992254154)
(0.19590438118272918,0.9036293079547588,-0.10680962573613634)
(0.16953832288985368,0.7877317809663446,0.04958633676435423)
(0.2183291777192518,0.8738351845456364,-0.06948563016972793)
(0.1726719746082149,0.6171329860415831,0.18808633813277753)
(0.21188768645601114,0.8240253272102753,-0.027028173734176715)
(0.1806383253739603,0.7311454223532051,0.06899958069635692)
(0.205395982831989,0.8290975903435297,-0.028159792469666142)
(0.1945598193502857,0.8194523832352749,-0.036817861090481255)
(0.1947507592475869,0.7084190408600768,0.09134266772461193)
(0.17773260393644197,0.5918358370818929,0.20827530364177138)
(0.19629161358597366,0.5786009272017946,0.24047196281996652)
(0.185479472675471,0.5612190901434825,0.26722378725859736)
(0.21011727399515462,0.6748931496728111,0.12797563859294217)
(0.17210719140199926,0.7573680208217701,0.03960452409885194)
(0.23170373019519763,0.556144311604768,0.21784759691586966)
(0.21033116797899037,0.7181283943082718,0.08251003592147711)
(0.17894870894404596,0.6048031438342035,0.213974399226293)
(0.1902901333456286,0.9640775206532871,-0.1491139902644153)
(0.1954433962187611,0.7718704401444814,0.017802411242094123)
(0.20560261806129077,0.5843248510389283,0.20367596949908678)
(0.20140627395219196,0.5897335388479077,0.20467991833106677)
(0.17900651392038622,0.7146282547420709,0.08325743009286977)
(0.20923091786902134,0.6822620797953038,0.11600875515673388)
(0.22024135788436175,0.6091041661638941,0.16742529498238995)
(0.18909301812174367,0.7277254976603701,0.08556479609156896)
(0.22278848708055168,0.609775545486444,0.17928115424594818)
(0.21613910442371936,0.691510977414573,0.09876978884210529)
(0.18903732465548917,0.5800482561195661,0.22084539062327624)
(0.1914625752449358,0.6268242482961711,0.1678888124304265)
(0.2057419068431124,0.778678216281583,0.014942081084843442)
(0.15369085634862337,0.7257214263584545,0.10166027289854446)
(0.20345446183162277,0.7168753499341239,0.09928221434411276)
(0.21359889148575822,0.8770408480305404,-0.08976769316248022)
(0.1842463513197313,0.7618335217335556,0.05965645028187998)
(0.17576472083205433,0.7884432975471182,0.031197979143293673)
(0.19225541507309984,0.9155308312215816,-0.12281056129171951)
(0.19098106655770572,0.7787771881038333,0.060240733448881985)
(0.2127797448578518,0.6881420914838676,0.0799630194408328)
(0.20196952640879867,0.8971716178464658,-0.1197412708507386)
(0.1943901269687387,0.6688440793195126,0.11805269991033382)
(0.20684855538941666,0.5515548671728437,0.24771563010402486)
(0.2119831646488041,0.47983719164065397,0.3290723601916394)
(0.17888675353845562,0.6207351002739934,0.19006293578108613)
(0.2193576164150743,0.9897184748593127,-0.20954785597699013)
(0.1795363365455235,0.7188893381101228,0.0807610539784745)
(0.22172908332627947,0.6326782147419447,0.14843509208629901)
(0.22227757389045272,0.7596426377890115,0.05595022857085087)
(0.20127273411680363,0.7336903645649957,0.03503831968249001)
(0.22827182138589913,0.9830304356317796,-0.1967924379914001)
(0.19144333839088604,0.8841635200087593,-0.057106073723648273)
(0.2081609991251055,0.8986189025190495,-0.0983930655010131)
(0.18642751288892914,0.8933034891591104,-0.09080176115755298)
(0.23504896899381478,0.7166129358080833,0.05060493000219208)
(0.19163925451220068,0.7102995364040298,0.0968047521901318)
(0.18910018195562797,0.9397990509165556,-0.1257838635692935)
(0.19416650667334953,0.6792120921550594,0.1285724472636518)
(0.2025051135251913,0.7699837785450299,0.04745285037701423)
(0.21480215701509917,0.6858265606574578,0.11801162853097728)
(0.2076200231408309,0.7745390933496712,0.012946097302084956)
(0.18178066775045965,0.6708982362215685,0.15425589396551104)
(0.24568077299219335,0.5238059396571958,0.23379672849103145)
(0.1987392241905886,0.7624279769730802,0.03470220458058992)
(0.1979846165766773,0.6036867593550617,0.19548702665116285)
(0.21586684318336452,0.8503645392796249,-0.04987186021060665)
(0.20511176996326363,0.7343777077119464,0.08240425035685486)
(0.20423733802045596,0.7332266777772922,0.06259568000732685)
(0.19719758414039887,0.715294307297389,0.07366943860282225)
(0.20895082202624543,0.7174516759414341,0.06317378386315396)
(0.17516469096266662,0.7573266274139442,0.06445842468537362)
(0.1696353184706631,0.7219860397047781,0.06863178129983437)
(0.21205733153986045,0.5810562178863367,0.21595758123748687)
(0.2039971581940249,0.6407556728828008,0.14945454653227613)
(0.2426154818811351,0.7318882234292067,0.05430528947498985)
(0.19760491761227925,0.8016084893298726,0.012148909013954396)
(0.18827425220472663,0.8507604145215648,-0.03049287988855945)
(0.18132068186534295,0.5532577436423083,0.27049368587774913)
(0.21113715649266848,0.6528719930998214,0.14446201955466023)
(0.2085405375958262,0.6471773428694253,0.15083582650011745)
(0.1990969995561405,0.8919060223910367,-0.0922406107077307)
(0.16600008394950838,0.7963451510195901,0.0032644185839810795)
(0.186361735663388,0.6972165814760072,0.0989230607597511)
(0.22226211561583656,0.6636654305549406,0.11892873107283346)
(0.21694939110487543,0.7145589315649451,0.08923578604517605)
(0.19890138465545315,0.7767493533880403,0.06677517784711394)
(0.1946522267822164,0.7428617738120042,0.07173821276022578)
(0.2437072911347789,0.5704840112287546,0.2123146449836084)
(0.1840969655015376,0.5420045491957818,0.2674490802461466)
(0.2190552843687519,0.6723481716437197,0.12288893806239067)
(0.1963874867139582,0.8607670044905511,-0.05055834816175751)
(0.15823130201498659,0.6093632477112206,0.21279727320729816)
(0.2031279982021137,0.5691115898656817,0.2179901413227627)
(0.17938383322053605,0.6825926044644597,0.1218071528543567)
(0.17572277942690095,0.6072979599261638,0.19943372887470734)
(0.1914057748833345,0.8644982976072071,-0.05333680810790385)
(0.19770709143606427,0.6190709542643488,0.1775935707349327)
(0.17780454084642974,0.5979772042910252,0.21642225721503056)
(0.18443653502541532,0.7568652475821738,0.04771210895583923)
(0.199302055030515,0.6049721336798963,0.18536171476745342)
(0.20806622539046157,0.6893743521310177,0.11249052879587108)
(0.19935732432285824,0.8190448589733936,-0.0012308244020899682)
(0.20749671643264386,0.5586071635394728,0.23771773768678825)
(0.23172550912611134,0.5956986283673528,0.17237174753838014)
(0.2049244384749039,0.7666575244852136,0.03971268855714158)
(0.2139008082137543,0.714667322674125,0.07637635008092794)
(0.18942438180635754,0.47450019980529634,0.3166506386491965)
(0.21286558612776166,0.548279293306742,0.22910191231680435)
(0.24048780469731948,0.6397634807600519,0.13971245846277852)
(0.1989088386741186,0.7823878624154558,0.028673058557987047)
(0.22820744795549747,0.6678453385084068,0.11660232333475304)
(0.1647331332688882,0.9425691984044625,-0.11330746963417082)
(0.1757770434505221,0.6279185536578656,0.1827744665619686)
(0.20009538398177437,0.5827220751144914,0.21279020738645474)
(0.19513071898555914,0.6286263820720617,0.18944605878355678)
(0.20460944472196976,0.7468550956731527,0.06532095809853755)
(0.20601324794198597,0.7047259861180442,0.06447244141864364)
(0.20742635877883905,0.80355366063035,0.007841467382882763)
(0.17631324062500114,0.8895190208379923,-0.07542152652492976)
(0.22281971310112333,0.66529911455311,0.1132584438088991)
(0.19237257834107047,0.5103046096405909,0.28751946154356905)
(0.20213155303877822,0.7376791340321711,0.06947966943688907)
(0.18227407536908,0.6350979558446103,0.18759064038420953)
(0.21454446884559672,0.661410028325937,0.11894021456757987)
(0.21269236199474184,0.7575426734246267,0.03174553680330623)
(0.20647596030854892,0.741029100319968,0.05706868894674854)
(0.18137255547472703,0.5573190153827595,0.260490320550706)
(0.19785564746430984,0.569234098764233,0.22806171714618081)
(0.18608405572339481,0.7511781695605528,0.04656602657899459)
(0.17527768067431793,0.7153713163678462,0.07912414639247835)
(0.1830784736111246,0.7543451015489726,0.048076963909229234)
(0.2043926537118322,1.1036693061755378,-0.2966041361635766)
(0.19428130587544387,0.7724689205379407,0.007224142858768282)
(0.22458076901427276,0.6098246676626028,0.1718089229024643)
(0.21673669921305355,0.641227491646973,0.1494271380923333)
(0.1976353605545749,0.6437283183487317,0.16234063172629176)
(0.2055246575555183,0.642888441789481,0.15107407933661135)
(0.19954030853773347,0.6861077549998044,0.10756196784194595)
(0.17375770919112,0.8527844531347265,-0.04353184317986314)
(0.19047850796750185,0.7677405170958863,0.05539056275935184)
(0.16822061816166778,0.6955695198594645,0.12129960719724248)
(0.21429690890557943,0.7182773245768982,0.08239934488764358)
(0.21600995741371437,0.6386325498236477,0.1612174031274139)
(0.22199737401750738,0.6361857342923176,0.1261547868479812)
(0.19542011691993708,0.7547388371014223,0.036863967244133815)
(0.1920390298652664,0.7877589445126657,0.01467107761867403)
(0.1802334782590179,0.6339317751768598,0.16393078346991452)
(0.15879490094298174,0.7078013828091451,0.1125959606715237)
(0.25059306398959824,0.6004198384850619,0.174407646495624)
(0.1748662525806817,0.8145926932525949,0.009389702803632148)
(0.18760928337868812,0.593890002106958,0.2143267036547203)
(0.18469861459694262,0.7695480762965091,0.052375704611807745)
(0.1920195521828537,0.7874295045561147,-0.005087705466880638)
(0.20320773430152178,0.5975007986110197,0.17870388738796367)
(0.2437721817250562,0.6719680226815228,0.11584704035637432)
(0.24004773372552338,0.7281542888626636,0.040363303013566526)
(0.210193726729511,0.578140255207479,0.2231045754498882)
(0.16761198107224462,0.6484927863831604,0.1703940620813719)
(0.1828829267005625,0.7316211765034039,0.07702257780677302)
(0.17166562228034507,0.6701506595511714,0.1604331954469265)
(0.2049502795546936,0.6348289953970844,0.15272246102878562)
(0.22461530759830944,0.7238944108432933,0.04682716048934779)
(0.20914007687571107,0.548358272707403,0.22108636710241808)
(0.1867065995525666,0.6990007307960151,0.10545095247944929)
(0.19465315759753998,0.6234678010045313,0.17218177851523345)
(0.18646238854621922,0.702862551979125,0.10748884611652207)
(0.1725684569742575,0.7318274721642128,0.08209829694627105)
(0.19132745730339473,0.6578014474404086,0.15080797376039567)
(0.2190602586714461,0.8475679731332646,-0.0524722429625547)
(0.19758702384059598,0.7121509897039757,0.1136755509253228)
(0.1814833162773984,0.6536009201230516,0.16138888959008385)
(0.2509800363547427,0.7837013405169522,-0.02917422464566189)
(0.2142230129526631,0.6375955723249559,0.1578466278494901)
(0.16667384480074646,0.640661328249942,0.14994472617785062)
(0.22929450486308145,0.5713386245018534,0.22087417912590046)
(0.20280985606637522,0.6086136827533052,0.17027680117645322)
(0.20730858237533997,0.6562903097221134,0.14480194728423726)
(0.18957633912122213,0.8019015440759697,0.004168461788731457)
(0.18466370002714308,0.7423737210939251,0.0926024934916195)
(0.22503537768239465,0.7162861963862345,0.05993747475524203)
(0.19163536934287848,0.6204913245478444,0.19963816588771588)
(0.1964656484726727,0.6096004024374772,0.20144068003246135)
(0.18131578526374278,0.5470826583580406,0.24124335103248645)
(0.2136008407000319,0.8063193127880095,-0.0212643059807576)
(0.175829316350308,0.7329297936203052,0.08446340912775573)
(0.20939048643750305,0.6169243041344613,0.163691795357485)
(0.18462254656418994,0.8468502118050533,-0.026452195891534816)
(0.203576046879335,0.7279673753594816,0.07632920114752337)
(0.22210420556077118,0.8091748380863052,-0.019169703872027283)
(0.23159522790901169,0.6768469565434228,0.0981437230290876)
(0.1756059056957498,0.7296914751480973,0.08483044015048932)
(0.20202506611149604,0.6542545970731568,0.14061358228710485)
(0.1838255353071824,0.9428946453867411,-0.15939294631096393)
(0.2356407521258831,0.5872107564131954,0.17977954988943956)
(0.1903763961943227,0.8606566513317041,-0.05450547581224547)
(0.20164613499835107,0.774644117037072,0.016451870451066213)
(0.19819796818137836,0.6920327264938322,0.10647338338915176)
(0.17851375835102679,0.580466818858608,0.26015920659966013)
(0.188784478046469,0.7788749240800816,0.013001178402977955)
(0.21380536648371967,0.6695337303263486,0.1111865143046416)
(0.19031061855393677,0.6571863275690405,0.14634335228553094)
(0.21621780470270005,0.7869273185735561,0.034062005727863984)
