(0.7422959527883505,0.2511665432647862)
(1.006256986013939,0.001826444965685826)
(0.6509942160933578,0.34108394211988563)
(0.8980030448845508,0.0852174079655125)
(0.9869481608934741,0.0037294832505412956)
(0.7551083183126356,0.23256472103917927)
(0.94515352676421,0.057091045782631786)
(0.894606920980827,0.11025751418698106)
(1.2241516003457225,-0.224099861605778)
(0.9369223242799324,0.058271665093774856)
(1.028908112539365,-0.032992223549843255)
(0.8640558956233828,0.13571417970141447)
(0.7769225002736262,0.22500111192670533)
(0.9191329893298978,0.0769734879727062)
(0.8301342267895603,0.16207020757991739)
(0.8276300561191728,0.17213012139050776)
(0.7810944131292197,0.20096932419769628)
(0.8991798031864232,0.09899201265799028)
(1.0303836744659713,-0.026285720463327694)
(0.9956566330053561,0.007540533726568884)
(1.0201507382702428,-0.022347546176677297)
(0.8650498053982467,0.13474360765384522)
(0.9826433874456643,0.008502790029218166)
(0.7587217094344719,0.22993678501172846)
(0.6668074442677615,0.32758309417443937)
(1.1453360501035668,-0.13414959236738866)
(0.7828196008394346,0.19143505905808256)
(0.7659312285548295,0.2331171368913632)
(0.8972850409276492,0.09420327113587773)
(0.9242078936498325,0.09123484901077562)
(0.8666076693995097,0.13098983694356425)
(0.7877399986832112,0.21736999344253563)
(0.9509360636507631,0.04152340114992167)
(0.7800787374768732,0.22154264247603278)
(0.8285218934741095,0.17170332507656214)
(0.9068432380612268,0.06753904162650803)
(1.0429614806055414,-0.044157596807508394)
(0.9350616465445837,0.0816019659944984)
(1.0206251926381031,-0.029735429686350307)
(0.6228286768164079,0.387335521170488)
(1.0566209066722894,-0.061338501221310106)
(0.9415531645583397,0.051626435407227056)
(0.9736308809869452,0.02950339017477479)
(0.908658372019408,0.07888377864352812)
(0.9446855406700042,0.06297784125635304)
(0.8670478090455267,0.1347905233084969)
(0.8039636742414011,0.19911843574499613)
(0.9168059966771162,0.08861191910892353)
(1.0251038803910213,-0.026255894861520343)
(1.0291337058457923,-0.033796588854687566)
(0.9551526444043815,0.04885258090925161)
(0.7700909939012228,0.2337936827195214)
(0.954564650563265,0.06740833112481298)
(0.9180228848291283,0.0945845925955838)
(0.9391749822138982,0.05711895980877073)
(0.9637313730010086,0.037424675754786606)
(0.8104757761710398,0.19103093342058655)
(0.8444261509902918,0.14928850344378658)
(0.8459961708812158,0.16406763270582422)
(0.9632563719412912,0.028615621280725576)
(0.7724576314906646,0.23043374394461388)
(0.9007352446524617,0.11380063626033615)
(0.9909094031790847,0.010958992687663798)
(0.9555047598790772,0.05786755336389927)
(0.889943560335675,0.1151176841496181)
(0.8738280773433541,0.10356543961417816)
(1.0318325052431156,-0.024121908430615246)
(0.6022004387536231,0.3964013384375674)
(0.8179489434229704,0.19824186567623373)
(0.8966999380287677,0.11938503722599667)
(0.8813722778745521,0.11859005240444785)
(1.023572748981392,-0.016852084326946723)
(0.9990161178256944,0.0050801953939551454)
(0.9860364232159319,0.010022075835280555)
(0.9596881235890593,0.04494247998559416)
(0.8979929198292583,0.12250204073357815)
(0.8206384134305922,0.17081988043684443)
(0.9166534207685786,0.09805958536972609)
(0.9694080947883051,0.025347230454724548)
(0.7327056243477832,0.2703102183514018)
(0.7372689121194971,0.2627270116079998)
(0.7611321912912978,0.2272058660322513)
(0.859119437392438,0.14660549163278325)
(0.8619879891865367,0.1478829843963569)
(0.9206771694140343,0.06176420339522163)
(0.7597627594734411,0.24037064021017043)
(0.770181603685865,0.22356278602636329)
(0.6809076654604771,0.32192634945201126)
(0.9875045720455073,0.016723208119882885)
(0.7752996849959317,0.21309349272773545)
(0.9243380521588952,0.06341326358323778)
(0.9377030264091646,0.06912078149237405)
(1.0283119769512485,-0.017441467962209602)
(0.9211153591991583,0.07831700397281895)
(1.0380910587432945,-0.05491127028824967)
(0.9752259722604768,0.025209839232692856)
(0.7823969793009855,0.22006182948842987)
(0.883745872708455,0.10894377286441863)
(0.9218743658850374,0.08276465979727576)
(0.8444869809020281,0.15727642532085018)
(0.8251500724784405,0.15942364698780187)
(0.9129192855577112,0.08967593908836216)
(0.7912165061850045,0.2364717741704545)
(1.1671094486848284,-0.16360066461604877)
(1.0374768010968791,-0.03635247655240698)
(1.1404154454854185,-0.14398881578020933)
(0.9200894900287115,0.09193529772494317)
(0.9338090693444147,0.07322116427181011)
(0.9998113823786658,-0.009908671065008492)
(0.8326690045973282,0.18068816325924816)
(0.7330447469755184,0.26613299714483263)
(0.9316763556352745,0.06710824861957201)
(0.7559034284569608,0.24300197474036098)
(0.9922222771311476,0.0239846344930091)
(0.8224794904702047,0.17289921584100282)
(0.8797955836502381,0.10289067855891039)
(1.0085235253848674,-0.01197176602207629)
(0.9710526082884676,0.03234268252639557)
(0.9182100557586425,0.0955806745486079)
(1.018379789184497,-0.01546001597172502)
(0.7437766504906648,0.25073503985890794)
(0.9034425454375452,0.09332414374535201)
(0.9568857139323521,0.03401791776072781)
(0.8384282710300051,0.16273691879443675)
(0.8686931938852378,0.11928645965104044)
(0.8355496124100741,0.1662861548337648)
(0.9493468650244579,0.059496051693789576)
(1.1048445647812801,-0.10520349369504481)
(0.9057226674362032,0.08855637774713421)
(0.9717015618112231,0.038691091538145046)
(0.8831189564323763,0.10444373323635843)
(1.0223407456278424,-0.025116323580162372)
(0.917951084966183,0.08160547574125393)
(0.9222137058290046,0.06760632132655824)
(0.784338536445483,0.22044989997357692)
(0.8702527131975233,0.12723426748692945)
(1.087729334460979,-0.08852165019513096)
(0.7078286626145235,0.28253002914723524)
(0.7958106265148877,0.20362340122401346)
(0.9247829814836113,0.06554089902996062)
(0.9286277268660642,0.07116796524691076)
(0.9134994546617158,0.08404020105140622)
(0.7381595263781573,0.2494062175807919)
(1.0156372406341916,0.004653408985752565)
(0.9316540202848963,0.06732044827080637)
(0.8823766894362687,0.13039369088813602)
(0.715040587661378,0.28182063172197297)
(0.7600417236226713,0.2453750924592914)
(1.0016690465180262,-0.0036751940231665643)
(0.8305492608543094,0.18177470934883577)
(1.0414196233659543,-0.01905856388888185)
(0.9898939402452457,0.004242732534581755)
(0.9712141076499965,0.03375017430068032)
(0.8808024031032677,0.12422136731814079)
(0.8889493589511432,0.11341629381238005)
(0.6198598993568034,0.3624008678600705)
(1.028203403223712,-0.020956145719411085)
(1.024415869759299,-0.021005080493321063)
(0.8008659646632721,0.2153216094134376)
(0.9818244004762635,0.02968339124361389)
(0.8952975694806058,0.10678445576947371)
(0.9882539501305488,0.013472902848434474)
(1.0426872196906019,-0.04294288459049723)
(1.0562867224394152,-0.06294487479850984)
(0.7761358216012219,0.2291119836137439)
(0.830068045276733,0.17509906748016502)
(0.9353873175405694,0.05454789396729054)
(0.9401125918730499,0.043057404713782735)
(0.8687740220615618,0.13145567265983504)
(0.9274130584313894,0.05348001639569597)
(0.7974563200843646,0.20144335961700435)
(0.9599134089219279,0.035491548284337225)
(0.9115597560404833,0.08246177403837181)
(0.9603528274314905,0.04151781139455929)
(1.0362680655934382,-0.040571365631810116)
(0.8767932956828327,0.11951193428902918)
(0.8900586821996536,0.11477314744750781)
(0.9037706678207309,0.07958460952858755)
(0.817525844964003,0.1753337395804433)
(0.8513092592645793,0.14358825277079448)
(1.0526207294552938,-0.05580896789771526)
(1.0037051075003667,-0.007855977363807326)
(0.8421482893506318,0.15960552624146523)
(0.8775126969970786,0.12649588251250524)
(0.7251382126040149,0.2527624709282758)
(0.913156932367451,0.09128405733262593)
(0.8809255614946548,0.10855238863835828)
(0.8857660904060551,0.11976079827185865)
(0.945343303499771,0.04677089457287716)
(0.9024617383778311,0.11303571043698593)
(0.8573976848237631,0.14919383522165913)
(0.7540502070478485,0.24859879052765976)
(0.7523258288194672,0.2528367014733429)
(0.9064849582949933,0.09722839297500868)
(0.9409949390300599,0.05100684750504877)
(1.0847489366325618,-0.07295805890024003)
(0.8574405798307589,0.1386125002441592)
(0.7855716069907344,0.2171294698509658)
(1.1136114829971313,-0.10834168074739084)
(0.8033446406994792,0.17592868826445868)
(0.8512537769139802,0.13897854414782826)
(0.7563348526625675,0.24528150646966795)
(0.8690433572029984,0.11876553870747163)
(0.9398608941037753,0.05584794916703428)
(0.7967608278873859,0.19017211318012772)
(0.8430587622414197,0.14936225207360398)
(1.071198463189537,-0.06593182782529312)
(0.9401661028086472,0.05676944888714842)
(0.8845000534034502,0.11862144325029048)
(0.891513966101063,0.12344203957891815)
(0.9333975131547121,0.07371737227794284)
(0.8640225441158127,0.12026694981977464)
(0.7848348604776625,0.19685570690558007)
(0.7016764121033306,0.29137581022199344)
(1.0889828871736906,-0.0961276076803503)
(0.9339766473919613,0.07780426712727621)
(1.003683272649172,-0.0034433086810513503)
(0.9873742196993408,0.005070184820689274)
(0.8096500361552691,0.16799418415735612)
(0.935827028333369,0.06394272652889813)
(0.964832057413714,0.0216669998786538)
(0.9317675174924145,0.06123504124640117)
(0.8531167902900285,0.14670198543057747)
(0.7633388535324287,0.24701374047545335)
(1.0512407177941598,-0.049030747676623326)
(0.7935506128195744,0.19084339576121406)
(0.7079732922479497,0.2835205188719425)
(0.6865212798387201,0.3146390938258298)
(0.8760867655415773,0.11201028733189948)
(1.0002018431242152,-0.02092250279716572)
(0.8198301111158174,0.17977816331802082)
(0.8615946801233315,0.14194940517879903)
(1.00062881254331,-0.00010698468098307413)
(1.0886913602476433,-0.08372933131081493)
(0.9973633896122741,-0.0057765673302912195)
(1.0273884047811122,-0.03054992767197111)
(0.9079938145897238,0.08074233577932034)
(0.8943023944123474,0.09468266634053682)
(0.7863123727760583,0.19959287055373004)
(0.7555432534847488,0.2545984026053874)
(0.8873387162172169,0.13821161603401785)
(0.8780902028580125,0.13029253028909363)
(0.8038606148975512,0.19187685379192204)
(0.9236466664105034,0.055256470169348065)
(0.8507184934950943,0.15736695008021878)
(0.995254873426756,-0.008075895174639447)
(0.8202624515926019,0.17470213880748328)
(0.745656632941395,0.2566465284510651)
(1.0454630122104613,-0.052673582292798136)
(0.9133555935390315,0.08185645880130299)
(0.9010925029831227,0.11938370480567162)
(0.9110079769192918,0.08028002563862567)
(0.9989885387113835,0.0022553424932951426)
(1.0477745040447288,-0.07224764986126327)
(0.9194950126773309,0.07651447168260049)
(0.7164776811354522,0.28677711992455646)
(0.9472875418951338,0.06049929610714704)
(0.9979213308002199,0.006753041125279613)
(0.8845531324969277,0.11705431905962876)
(0.936830391197111,0.06092414450575946)
(1.0213943034673387,-0.002417509608507235)
(0.9307831705990709,0.06863332204642204)
(0.830027515765514,0.16180158408920342)
(0.9838584773922767,0.019725082492907504)
(0.8057129740563562,0.17914979804519987)
(0.8016442775397995,0.20070600637678543)
(0.6567144913940838,0.35595093382323506)
(0.9740434963289423,0.015616808530039846)
(0.872715642723821,0.13695058819561548)
(0.6906290580503348,0.32192327608905813)
(0.9186518778556018,0.08712882486368523)
(0.7744230240218016,0.2204493286231335)
(0.8638995686776433,0.15279830034746222)
(0.7426304668389706,0.2634774561323938)
(0.9028159448605956,0.09991579878833202)
(0.743090923192235,0.2585927171898844)
(0.8406912810421202,0.14462680112813445)
(0.8508692480106669,0.16638237483515042)
(0.8905315735913352,0.11088985027244465)
(0.7901133781861737,0.2178754818510896)
(0.922002094097503,0.080022973200573)
(0.7799673324031098,0.2214761427564389)
(1.0061665865178375,0.0050671110788677405)
(1.063733973951437,-0.05667895405521328)
(0.7472181343166876,0.2529762677711772)
(0.8848808109696078,0.11821603463913749)
(0.9350007802522894,0.0691060132361576)
(1.043516177160562,-0.03000950789914251)
(0.8623011552436675,0.14992562082311392)
(0.9183289247173767,0.08493968708359086)
(0.8454403015100304,0.14760184167211474)
(0.9124665814123486,0.07952464825728868)
(0.7977825085232454,0.20149282383648703)
(0.8667479459604148,0.1477014325155768)
(0.7937484132087769,0.19264715843219518)
(1.0357473784976357,-0.026579489039647127)
(0.7877298822897781,0.19035017869901835)
(0.7173407792894748,0.3040743956814461)
(0.8953865201879956,0.10850119073222628)
(0.9669473180503968,0.039312018873790676)
