(1.116412862184407,-0.08585885708848015)
(0.5485448150433545,0.4746980996557503)
(0.7427551951396485,0.26063859965827185)
(0.7039406979337782,0.30258442105765193)
(0.5485052359861072,0.4618764556507211)
(0.646251846208742,0.32340370915969385)
(0.7660841965492111,0.2450528351155003)
(1.0324289626943313,-0.055746811401214326)
(1.0536472617516914,-0.06379227894889246)
(0.790275543881383,0.2096079821894075)
(0.9038199143455282,0.12095314212378844)
(1.2089387573605483,-0.19447458554838326)
(1.232609786872984,-0.2539180661095714)
(0.9664133849779449,0.042472657436281286)
(0.9867707210867757,0.05053203797994005)
(0.7939681592873493,0.20983018984815507)
(1.2960546713353638,-0.2858869962775695)
(0.6906137675174362,0.2890657814878219)
(0.8715788479127584,0.11741133944313843)
(0.7008682297583623,0.2621256011099189)
(0.6862928391201354,0.3197159972538666)
(1.2014840504562165,-0.2079188378798124)
(0.7381547782713516,0.2952178258490022)
(0.8886741365076044,0.14874103256942645)
(1.012234331207324,0.00102130686683284)
(1.0047578203266398,0.02316224604519246)
(1.3437676220100498,-0.3480184102959326)
(1.4610778078795486,-0.45175342799926127)
(0.7347513241362004,0.23682637248540475)
(0.7861594256735892,0.2512833025415865)
(0.7628842866653004,0.23766822660721806)
(1.3059534409039641,-0.31202011918321854)
(0.8564248847805931,0.13779421690673413)
(0.8008789019855017,0.2183960901865577)
(0.9571472734998918,0.027148368040319018)
(1.1676775942961728,-0.19614119998365287)
(0.6586494561414615,0.32250975613713895)
(1.0885482140140934,-0.03152408702442527)
(0.9629940805613658,0.027101886693275724)
(1.1780799453365232,-0.16295851457991814)
(0.9230441902330663,0.09496633673897087)
(0.786758480208762,0.19241302914277733)
(0.6848808597482741,0.31266066554284117)
(0.5863192949287815,0.3907038714074978)
(0.9229513448158971,0.07811778852723764)
(1.4275654140901968,-0.4485492521253732)
(0.6497624365313684,0.32205862196281804)
(1.344045596222555,-0.33199510351468314)
(0.930206706959727,0.08054866554169303)
(0.7910510112129865,0.247843339428806)
(1.365200710713596,-0.3448792057641422)
(0.9261833603566221,0.0930918482515553)
(0.8472819155647208,0.16123444220646307)
(1.067760480769134,-0.07034247509317428)
(1.3413996897323202,-0.3309189655856485)
(0.5860085260649572,0.4007903691257611)
(0.8750069372280049,0.14093630289322986)
(0.7894094056587595,0.23314799968923736)
(1.2031401677462366,-0.22363383849049143)
(0.4616167838853056,0.5481010952023702)
(1.115034705017811,-0.12911514841356303)
(0.949548589474249,0.07422152418666933)
(0.8296898658369937,0.1940655871224831)
(1.1626678162588113,-0.17515567819192643)
(0.7379084522001981,0.26970737651167287)
(1.1533525179193365,-0.1421437975489924)
(0.8434913942803048,0.15061330262373065)
(0.9019062842740364,0.08870648310320862)
(1.277440124209483,-0.26483156323444906)
(1.0990690380736978,-0.09191198547062342)
(0.9743306478257284,0.03944962992316132)
(1.0475479070376177,-0.05177193256754642)
(1.2295743153010175,-0.2397460044141312)
(1.0276928766258493,-0.03490240624770509)
(0.898728062575014,0.09396372597937258)
(0.6708903868476958,0.3478537925498726)
(1.0668166867598174,-0.06909903988538359)
(0.6685375411514429,0.3154908597263038)
(0.8150598463043393,0.21141555931577494)
(0.7226100524820658,0.2550686516989495)
(1.085212756714442,-0.03931920440012381)
(0.8426962382549563,0.16064859998187836)
(1.3224483672491216,-0.3150433665116165)
(1.0870632525255668,-0.07267098229023601)
(1.1080358960838625,-0.09493196660749507)
(1.2886848054050888,-0.28579996277429)
(0.680988804304248,0.3106882523465456)
(0.6231410023005564,0.35258218541010505)
(0.7072700626600549,0.2956956631331974)
(1.1959311747540966,-0.18694647289111876)
(0.8253505372503892,0.19374916361662536)
(0.9838643514941926,0.02333120458821214)
(0.6621116928868993,0.33788706570897575)
(1.230345898807621,-0.21830817676594072)
(1.2594231454999303,-0.25451968087287763)
(0.8161126687351307,0.18477965316735429)
(1.3274090879796965,-0.3091048559704265)
(0.7654534198356521,0.21917282029006768)
(1.3479174394485196,-0.3346720386509997)
(0.9410207989393374,0.09218021204209659)
(0.4216551555466399,0.5783342158353585)
(0.6071327370687472,0.39518271913794706)
(0.8433062403757767,0.17442435875451892)
(1.1806115690417365,-0.17690723662125357)
(0.9228227102932858,0.06784313078389162)
(0.3884765584250362,0.6351553154038678)
(1.1274060423437278,-0.10161755432337652)
(0.6649640669489676,0.34650603408256164)
(1.3961484918475957,-0.3807352381041477)
(0.9781769456312812,0.021444829735290275)
(0.696154934680624,0.2974906747154615)
(1.1064766457902988,-0.12507101108357752)
(0.8820605680306632,0.12744918644465927)
(0.7988854014833656,0.2055748014400119)
(1.418245118720285,-0.4179342334251317)
(1.1761691717520455,-0.20584969761065525)
(0.8338530138290867,0.13723492807237445)
(0.6580172081009249,0.3599676285430556)
(0.5643744222803957,0.41872858678972513)
(0.6257231721764961,0.32860979340240754)
(0.9440484807699723,0.05593061562528778)
(1.2318865225925897,-0.2432879714215925)
(1.0036319914241556,-0.017167088382733904)
(1.2509188817382302,-0.264750350773678)
(1.0599537885805466,-0.04617839555132381)
(1.2147744366942919,-0.1902659836747444)
(0.8152593179466177,0.22618551141397883)
(1.034683883246238,-0.01027167885170835)
(0.707932244730676,0.2759583830937683)
(0.6235513140718739,0.39330025480713837)
(0.8553591520832979,0.13300015605638565)
(0.7660956878839266,0.2248320630485999)
(0.7372436566076019,0.25156861479990533)
(0.6077174207592646,0.4293835691921568)
(0.6230797380628486,0.38261703999861224)
(0.6930389492529372,0.3222161643387795)
(0.6985202518039876,0.3287620427415619)
(0.5700920771307254,0.4221043803105309)
(1.2068828832779082,-0.18746056116412887)
(1.164135813476382,-0.1745014416402417)
(0.9309766882308922,0.1136501929765508)
(1.0353315246988883,-0.02829469486154483)
(0.6206826331067551,0.3996055042160848)
(0.5738796794145333,0.42755138490339395)
(0.9414460435385715,0.07938365540802468)
(0.7533499509925626,0.21427000142597505)
(1.2509453984282337,-0.2677894861032577)
(0.7759604003844035,0.20012718208019498)
(0.8195431947410149,0.14362901243980036)
(0.9627346931568481,0.050868281871907686)
(1.2690779162762666,-0.25553115433641554)
(0.920607044463811,0.052310015516993484)
(1.3769670797275257,-0.39529886232831146)
(0.8096293348241362,0.19779312072556254)
(0.9375950866987631,0.1136213994708318)
(1.14870013649602,-0.1554940398905268)
(0.8485123733218036,0.1393256268234734)
(0.8065786039030879,0.17070804702142012)
(0.5889020683056028,0.43327163097814253)
(0.4830078231991924,0.5066715588948438)
(1.22494983083754,-0.18950060513629124)
(0.5949457572673345,0.40050187472879245)
(0.7481283563681722,0.25798324564647757)
(0.8507454899553815,0.14362216993488486)
(1.039382524822133,-0.0343664803943794)
(0.6543403696808668,0.31929926762768307)
(0.6828107848902463,0.3054393804667333)
(0.6454862150339613,0.36325526322485724)
(0.7296475259570928,0.25218942138078865)
(0.4180612389700541,0.5510327668343222)
(1.0488637713161733,-0.036002034653298695)
(0.39849828630018086,0.5787517637771019)
(1.0918160453850596,-0.08991435798401178)
(1.0611535149928668,-0.05111559817210163)
(0.7010698854276001,0.32011856719524673)
(0.5224016046192382,0.4861905750526164)
(1.1357005137654652,-0.1436991048626844)
(0.5050643654250221,0.4587890191144084)
(0.8345822175430218,0.19010358584904552)
(0.990476663512427,0.002648542672580587)
(1.1306960336733098,-0.1204243199514256)
(0.8662518232672495,0.13883550154837862)
(0.39352251309893477,0.6061970812509805)
(1.0555177050466933,-0.07382065364835906)
(0.6844538951529685,0.3015852973106781)
(0.8781863872217825,0.13203747334308955)
(0.9394689782304909,0.07039328099129814)
(0.9646033960103355,-0.005845389998075238)
(0.8260574158161945,0.17392267592698693)
(0.9757391807148004,0.020961130751702448)
(1.2464835503350005,-0.21669933150125728)
(1.5624022162945277,-0.5971513632187585)
(0.7084833084944395,0.2852647291130259)
(1.2967401604508597,-0.29266796111890186)
(1.3089250956177074,-0.29254713349473)
(0.9493263619561506,0.02456912881153169)
(0.9754134420163441,0.024363642597752602)
(0.8674655061201018,0.11273686026981436)
(0.9121847482481233,0.07210743192937691)
(0.6566588390496715,0.3379980254700769)
(0.6608754774601507,0.333553637836566)
(0.8004999575391277,0.21735044681928606)
(0.8345636174728729,0.17099028076611006)
(0.5394289947197861,0.46016815648509746)
(0.5452272685404069,0.462032563719729)
(0.7005066746904269,0.30922832776319986)
(0.7851580605110009,0.20846012600146296)
(0.9187709286486387,0.0690069707568193)
(1.0872791099259826,-0.0825653986289118)
(1.1058287778648204,-0.1215496777651384)
(0.939852824432898,0.06715875124480322)
(0.6112486974165839,0.3955924890084234)
(1.1024410413938108,-0.09375084681774444)
(1.3441582147712445,-0.343227924620778)
(1.3389893694477017,-0.3426871591153254)
(0.9350770189670392,0.06791548925961792)
(0.4033561844038306,0.5553183312646399)
(1.1828964598731457,-0.14688553895935827)
(0.9329541007088223,0.04696169521796959)
(1.1831702920461793,-0.17012992653217673)
(0.847057930892018,0.12289684208089739)
(0.6988533195807894,0.30567483187304306)
(0.8414047107884918,0.1361279264420748)
(1.2353159789275527,-0.24492579628194583)
(0.8658596223361431,0.15354603388463997)
(1.1564784614779267,-0.174636834791878)
(1.04032303871358,-0.023775092641707185)
(0.9440577317625237,0.035897259318897645)
(0.5908194400547135,0.4319664516728741)
(1.3711011453612305,-0.3779787642231521)
(0.8020822736164671,0.20993088792923079)
(0.930966476905943,0.06406249011058263)
(1.3272233529677313,-0.3313535749202283)
(0.24276019134861745,0.756409257168115)
(1.0259688294329026,-0.048409464238947195)
(0.8631744840579731,0.12890038759491632)
(0.9445293916563193,0.06697915385509719)
(1.28955729794798,-0.299375994296717)
(0.8876979971416572,0.14884456715439487)
(1.4023594106552968,-0.4009232492406083)
(1.2636426240655414,-0.24023908119355697)
(0.8343858661245328,0.1781339296345516)
(0.6784660702946541,0.30743448892705466)
(0.9425404760325234,0.05243238252859103)
(1.1366762583509449,-0.14192695272262149)
(0.7937386247149977,0.184391071703414)
(1.2779191578061615,-0.24579302081235385)
(1.563039219327408,-0.5015209021049324)
(1.4220242915111898,-0.40524332254600987)
(0.8633130458156298,0.13643082454882444)
(0.4211168022148062,0.5419345302827214)
(1.4057232053758792,-0.42250616466769153)
(0.8394663399010769,0.15411828550692305)
(0.996535267496321,0.004643759859042081)
(0.5685512187362237,0.4164980941347875)
(0.9887842101952808,-0.012716168278969854)
(0.8206382481787253,0.1686665698807027)
(0.7625202990569568,0.2288652099839831)
(0.9082116786446857,0.10253785152368196)
(0.89567561337922,0.09976589472205111)
(0.2916693383651646,0.71903141415929)
(1.1248413769747412,-0.11256189819782528)
(1.0242660693898968,-0.023500636641203984)
(1.2865276430427692,-0.288979943267959)
(0.8495661482947999,0.1590054342280262)
(0.8153461794566114,0.20417367584908577)
(1.255475752160227,-0.28972101381063187)
(1.0763140095661128,-0.08975546190253005)
(0.8583947274276343,0.14839808249896788)
(0.6392646754871036,0.37097926877965187)
(0.9521084949773514,0.01906687257129648)
(0.8020472189702016,0.21663975902090282)
(0.6444604924339441,0.37026630769875263)
(1.0333797180882387,-0.05368049808266431)
(0.40949909187112604,0.5787086726486353)
(0.5123778763584163,0.4676016446350059)
(1.0611254475123377,-0.07687416188453497)
(1.3057278188498946,-0.27992229639917915)
(0.93406941778667,0.06125187054477966)
(1.1770763485339446,-0.21492330725126882)
(1.3431572708817414,-0.3105365819230695)
(0.9251624837884601,0.07679494375335998)
(0.48853806320715903,0.5143356821063814)
(0.5873677664570409,0.3897764371182726)
(0.797547270945991,0.22740949754557438)
(0.7751462041077082,0.224845765033784)
(0.6714552947644548,0.33625944284541937)
(1.025364525804838,-0.05561386966003503)
(0.9775116156007312,0.009170000784452596)
(1.097549484894728,-0.09365779999634263)
(1.182428848477953,-0.19122889151906303)
(0.8554847557183222,0.0988550475700307)
(1.2297416038843298,-0.25102499121945615)
(0.6316918447010615,0.36652943400867105)
(0.7909854977200662,0.183684453557362)
(1.045581154775418,-0.043151179676580866)
(0.547299297958524,0.45046967570538704)
(0.5290330789797774,0.5102737408913439)
(0.981066231765255,0.00021953406627258016)
(0.6844357705187629,0.3130281016006253)
