(0.6339872603751548,0.3453391020622816)
(0.775520193418167,0.2532721166705177)
(1.038920774448057,-0.035854600255874704)
(1.0368354164092615,-0.030777311767252413)
(0.9116663475246717,0.1273929761873661)
(1.2507966598771811,-0.2562427366183545)
(0.5382022289788049,0.44605328791868354)
(0.6913489066142586,0.303457993805583)
(0.9313181209868873,0.05545067604099626)
(1.1090166016745684,-0.11129434529304762)
(0.8608775051229748,0.1266472845834548)
(0.650667467301075,0.34032865837928156)
(1.973019482182775,-0.9531867699156041)
(1.0687996859475644,-0.0859195971793333)
(0.8581647631639249,0.13823759762761276)
(0.7051494694849739,0.29319739472670237)
(1.1755788651398875,-0.16178881345213067)
(0.7099860534886533,0.2664648101845768)
(1.0024092146231112,-0.023652151390999167)
(1.2930955565951643,-0.29550617518967026)
(1.2392545706394864,-0.21569782498111148)
(0.753840563162273,0.21806386761740326)
(0.9506550716244423,0.05111041510674707)
(0.8685841764786201,0.12901747311356734)
(0.8948358734125171,0.14736568446008605)
(0.912939003558126,0.10134000259884461)
(0.9998861830515118,-0.004291051163700404)
(0.8280726548729967,0.13713641807175206)
(0.5292334099457907,0.46105571912295706)
(1.217633942295896,-0.2175968720248149)
(0.7408701756375712,0.2499072078030102)
(0.4461941558478155,0.5685571751764569)
(0.6487039590066447,0.3302279555863344)
(1.0035763692907222,-0.023850918966597995)
(1.0449290735102137,-0.059008301782573325)
(0.7783800111999816,0.19585434406484956)
(1.2064981089398492,-0.1991661711471968)
(0.7061051155806097,0.3052647532745547)
(0.6083751665264006,0.3895595139266477)
(1.0114426776106848,0.0013044620376267426)
(0.8742869385811048,0.1546277424874387)
(0.7567695406266877,0.25184095897676956)
(0.7959590754713545,0.22802035349041058)
(0.45087873138674645,0.5226416558695899)
(0.6138656873288445,0.37045893877082153)
(0.8825761819208611,0.15715452833496352)
(0.48208659188251196,0.5532206151812326)
(0.648410261706244,0.34443399882517894)
(0.9556879393980369,0.034890743597269826)
(1.1378835185723346,-0.12105025077521452)
(0.8329004135328287,0.1802442965269188)
(0.8495342051037036,0.1371307542995708)
(0.7751998705645847,0.21604437848004718)
(0.7121462065972574,0.3006100703448591)
(0.5267587939576671,0.5140744237442293)
(0.9176932173229917,0.06774509611588436)
(0.9157738100062919,0.07358418257607865)
(1.160567666211505,-0.18090429920670947)
(0.675443573850039,0.34837858923583737)
(0.5328088515073705,0.4631721778199642)
(0.8157286520177752,0.18181696792190866)
(0.8144733772953408,0.18240277564219892)
(1.105542460032638,-0.10488646494482533)
(0.2937262432339027,0.6980858622428294)
(1.5130265862716379,-0.5166171356239144)
(0.6483872878853401,0.3719978312761901)
(0.7440073296215417,0.2709815395685353)
(1.2159819953258522,-0.24581613860813922)
(0.8462373054344196,0.16738770899136096)
(1.15764450725042,-0.17492254882779903)
(0.6103977574675453,0.3798380327896661)
(0.7345730505994612,0.26659835381366986)
(0.6794068601025631,0.31343304700183866)
(0.3314901362863562,0.6911644046269262)
(0.4801341035909952,0.5284410901156366)
(1.571955420728523,-0.5553542461977896)
(0.6161041158726182,0.3959136748515401)
(0.3690596122585503,0.6140117610628962)
(0.5137783918688233,0.46177093779395056)
(0.9038056442818164,0.08318783769089308)
(0.5886342645530626,0.412136073535524)
(0.7655796349897347,0.21305130454726479)
(1.4902326224229894,-0.497573660591872)
(1.5704633542218467,-0.5645133442136775)
(0.7344599975384782,0.2791936500833748)
(0.7548196126040572,0.23600510244122203)
(0.8211016211096548,0.17689434540461904)
(0.8152249317296059,0.17533678531201813)
(0.8134742055219517,0.19007280675427526)
(1.1990922485217288,-0.18944173202431813)
(0.6190354860509631,0.36516292297789155)
(0.7273099359532615,0.2593905037887346)
(1.015165929206608,0.0008113064899272132)
(0.6943937967272524,0.28726777026597045)
(0.7185965680604851,0.27249798320587354)
(0.7469839715267954,0.22841857041792749)
(0.9303407371340253,0.046251400222638205)
(1.1985508593472114,-0.1982281358704243)
(0.8430537591425596,0.14502132633748147)
(1.560051115009216,-0.5501866402453006)
(0.7643442882971987,0.2390624064971793)
(0.8805587777810034,0.09162487462099408)
(0.8185693548235256,0.16401370333927331)
(0.6014195883848467,0.4069133887666931)
(0.6989570869855215,0.32663822850867785)
(1.3899513239895422,-0.40624500919960765)
(0.6191755466137471,0.3841046102857331)
(0.9972904057973875,-0.02663436159978208)
(1.4583363887164384,-0.4710766266248728)
(1.158275990626116,-0.14659173624232827)
(0.6198587627288855,0.3780435622983748)
(1.0689127412175445,-0.06310760370977728)
(0.8769100723935861,0.11519916798593441)
(0.6362718757405982,0.3814302411927761)
(0.5175833561770558,0.4764351681763409)
(0.8669855409449007,0.15905503079462321)
(1.2230910782142137,-0.23744771611265242)
(0.9850951811211788,0.03423199433462827)
(1.752893000336568,-0.7608725857239232)
(0.5649913888144705,0.4393900668488308)
(0.939127186719028,0.05743517098214796)
(0.8094886142473753,0.1831974103486579)
(1.2399237924464432,-0.25205344961795695)
(1.0741438505344676,-0.08010077270227062)
(0.3648117426227144,0.6332828917930703)
(0.9756855019733223,0.07285110319702691)
(0.6836124514330463,0.31047604860788186)
(0.518463112046301,0.4744209739451024)
(1.0423422543321847,-0.047040897302361155)
(0.5155135856180324,0.5002983517800225)
(1.0503197602118723,-0.051351759289954974)
(1.1852399842184542,-0.16946625731707393)
(1.5930615458801407,-0.5783892048908015)
(0.8629829729847937,0.11093548184544705)
(0.7932149583390627,0.24041543318881683)
(0.7753326151565579,0.23833970544919622)
(0.5687115131160813,0.42226437634345526)
(0.7111727070496074,0.2670343797924951)
(1.0765328625966877,-0.07515721532645983)
(0.6768167101074913,0.3297617254997752)
(0.9124941486968977,0.0702152653138944)
(1.0656360907947384,-0.07368648961845214)
(1.2200286606076651,-0.22563591806504552)
(0.7210618593323131,0.30102716224508114)
(0.6790895978420606,0.3006673068921265)
(0.6547326910610942,0.3458388053469621)
(0.9412158324885445,0.08152812073085176)
(1.0360483215824252,-0.06269886828271286)
(0.8188108093602526,0.16997534888818883)
(1.0703858021524255,-0.08959143944798093)
(1.0893017876921463,-0.056071217431772985)
(1.08028728532531,-0.07516809415772267)
(0.40516872735560316,0.5991665143623649)
(0.5970871133055975,0.37032677521675167)
(1.0354195063969402,-0.03918402550642128)
(0.7753232183191626,0.19480708973954292)
(0.9834415900144897,0.042019740092053504)
(1.4069291056869269,-0.41413361789981834)
(0.629267363300103,0.3843011128113197)
(0.9879682322022799,0.017551229984824484)
(0.49233081780034,0.5056990902874215)
(0.6748540319031805,0.2978571705031614)
(0.7037014905356062,0.29187598037205326)
(0.9306675501272604,0.05915916059966457)
(0.7636380089646523,0.2088818576548209)
(0.8954839943811014,0.10331079994824217)
(0.5331958716560156,0.4776110581152657)
(1.02507915788422,-0.014007603006150776)
(0.9026698025488585,0.08727681586567565)
(0.5381707167418651,0.40858011214677026)
(1.0135412462923017,-0.006459387832252374)
(0.8285171321826391,0.19619156498336152)
(0.442367404915082,0.5679701486452853)
(0.6691633111534434,0.3312541371402102)
(1.1922828566240324,-0.18124127725124692)
(0.6231403297243268,0.3957593179784032)
(0.7426058303581937,0.25171685518158293)
(0.9046653358443824,0.08131329724723846)
(1.1564224267586372,-0.15534106346448512)
(0.9993326065110015,0.0026867387809089)
(0.7251296740870753,0.3022180807289427)
(1.3442401958087846,-0.3274296449310302)
(1.1985799262574544,-0.20604350861215695)
(1.3635864230958734,-0.3671997102636179)
(0.6030987488831334,0.39335704128706384)
(0.876935707539177,0.10612944083232229)
(1.1950129079015803,-0.19513453821808918)
(1.3232930282540525,-0.29291887232872577)
(0.6354145114078196,0.3352265613255068)
(1.0181175858822908,-0.025646385990192228)
(0.895326542790704,0.1089980807376315)
(0.8711701157013907,0.10651658881013275)
(0.6429159420792007,0.33792271537669943)
(1.1098712534947783,-0.14262125786116484)
(1.4739060320477015,-0.4806081902016931)
(0.7246277001612613,0.2752341827245444)
(0.6966592820934298,0.2990295782594759)
(0.7509968351625168,0.22501443999873968)
(1.460610076257593,-0.46926827871614907)
(0.8781850588738511,0.11945831947400486)
(0.9696330839719773,0.0435418482400137)
(0.3370500746822935,0.6605544751583212)
(0.35815976393689697,0.6399201549038193)
(1.1315896967957564,-0.13144677807748312)
(0.4760107971947149,0.530580015413162)
(0.5086166928675149,0.5002849563973697)
(0.6127922160648324,0.3993552354897602)
(1.0432433302017388,-0.07308103203508373)
(0.8450601094441187,0.19356262600623184)
(0.7620568147842859,0.25122844047884735)
(0.6440818874958354,0.3326027463740916)
(1.046671456586013,-0.052509667339455265)
(0.5523550390290172,0.43141151444469433)
(0.7479291149092371,0.23626988921768896)
(0.3799272614218799,0.6403123978107512)
(0.7616861619683432,0.22270945146929655)
(0.7159231476376998,0.3197307170246085)
(0.980368528124954,-0.007049621522240378)
(0.6734004980584245,0.32770762684849836)
(0.8155193350871752,0.23051332438182465)
(0.42966879366108524,0.5749182255004849)
(0.8461928382925417,0.17644709143385992)
(0.9051650645733277,0.1153535871904029)
(0.5134681356340542,0.4899282189757142)
(0.7989748201088646,0.2049878018249845)
(1.0161682487979138,-0.0359159118498341)
(0.7966103427045725,0.20204909224088258)
(0.6611047492050736,0.322909095981045)
(0.7797705831634831,0.2348778915791054)
(0.8671913641735881,0.1641329114839558)
(1.0606676521743297,-0.04285261472354126)
(0.9744391645655703,0.023973406692562)
(0.6365036162806147,0.3657094878018901)
(0.532102813647948,0.48615774908954634)
(1.2468220768555787,-0.2563661378118104)
(0.7327644498532296,0.2718220444843424)
(0.8440911959247663,0.16889672247635842)
(1.1479823313563162,-0.14514252849971582)
(0.8782370570508053,0.1591475765033631)
(0.5178014903143805,0.49811757550279073)
(0.3714788388018634,0.6378463940896782)
(1.4391051043592833,-0.4275110198873775)
(0.7105616020929779,0.2893855594881364)
(0.985717127839432,0.037951340598602425)
(0.47715001133890717,0.48396880980555373)
(0.6921951676189282,0.3089903945848426)
(0.6910068400233877,0.3070728690212882)
(0.9003004934298271,0.08414890945092145)
(0.7431539498074794,0.27900769905501704)
(1.493859397426553,-0.4903603954370319)
(0.8754840368343471,0.1471223352683058)
(1.0353571285307006,-0.04233006522091956)
(1.3853583362430533,-0.397113222331786)
(1.413350948691384,-0.39867702415139167)
(0.5391457565847045,0.46579014246342376)
(1.0412277919836117,-0.05066564976366256)
(0.8404655999199778,0.1529819531416075)
(0.7922334392665985,0.20127391221916224)
(0.587196552936893,0.4278382475094317)
(0.897412498931247,0.11891214543652909)
(1.4453034543604895,-0.4413381340611662)
(1.2251621336960248,-0.21063841850396986)
(0.8689198022509833,0.1713576674182563)
(0.8973215184550746,0.0940375598797626)
(0.7403840238609892,0.2659496665068238)
(0.5219827678301084,0.473585401315083)
(1.302440836495298,-0.30152345892077564)
(0.8550472543808972,0.18557524148005494)
(0.8369238912629478,0.17502864772883533)
(0.6320650936613293,0.3594401582513037)
(0.7128670681345115,0.2740830100116012)
(0.7212197304819165,0.2596178890868947)
(0.7010550578829225,0.32541563167579773)
(1.2981202849748061,-0.3004638701239445)
(0.4824356514630152,0.5022659686415232)
(1.5460346210499516,-0.5228720068075927)
(0.8083030173409386,0.20062611377787543)
(1.0538413682143841,-0.03821152091120466)
(0.6403416076158044,0.34568606548288056)
(0.5525047761503373,0.41047462904828846)
(0.6645392656014136,0.30379200333930956)
(0.6961484059149702,0.31802973309199556)
(1.2596487350135865,-0.23591873618810497)
(0.8032019519334114,0.20347584134797606)
(1.1052951966587543,-0.09230711034348944)
(0.8210532872801602,0.12685475188046932)
(0.7485433873701345,0.3007830162591654)
(0.5860446386825127,0.42068757305387483)
(1.2961031712586484,-0.29105464798177577)
(1.0134141788286244,-0.029688469891834816)
(0.9209238453824378,0.08939462830454308)
(1.1394899554904123,-0.12082415217895773)
(0.6872435230144778,0.28102665392100873)
(1.0396875691604677,-0.04698938077445648)
(0.7317944637407185,0.26791105179838515)
(0.7730708879476395,0.22619496695456698)
(0.7506291245447334,0.23015966399091198)
(0.7317914323093722,0.27138744134962395)
(0.9906929116918335,-0.004864368691305035)
(0.5439573905095085,0.46534248535296885)
