(0.6088156039709762,0.3694161394688755)
(0.5785980710082194,0.4155751053485698)
(0.646465786555169,0.36454866545111303)
(0.5872873241989428,0.4034849850610179)
(0.5659800366825178,0.409732982354061)
(0.041488667146796006,0.9509612196505981)
(0.7784287456474154,0.21508827701823777)
(0.35444776994172633,0.6223971778732953)
(0.6591190436600356,0.33757333756018426)
(0.7835404912888577,0.2120609292659716)
(0.5524855213673314,0.45563081522982196)
(0.7449828001058509,0.2606035760976995)
(0.7625137758244526,0.2268084661863121)
(0.43907927794220586,0.5504446220977509)
(0.7342208152565723,0.2584298626136336)
(0.10991055467131888,0.8838308443470857)
(0.9542942909098151,0.034606336020493865)
(0.7994955596471184,0.19903637940130722)
(0.5849103285994305,0.4083259482216899)
(0.5375198246161134,0.4674463208361194)
(0.8646249567981313,0.14365757065119447)
(0.6909143654694567,0.2876704647695826)
(0.41239352561149156,0.5861536860706167)
(0.42903765917749975,0.5759532843759978)
(0.8147041925271638,0.18496477113896828)
(0.5292505400204846,0.4726320583771379)
(0.7046888564249127,0.30557648362041995)
(0.5839581549022297,0.3846050215691461)
(0.6018882841761554,0.40238546515523926)
(0.6851772458826413,0.33437362481659166)
(0.8107223319804636,0.2120631852066242)
(0.5049681326897435,0.5061939260414784)
(0.1796847163989263,0.8067849381178029)
(0.6630695648363991,0.3373771616354645)
(0.9236763113869484,0.05940129080632327)
(0.7338279305730889,0.271487342390506)
(0.45495785636576186,0.5563561003856733)
(0.9363841414778803,0.05175103630933867)
(0.5715505421396255,0.42710829645540116)
(0.3660165247636291,0.6252540449835543)
(0.3315972667314862,0.6883189590074266)
(0.6455057069112656,0.347215785821993)
(0.6168113943128356,0.38481454549517974)
(0.8603970571084583,0.14437264466786673)
(0.5350570521354282,0.4617682227214204)
(0.21942599181719968,0.7859694924032109)
(0.6574941819676869,0.34729746989505955)
(0.5961441155662869,0.4201025430707891)
(0.7222071049330941,0.27074460260641847)
(0.9173188966979834,0.08556985243080277)
(0.6070963012929316,0.3939629831555393)
(0.6830461658485835,0.3181610818338701)
(0.8215261391295294,0.1737841093947566)
(0.7474159177435084,0.27986093713747234)
(0.7389580005802289,0.24067166350470778)
(1.0042668739682405,0.008124088666680088)
(0.6832811498634364,0.3080110025884796)
(0.64414515459092,0.3784298142363165)
(0.6624081413533359,0.3460923186972098)
(0.6044311540450663,0.4032283110476092)
(0.4362536857139841,0.5708310858817605)
(1.0409939787553344,-0.06065364569933407)
(0.583831530461158,0.40257350416127047)
(0.36572360608786786,0.6266038802648796)
(0.5343456369933451,0.46933651460553916)
(0.5693009328579021,0.4527776200337453)
(0.5828673636800906,0.41407276415878835)
(0.452109289848774,0.5696092353596205)
(1.0003663317840952,-0.027353524880581993)
(0.5449248188209703,0.44264362631431936)
(0.5595168015474163,0.42963826146065076)
(0.29303034282373996,0.7193912343923835)
(0.5875596993550609,0.4377051122060699)
(0.5575296720588877,0.43221504411314154)
(0.5762509158291457,0.41640358269377653)
(0.6082506003588364,0.41294955971535974)
(0.41464299771446705,0.6023335595690256)
(0.7004239932214346,0.2962308104740666)
(0.6645139286804703,0.3593637978057601)
(0.5016498983795298,0.5077226592543626)
(0.6474280961870913,0.367913915640224)
(0.9056751712282075,0.08478326322062099)
(0.5698349634582679,0.43523697084869994)
(0.7129682888621328,0.27723682975075375)
(0.49088981746278315,0.5139595299143441)
(0.45954030804755863,0.537806893296023)
(0.5016446755187225,0.4878035161615589)
(0.9548369305493604,0.046030842292977665)
(0.6641422413410936,0.34492856493799)
(0.5583613205240973,0.4268995232083687)
(0.771400578327811,0.22072996117865348)
(0.6647375748737583,0.3096382429352307)
(0.5618753372631008,0.45232862283149117)
(0.42835156289277665,0.5697779514797348)
(0.5235104313554462,0.46076634141073897)
(0.10662675205087915,0.8901955804006638)
(1.0257789954491365,-0.026939643647521883)
(0.3363458804687514,0.6756145543771925)
(0.627403249709594,0.3721518267517769)
(0.6645602425611051,0.334588871174206)
(0.7513071305436219,0.24835560598386158)
(0.7808725549273218,0.23311836302657)
(0.5329850403958057,0.4625686233753029)
(0.5163748909290025,0.48424197308830735)
(0.5972025209492424,0.39550536276463055)
(0.36609877462730633,0.6397328716416559)
(0.7091088932060748,0.3053769777766557)
(0.815490275563716,0.19718781371466648)
(0.4860181638016601,0.520039873029562)
(0.3699985928747166,0.6194671924678739)
(0.5129505897374236,0.4874951310975167)
(0.3120466821466419,0.6851399839493786)
(0.7722875232972767,0.24857843390227444)
(0.5386268565515276,0.4563207355866011)
(0.6269420252725504,0.3627224046439307)
(0.4594709354607175,0.544855595931157)
(0.7785892549588914,0.23424711050966449)
(0.45445853023203747,0.550012342402375)
(0.4323420220231142,0.5755112540118249)
(0.3917010221175264,0.6120390534537843)
(0.537673742006415,0.4567108370817655)
(0.6314340000578215,0.37598684281400074)
(0.2178268404264058,0.7863650789406553)
(0.6620873205119981,0.34025832363192876)
(0.8484924857641204,0.16342366540075745)
(0.9036529752052544,0.0771018418527353)
(0.8147863144759689,0.17572418912621898)
(0.48040159155271467,0.5410068926345104)
(0.4183598421049303,0.5948210378156968)
(0.6402915165145103,0.3742540725847701)
(1.1075400035832985,-0.10580934221677346)
(0.8226588387997508,0.1619014260278498)
(0.5891979925895202,0.4112062499275149)
(0.28021331319868154,0.7438090554375801)
(0.6220938154013665,0.3747895992151915)
(0.743303078220152,0.23751013929145512)
(0.8686719939379545,0.11447345474071069)
(0.46707157830023915,0.541420445677945)
(0.3099180361952118,0.6813102022540406)
(0.6718306665408057,0.3341796041185899)
(0.7515422560250484,0.24154598549373724)
(0.7111471762978854,0.3036874820446251)
(0.5171517225152357,0.49381177599402765)
(0.6522338656652792,0.3365468271472608)
(0.4361461938396601,0.5871175226311498)
(0.44117419707870803,0.5724031909165775)
(0.3845077265383543,0.6191454835689485)
(0.9003517157668635,0.10454330107892726)
(0.21116737157619908,0.7632304895102017)
(1.0589509435099713,-0.047347045346551084)
(0.32560226731997866,0.684070911533276)
(1.1118095800203887,-0.08692368594557776)
(0.48067284965456436,0.5144421066257504)
(0.4710477223061615,0.5173300266835132)
(0.6981134789688819,0.2962647710948253)
(1.0806032332604985,-0.09232645797279723)
(0.40903384933718606,0.5929731151059309)
(0.30636013726927513,0.6657659704317538)
(0.8297889242695814,0.16253826538082)
(0.42983490106947064,0.5630399246677579)
(0.41202760604633387,0.5844611112876473)
(0.5804012613982266,0.44422300723885777)
(0.5143722700590264,0.4579477040257419)
(0.32971723871021535,0.694180512357324)
(0.667231369075203,0.3412724126235395)
(0.8547668011497362,0.1460553904428649)
(0.7483760291927113,0.23110991137931125)
(0.7641929730899323,0.2307103325919107)
(0.730765416972585,0.27731784455613456)
(0.5448221608301946,0.4680218995113628)
(0.6562286122287865,0.34089021376105816)
(1.1464831566894664,-0.1593417312024056)
(0.700184584147616,0.2977898547144152)
(1.054333350320942,-0.04691969677810914)
(0.5869477789902031,0.39532257975233465)
(0.7913965539092234,0.21182992963714056)
(0.8884264123259318,0.11970476546486816)
(0.4318749360905941,0.5397771830842515)
(0.7550466721319252,0.247194975137175)
(0.5288251149834289,0.4755829663036396)
(0.8045719089478207,0.20522796445585423)
(0.3390889045263771,0.6665039262061738)
(0.5188627686278023,0.47053313977193556)
(0.544858507869613,0.46659449078391496)
(0.9842354247308117,0.03412476859532417)
(0.5935990349171852,0.39466942290895474)
(0.7414926687391571,0.26402776804853023)
(0.5704306755188049,0.4413743832892568)
(0.8381560882117056,0.16784963247893236)
(0.27271508828803914,0.7383763481318657)
(0.4646102699920961,0.5303823505754495)
(0.7085335798292091,0.3002263149808332)
(0.5791158704042055,0.4085477067100549)
(0.41535866823246653,0.5770642536525772)
(0.3191606268768933,0.6861405609082398)
(0.8635590253501477,0.1460650381124414)
(0.9536639423674439,0.06199762637932524)
(0.2404174611508015,0.779749472991998)
(0.6962608120740326,0.30630300213631395)
(0.5318504998924907,0.4616007202502202)
(1.1173506555373776,-0.11125152223406136)
(0.6258790601317208,0.37315185511251575)
(0.4863582882377637,0.5152570199160305)
(0.9865589865160034,0.0008537282930216358)
(0.9266500227014738,0.07671343225691107)
(0.4873925982295069,0.508625495696556)
(0.75171730405214,0.2736854203578574)
(0.6569603689543235,0.3280076055602648)
(0.2517935014796666,0.7323425066507991)
(0.5361371789690373,0.45998274917830284)
(1.0055898075061875,-0.00798796555954161)
(0.546718902000242,0.4709434848476656)
(0.5678017880513692,0.44344586717043444)
(0.5166115865726504,0.48733247392571777)
(0.9315593004939046,0.05482712279326703)
(0.8120673032280831,0.18432786404400855)
(0.7282872068713708,0.24412985354531794)
(0.406084510854993,0.6003274383219472)
(0.5965555302393981,0.38754933288826127)
(0.696900359190083,0.2908480189964941)
(0.2931250135033451,0.6992215074491034)
(0.7076993487526,0.28918181989093783)
(0.6079390913004912,0.4217648281975068)
(0.8757232742335092,0.12929520941000872)
(0.6410810730986387,0.3593539089400156)
(0.7333019514839649,0.2674670795543668)
(0.6948169398670759,0.3022070476486854)
(0.9347593917157565,0.07495338634981152)
(0.733096974302618,0.25693933156879567)
(0.6263428122545588,0.375489089298429)
(0.5161716450362771,0.47797078238920854)
(0.5804689004201709,0.4091935311106101)
(0.601573052906556,0.4036902771263983)
(0.2625574204105585,0.7356212427181673)
(0.705434276817896,0.30198796672133216)
(0.4250309287157115,0.5708401232223855)
(0.3930719606337551,0.5756796907319173)
(0.7136620473173474,0.2767881265632861)
(0.8161944753055828,0.18729562700433683)
(0.6514305992759721,0.34986293144792274)
(0.5578138728432462,0.45653123286789854)
(0.8464389371758266,0.16058959913489704)
(0.6540018561643585,0.3597252282859042)
(0.7420356461555784,0.2596314451606548)
(0.7141959419154217,0.2595272911932159)
(0.6104110954401819,0.36341483650605816)
(0.7051625966240381,0.2887907620159586)
(0.6410667082606882,0.3778875808485039)
(0.74888942827458,0.2429035345203798)
(0.5623394138540468,0.43671909372619383)
(0.663418397607539,0.32383227330546227)
(0.5769906170455006,0.4225352870300618)
(0.2901836043768641,0.7026012681574955)
(0.6135044151740251,0.3648282393467857)
(0.5440534027556142,0.4716955489473342)
(0.5718561077460078,0.4505265457312499)
(0.5628225997086296,0.4320104316159946)
(0.7732085206337874,0.22980559662271674)
(0.8142470049670912,0.19452426193225195)
(0.38267692775006057,0.6268303859244885)
(0.7548785473421616,0.2427572611720781)
(0.6156583484159412,0.40640613604198544)
(0.5162046506845287,0.49537806142743307)
(0.5269758861868252,0.4620670935532318)
(0.7168158318841008,0.2827418289224179)
(0.8522619209556181,0.17490825353488962)
(0.4090547469015436,0.5815523521800922)
(0.6611952509709672,0.33240970482121374)
(0.2260322386852852,0.7658771840717)
(0.5583666342603113,0.42705907057579445)
(0.6012374900290054,0.397623542556722)
(0.765639402246805,0.21590341888710532)
(0.3244840346765797,0.6886687068551021)
(0.6554954715612568,0.34081860266222946)
(0.792360723159484,0.22210860805426305)
(0.7914093500258818,0.2063294151021757)
(0.6006404221463886,0.4069215195986977)
(0.7306142248185656,0.26029198155993094)
(0.9306333049173552,0.0714703292513705)
(0.454905904935008,0.5393669780258357)
(0.5978794848445794,0.40489564289750574)
(0.7042146786298615,0.2843094778885594)
(1.1495246529231435,-0.14641478459330526)
(0.8455678592913112,0.17821532920460245)
(0.4003104209921729,0.572214807234921)
(0.5207376775350077,0.45248559205952793)
(0.6370396458293973,0.3661058872550274)
(0.9835946519588182,0.02881961201017883)
(0.7415497904101954,0.24563476167027876)
(0.49949451610667167,0.513892014955025)
(0.6286072720938253,0.36568666213469136)
(0.5630517448703445,0.4237980695197106)
(0.3626691602005451,0.6450893659350448)
(0.6110776679425663,0.36628096488379863)
(0.6140967215894081,0.37648178359311907)
(0.5584607770519006,0.43024269998421744)
(0.6712445619358763,0.33762046931413947)
(0.769405912058862,0.237057063799049)
(0.7845337358511807,0.2184015280270286)
(0.593337748411309,0.4138326655161318)
