(0.8152057408431566,0.19382984208491205)
(1.9474073053729057,-0.931460374058709)
(1.0509742475876445,-0.05425692302059266)
(1.214011308738536,-0.2208480911719624)
(2.0915897729318345,-1.0710704316153088)
(0.575249061480076,0.430428603084705)
(0.6820106221113442,0.30103679577162323)
(1.194966988271055,-0.22240228209235433)
(0.9545868625531362,0.0401958794800367)
(0.44626133135533846,0.5398548575769689)
(0.9640917264203319,0.03112098006363832)
(1.1603909739837421,-0.17320052374120767)
(0.8727715613391988,0.13123380287628827)
(1.0384282070995017,-0.056522988614443)
(1.7606917468075682,-0.7596708409425985)
(0.8989698721458516,0.07060032819408815)
(1.73037933586227,-0.7258739091016017)
(0.38099622718015025,0.6331120895879438)
(1.4617760977124041,-0.4444796800878446)
(0.8213558534401315,0.17003586832867343)
(0.33021778248582484,0.680016542107773)
(0.5682108657849916,0.4985458366376179)
(0.9195927997084896,0.09685865377340999)
(1.329218936441225,-0.30484279298243167)
(0.3376649857813703,0.6595070608637897)
(0.9805070399187695,0.016855048878295746)
(0.7292323515955802,0.2965256545352846)
(0.6109322451075514,0.37113142560841705)
(0.8630531609316672,0.13491833994957983)
(0.6476863961184618,0.3417634692131638)
(0.6552735986261191,0.35538633018710125)
(1.0598283772968689,-0.10086865698494724)
(2.1040467916894054,-1.0894601131788186)
(1.580806513538039,-0.5530540119940011)
(2.1126910810714548,-1.123505742895503)
(0.9881496667583332,-0.004975434664931046)
(1.3138299894946375,-0.3067585248801045)
(0.8762098511779626,0.14140685662334196)
(1.3692294572017862,-0.40820965541229065)
(0.4956891585263864,0.5075220864639978)
(0.6919230148572025,0.32494471353455945)
(1.066895644612222,-0.026796414940000457)
(0.8187025038592268,0.14186156377134979)
(1.1005399525103758,-0.1223955514182375)
(1.4091792455463896,-0.3925248416802765)
(0.6503591500359347,0.3807779632316955)
(0.4264247084898637,0.5986968467071261)
(0.3250055976522551,0.6667015391734942)
(0.7022712721668348,0.3150777758328544)
(0.720542988407413,0.2874735195923352)
(1.4226631997056738,-0.4145026741612831)
(2.526488169971099,-1.5307180510650833)
(1.0231101817241384,-0.052182538062093366)
(0.9889894782013865,0.02304681044702854)
(0.2909007300046744,0.6821642711556503)
(0.5090654720134035,0.47103740333681654)
(0.815299988261039,0.20054907279708553)
(0.5695036535725608,0.43095902517077017)
(0.13544226260340292,0.8738303574977133)
(1.3091564610908024,-0.32731468403346037)
(0.5684663694645927,0.4336215730572955)
(1.3579853412279586,-0.3577000741313301)
(0.924986058062324,0.08896652229273837)
(1.7073347668524168,-0.6884236066560266)
(0.869643528218611,0.10306380903821881)
(0.9595073997512812,0.07976286247779434)
(0.4230977682113796,0.5713655152948082)
(0.4726586703695954,0.5290249346365568)
(0.5495604829894704,0.41289355179722037)
(0.6392324559836468,0.3676276042492751)
(1.3530865579096845,-0.35569388600049395)
(1.5611578698926356,-0.5757149241065987)
(1.7274275355722846,-0.7299597739575427)
(1.1670624539972674,-0.16917111948021935)
(0.5823915520550101,0.39368453759450306)
(0.5745223996369976,0.4451927723509147)
(0.7593468067459415,0.23144178739141513)
(0.4219080078782973,0.5844395857981001)
(1.0550995350863306,-0.04552960376368593)
(0.6629785533151903,0.35656339840328677)
(0.4061813859313804,0.6105765027631237)
(0.1707238152362075,0.8132027202597697)
(1.8751388616373557,-0.8628495922045276)
(0.6149664310171992,0.3993528153752338)
(1.292249325848645,-0.32898643846607134)
(0.7358203089333551,0.26066485592428246)
(0.9557534540655465,0.011759030959684363)
(0.7947977258760286,0.2071933290754473)
(1.2738549113209083,-0.2546546415040618)
(1.2516480427664392,-0.24741773941381962)
(0.9106753275634581,0.07975628950478497)
(0.8658079994674543,0.13847620798633115)
(0.9276362244840531,0.09014214132971896)
(0.9399334524953582,0.08870023641682123)
(1.25230236395417,-0.2262062441305452)
(1.505507267653899,-0.4878846848086708)
(1.3200400032858108,-0.3017355680075686)
(1.2108491138311797,-0.22192106639143364)
(0.1600856650162725,0.8012438725528612)
(1.2275716909019192,-0.22706912133684687)
(1.7320318024115193,-0.7444431602461757)
(1.1746862845825048,-0.15179258445935553)
(1.2350506281971962,-0.23004612285770945)
(1.0115730256631312,0.041123548037159986)
(1.3513629538971923,-0.34801929506747614)
(1.0176875380519474,0.002381940734942106)
(0.36676152970701015,0.6412484700276179)
(0.70542055292006,0.30498391630654514)
(0.7541781041930417,0.22755419005748642)
(0.5452686850740952,0.5000826901112605)
(1.2133347488011912,-0.19149022070713884)
(0.9818519495827535,-0.0015758031818296704)
(1.1128172299457275,-0.1153182520890004)
(0.42236209370527084,0.5878750474008818)
(0.7620519509639287,0.24879009410616376)
(0.3992228465886253,0.5995453295540208)
(0.8887405236647916,0.12377357764622292)
(0.9876849189213994,0.03194162895838882)
(0.8909303674502098,0.12325645428669876)
(1.28074199622351,-0.27458181857231817)
(0.5696401171588501,0.43902873258890773)
(0.8192356929827679,0.2075531501647437)
(1.0969851116392533,-0.1193948500325738)
(0.8098813651051119,0.2123023716784541)
(1.2202973724152038,-0.250713535509877)
(1.43362223791408,-0.4255040071585885)
(0.42578255700246176,0.5984939628055668)
(1.4261777893461092,-0.4266775681349063)
(1.2971988416180902,-0.31023831376931804)
(0.9566345433064968,0.03318247751108708)
(1.0256165810976936,-0.021050749367693383)
(0.729400761512195,0.2899300842417695)
(1.0266951854067818,-0.009391911864937066)
(0.6477029864616839,0.33342818584934925)
(1.6948338921031145,-0.6756055819531772)
(0.6685775102991396,0.3708951281195779)
(1.2105780526244492,-0.25850433336385253)
(0.8090979242813948,0.17626236956068536)
(0.8855726363222741,0.09485947502372195)
(1.7250207084421074,-0.7033669108587216)
(0.2876354963015072,0.7102107993170892)
(1.1357552539569857,-0.1480941827093566)
(0.875167084984108,0.12498311362243708)
(1.269630792166141,-0.2749939228122883)
(0.8371060247592074,0.12908050966955115)
(1.4147015773066103,-0.40956878017962833)
(1.1165873880642923,-0.12275031249429204)
(1.7416631750060083,-0.758902355239008)
(0.5029673035422433,0.5290581653508941)
(0.997737145606958,-0.015365077475206646)
(1.334942583493555,-0.31769013354550785)
(1.62723491991348,-0.6281183771042944)
(0.5745939141141274,0.42897441354947186)
(0.4833690950816561,0.5129706981679861)
(1.1376968460843522,-0.10282859635633429)
(1.2538370030732267,-0.23955966952015234)
(1.3735013600377486,-0.3823946089486331)
(1.0944992825249487,-0.09262249359762519)
(0.7603171943059546,0.23722048263040216)
(0.5274586898019267,0.42710797664548134)
(0.963668390623292,0.005926525018300435)
(0.4825889550335999,0.5097951976293587)
(1.7375581988171582,-0.7265475044729237)
(0.6827068911890084,0.3191064134541464)
(0.9624647165476763,0.05354401049709883)
(0.9714015638114349,0.01134292552015571)
(1.2579591712203568,-0.2372849200289086)
(0.9311335379072416,0.07721048520558257)
(0.8609287501825695,0.12484131852145669)
(1.1877172456238054,-0.19060357334939848)
(0.7183226641691256,0.24982553576864727)
(1.1511318341309356,-0.15482519146047283)
(0.7514404377386547,0.25947347219129874)
(1.0530277875031042,-0.06155562925993552)
(1.1124321503050638,-0.11885607164239513)
(1.5356954807190302,-0.5235734781267589)
(1.0721861242323862,-0.06699591316669061)
(0.7386662330592649,0.25318985270178695)
(0.28287154713881235,0.715137051422262)
(0.8100416327097832,0.21433447251061502)
(1.0859226181713524,-0.11568476809059763)
(1.2162752872702438,-0.23970861843723296)
(0.7455532407075751,0.24790056193793258)
(0.9349658958104665,0.015947174768336698)
(0.6892353925872557,0.32635756593284126)
(0.5472169934090344,0.4471754647050189)
(0.9331248523076693,0.08428791524502124)
(0.9228325485290966,0.06300450412190779)
(1.7542557112595032,-0.7488912196042035)
(1.4557872328180699,-0.45444029766127136)
(1.1756428430247559,-0.18121564152858322)
(1.578197263288918,-0.5833575812143775)
(0.7639004916684646,0.24798816098092233)
(0.7154452999710923,0.29878831461170763)
(1.449399328396347,-0.42432108315028755)
(1.1250946311434604,-0.13746589597071496)
(0.1275761266871415,0.8980932671043417)
(0.9240813867459003,0.05949398675609464)
(0.5931941829538708,0.42741653533696067)
(0.8902327787155855,0.08459055581491506)
(0.7642085510860394,0.2255474563862166)
(1.0125498568621119,-0.021773768751631492)
(1.0490614953119608,-0.049883468950266026)
(0.954843330026454,0.06484499851218568)
(0.31420385317202654,0.6573804285647793)
(1.0946608533614668,-0.08475458855235095)
(0.6849939984287141,0.3305691193922043)
(0.7099369500005864,0.30787043959375654)
(0.7830269753581265,0.19267875936438938)
(1.1684710228924025,-0.15273889262175055)
(1.36697019947206,-0.3780265438236341)
(0.5492138355975,0.4726516610395171)
(1.3925946350914729,-0.37958099700414644)
(1.3776634702201769,-0.3672405466126511)
(0.7228935322316878,0.27979708099992046)
(0.5155358752190016,0.439411100438903)
(0.5203905250734362,0.4584682769455529)
(0.8526362836843624,0.1739742959467363)
(0.7550009309627115,0.2588807425305073)
(1.4336203105313303,-0.4278434927747342)
(0.8183220303524641,0.1637396839516171)
(0.9437932974888764,0.03262751648356522)
(1.2005607950051942,-0.21991962431500023)
(0.6118766583809508,0.3575193299860802)
(0.4891859038391418,0.5012614514229417)
(0.4299820287104307,0.5806299589760142)
(0.3942905368404787,0.6265211186433897)
(1.4068948575071247,-0.4020628547386354)
(2.079273732701532,-1.0619522268162511)
(0.6922540392724472,0.33615121801898573)
(0.9965408048429696,0.03021364496843238)
(1.1838602472057416,-0.1642563440013139)
(0.6377680564868088,0.3481937612065427)
(0.9300706201419787,0.0737448847834267)
(0.5163331782807351,0.49205390264134796)
(1.4276290096511333,-0.422433427419225)
(1.968484376393802,-0.9880849905799777)
(0.9514389790126597,0.032711114667157835)
(1.072865142131546,-0.07578796151972637)
(0.8599765774385228,0.1684667257233232)
(0.6163455681322226,0.35837464093916976)
(0.9237095184326497,0.056133774286331053)
(0.9114045072615174,0.07801782113743061)
(1.5117681126444413,-0.5280849067472073)
(0.6757247452897617,0.30912225223590173)
(0.9275766903089002,0.05846148798010414)
(1.6855475986880688,-0.6972830452449966)
(0.6620569242798126,0.33177177903146876)
(0.5217509566847305,0.4796783373283447)
(0.7349432625422418,0.25304920099022177)
(1.0565993599748909,-0.037822362991465734)
(0.5059686152391718,0.4925659744680562)
(1.2240978139020378,-0.21114342134099007)
(0.9192076726712096,0.10242980421844038)
(1.158771185001663,-0.12251128688870398)
(0.656909704131416,0.3743632678955655)
(0.34563845154367245,0.6475560253432825)
(1.2457053937293312,-0.22126102731803332)
(0.7740402497046119,0.2127964485376757)
(1.2501232135138063,-0.26181187230431785)
(1.156500919990834,-0.2100647062234577)
(1.2634617260377352,-0.25212232272682766)
(0.9516709774831007,0.06449406186794168)
(0.6545124948624779,0.37052393110862253)
(1.1885566570895474,-0.18795440229424315)
(0.3554593721651623,0.6394195668633591)
(1.8711084120074828,-0.894239145666753)
(1.3874087500449404,-0.3761844519143517)
(0.3089342223970519,0.7112078351928216)
(1.0936863601292353,-0.12957789796173805)
(0.8734379779601221,0.11278428143584229)
(0.8933241638016707,0.16483352594240455)
(0.9230738170504763,0.07370281804911186)
(1.4270221292486027,-0.3997878871711971)
(1.6868316698931263,-0.6959540512679823)
(1.3602961860392124,-0.34894959674383647)
(0.7728504049887883,0.23071377465545748)
(1.0260766777296453,-0.04835264185639984)
(0.39776587551324777,0.6236254058017793)
(1.0151904623575472,-0.003539262374373259)
(1.412890127032057,-0.43270512497695907)
(0.9246801765994157,0.09100152918663959)
(0.996103995096575,0.002809680858574682)
(0.69842474192146,0.2667702226339493)
(1.5176809536505034,-0.5225919187476349)
(0.5538154837105713,0.41980219581761524)
(0.7601150393557238,0.23215357893563407)
(1.4055253443414484,-0.387016658136948)
(0.8604184509166718,0.11786694602997033)
(1.2526582953386285,-0.23257246693792324)
(2.620813982945385,-1.6090208664617467)
(0.6170494535916149,0.3885125595627227)
(1.8366379239649095,-0.8194432001834738)
(1.4505136857989676,-0.44405470082117776)
(1.1797690068454743,-0.1970368797724389)
(0.7305673052100807,0.26479482608898486)
(1.187302836837295,-0.19378066229792246)
(1.076593833050081,-0.05681373262939091)
(0.7712710613913094,0.23762418124260953)
(1.3292075796012122,-0.3349217462878535)
