(0.7986565251029025,0.24174091350858384)
(0.9199184814670456,0.08367769086090208)
(1.6353361271731193,-0.6319701924226198)
(0.9652864967946454,0.045754700416827186)
(0.5473509244541719,0.48102739376142223)
(0.7820581795612189,0.2435984274878706)
(0.9823657281045013,0.036685434493900444)
(0.616454747602066,0.36493747020521633)
(1.243928908273153,-0.20976324583603492)
(1.4361326418378506,-0.43102085842058396)
(1.064546781661103,-0.0736463046121475)
(0.9236526561204426,0.06220729020732245)
(0.7555050334517113,0.20796589733673312)
(0.6715556413140457,0.32464578302235214)
(0.7873769582112966,0.22162077816648137)
(0.9362715832009635,0.05360491516756792)
(0.6185479601590393,0.35548913167600343)
(2.407025299967354,-1.3828103687256745)
(0.8695001013576668,0.11869098842572086)
(1.4280756821620593,-0.42946864532186524)
(0.960080235014403,0.059140248983495035)
(1.0951475600493217,-0.0834127429778967)
(0.6755764263226829,0.3111191999436774)
(1.0760292823386342,-0.07434443339877043)
(0.9570872128896342,0.08823802663258418)
(1.2491376102793754,-0.25738690924856106)
(1.2502268343619312,-0.2486868820427904)
(0.815423346811086,0.20791172485754225)
(0.8087396123221915,0.19126428920847774)
(0.993746360375432,0.019434951004592207)
(0.8997509365964868,0.0773527535135247)
(1.107045496274917,-0.10348916570642201)
(0.6338369919625133,0.3599362197799857)
(1.035131977264782,-0.01880567090103274)
(0.6449171389202226,0.386242399973557)
(0.9918286223729337,0.00536206631491989)
(0.7551610947593387,0.25637577609912215)
(1.0337377213939822,-0.009347843330415854)
(0.9980248566860631,0.008087925935361298)
(0.7665113967651723,0.23706895594351227)
(0.6146943694760788,0.3672347113441748)
(1.1370615335741963,-0.1543340252210442)
(0.5709399596561517,0.43839325401514395)
(1.2055798630984291,-0.2169409689153297)
(0.8457822743246517,0.16305066195636755)
(1.073994434137021,-0.06099855165135253)
(1.1177235300983699,-0.08048060128427985)
(0.6718995187606803,0.33639323954496686)
(0.950189871606304,0.04190833967361045)
(1.134644459204659,-0.12349995626381058)
(1.2507856521786829,-0.2373284495247637)
(0.714327786444876,0.27596115269715243)
(0.7616243374430308,0.2536387570348671)
(0.9329244461649198,0.11023021628919924)
(0.4841195624221242,0.5287177578739445)
(1.0025432085116912,0.010816697641883066)
(1.4702312073149892,-0.4745676879533272)
(0.5485136091652039,0.4474543868976752)
(0.680180667873521,0.3041230344826488)
(0.8153691931434485,0.1830229770688639)
(0.9677953051318987,0.05001651101299347)
(1.163392356693427,-0.15159034910504976)
(0.9661502672170938,0.03949189813522765)
(0.7244203353311232,0.2496933760488813)
(0.7100248523410381,0.28563807199048613)
(0.6392809717713475,0.35123583670887915)
(1.2649445440224938,-0.27935727972196717)
(1.145738820202277,-0.12690151245390296)
(0.5727956801462,0.407163261065536)
(0.92097444516333,0.08535961971096477)
(1.0314546615064886,-0.050907141587921194)
(0.9283837907345239,0.09749470099834552)
(1.2934083476350533,-0.26227872371095695)
(0.6425539600669226,0.3638233722379238)
(0.5833353236930441,0.4279175778139241)
(1.3565245663146441,-0.3128844451956485)
(0.6918276841647583,0.33698269983817125)
(1.44051598158729,-0.455470108012581)
(0.7976612180408941,0.207655787726787)
(1.108463118351886,-0.12067669992776509)
(0.7801466946927645,0.21550908062244992)
(0.8296468807979415,0.1800810785222054)
(1.1420565542555392,-0.1416249727220077)
(0.7402899222482853,0.267113280642971)
(0.6427859955949019,0.34379779304334157)
(1.1167835503810581,-0.14637996178181287)
(0.9127030191380775,0.11337768783026267)
(0.7284296211488179,0.2791962689688057)
(0.7503097179308686,0.2242552006483529)
(0.9014813377247125,0.13608691170894446)
(0.6500835013501979,0.3481675091464799)
(0.7319768119744499,0.27026568826308695)
(0.636598317861635,0.3819934655288912)
(0.9496329421573106,0.09381325404008155)
(1.2712511220541274,-0.2397914232227249)
(0.8195309511298488,0.21471147463936682)
(0.7258318575622502,0.25890486524785605)
(1.3679921848979788,-0.3847044910752131)
(0.838529261653359,0.1620077410301567)
(0.6980002144314172,0.2767736029172809)
(1.0650325709736062,-0.07307512459156655)
(1.0020265179385923,0.01758897954340845)
(0.6903505901945107,0.3184904829895309)
(1.151718260849505,-0.12348381948193266)
(1.0521894062078847,-0.056356568090623164)
(0.7410759947490767,0.24355332351625736)
(1.070735914097229,-0.07362623309433099)
(0.8761616728501711,0.12067263188538406)
(1.1885153179612,-0.18138788225095728)
(0.813714456639407,0.20563733908156728)
(0.7860515586655381,0.239929521457092)
(0.9275891334464655,0.0531118919362516)
(0.6309903684272112,0.3960744646362955)
(0.8603305233035524,0.12410202383002282)
(0.9026797389211945,0.09627095557811481)
(0.562630389251931,0.4401604664606236)
(0.689668346913773,0.29541107570229436)
(0.8747902381274368,0.10195400267709571)
(0.607047522655129,0.38012268079382827)
(0.9504108968081753,0.06556293943731986)
(1.0869901141189198,-0.0467740430752686)
(1.3854573339104201,-0.39818876467915676)
(0.9617257384042893,0.050171814162075355)
(1.155961824465734,-0.12645051165613994)
(1.1617740706711428,-0.18572257528426037)
(1.1239471619053365,-0.16675671439071915)
(0.7611161809507722,0.21972561877990618)
(0.6914220294558804,0.3292012364108301)
(1.3884857436730214,-0.3880055682780021)
(0.5745355878879961,0.4278066153250889)
(0.8384432432700062,0.14022332268256668)
(1.215186514996744,-0.21824637337399866)
(1.1755626199093334,-0.17047494959792403)
(0.8385689667187014,0.18705914376052066)
(1.0047699952272575,-0.006423024251485787)
(1.1643136978175979,-0.13937795776926476)
(1.2253394123297516,-0.21448922859843708)
(0.7769987065800591,0.20162822135770572)
(1.1240708406444315,-0.13963929793972255)
(0.7401501464818394,0.2597569620478033)
(0.8083908156589958,0.16663764675047216)
(1.0572730255103158,-0.04559206492853401)
(0.8372437686047725,0.15769388269732226)
(1.186543455930695,-0.19047329118809664)
(0.6904275988024754,0.3128479465500509)
(0.6757157373967382,0.33774885636360785)
(0.7614000453453407,0.23353351940826597)
(0.6990072051885833,0.2870156566459439)
(0.8532550592090712,0.16573972715824664)
(1.3778245078985432,-0.3741347438006631)
(0.8736031729106295,0.11037696575694016)
(0.5578984973858532,0.4522743796694022)
(0.7342119761146552,0.28365848504811114)
(0.8226707759693314,0.18155327951498237)
(0.6592889820152452,0.3281776248230919)
(0.8176556202864645,0.20963134440938694)
(0.6657477250732592,0.3215829657187179)
(0.8988317526280072,0.07488977313380919)
(0.9507920138155731,0.02481944937268929)
(0.9140973326121526,0.07640987774548925)
(1.066936277242636,-0.06405688630551432)
(0.8133524204706399,0.20336041474630845)
(1.0783092213552574,-0.08111503207041737)
(0.736656049121665,0.2754010531729577)
(0.829444859425821,0.147968090815496)
(1.1387127748284174,-0.11628794944585504)
(0.676090100666628,0.29098223126714945)
(0.713853000470659,0.29280498950613265)
(0.8211122632877229,0.1767453973948)
(1.5158863825805518,-0.497487473977106)
(1.0317569183268938,-0.03945374503754373)
(1.651921081885829,-0.6153350424601586)
(1.0591679382276145,-0.07591615178774447)
(1.2632361883484584,-0.27974115746705236)
(1.0771399796725916,-0.09298378163178013)
(1.1013914384743646,-0.10233210033379521)
(0.5772943926853851,0.43554421486791245)
(0.7793554910030009,0.21540900191288842)
(1.0160629925862041,-0.011044769190708147)
(1.6114798261448797,-0.5772359269913817)
(1.101433505309067,-0.08251594916854413)
(0.9424651323137209,0.07901305228771627)
(1.1535439513537056,-0.14001531664215944)
(1.0366475633056418,-0.0021355979905637447)
(1.0098005107698764,-0.029618679164066655)
(0.864104300892952,0.14629641807893917)
(1.052501332801948,-0.024548283242941657)
(1.4601608505871577,-0.45171707161394353)
(0.9240038686488636,0.07720635944679022)
(0.7908960112259521,0.2441913038717773)
(1.194282892078653,-0.1977507276426428)
(0.5913826488367494,0.39983162246709797)
(0.7102496888653101,0.27988114499075895)
(0.9922004703827899,0.014931301743133797)
(0.7135560529958712,0.3043519630879599)
(1.1668432237536766,-0.1693452124071054)
(0.8995287362192378,0.1404777087230934)
(0.677791520745275,0.3001535598151439)
(0.820791105597321,0.19286934607290138)
(1.366180299503647,-0.3337490182229306)
(0.7888162409192314,0.18702752451028748)
(1.6951046252536897,-0.6560985232288651)
(0.7650879148850925,0.21888755827762865)
(1.0102810846826242,-0.0072285517087025295)
(0.9550643619974548,0.03029628297010177)
(1.4843435855911682,-0.48304523364371604)
(1.7476761726956043,-0.7345719183519032)
(0.7481411143683468,0.2885068096221375)
(1.0402856073876072,-0.005031196375775058)
(0.7643115664643744,0.2399878559633238)
(0.698784435205696,0.3111272699633433)
(0.9673361968651687,0.024932503106647602)
(0.8795580291644927,0.12588368789529722)
(0.9044483488375137,0.09968664886320974)
(0.790663506519247,0.20588642018538156)
(1.1722720641385418,-0.17398565897854754)
(0.8947486809795836,0.0904557993703211)
(0.7947541111235344,0.18884480396702688)
(1.0100540973174712,0.006228123290357452)
(0.8878540024263771,0.09194619229745751)
(0.9961501498705221,-0.0004599363416155121)
(1.1486378677643707,-0.16209186706909906)
(0.8568389011308529,0.1550115269303595)
(0.795567755996617,0.22544811565033207)
(0.6430220178918444,0.32407068789575305)
(1.1879581851387226,-0.1763883271009151)
(0.9136866957063696,0.09059582252332618)
(1.024628981078504,-0.012819020372013244)
(1.1870116119396685,-0.2013414541825713)
(1.1615852161729576,-0.1717043457413006)
(0.9303308736320856,0.07478443839154099)
(1.2211363413848915,-0.21910657643651338)
(0.8654105707147406,0.15361248203581088)
(1.0486034312331936,-0.06856057034992104)
(0.6798007711751707,0.3227722736499913)
(1.0830252164690515,-0.08224161478306066)
(0.8440907858712839,0.141501576739618)
(0.6645988210859244,0.34717589150053196)
(0.8626517575998026,0.16112671005079565)
(0.9133747397556201,0.06236391665753049)
(0.6528866700278496,0.33812841132455357)
(0.8941113688605626,0.11739763690421712)
(0.5783134557160192,0.3909950956552826)
(1.15381336745339,-0.15968169780737188)
(0.8356214257310887,0.16942421633702698)
(0.9476385026665073,0.08683293478719525)
(1.433196824097394,-0.42551309375325286)
(0.6300231301503426,0.3665973375915462)
(1.116611751671384,-0.11183874667007201)
(0.8821387772194764,0.14021134880668729)
(0.642244182527935,0.3758154728817504)
(0.7319235098993518,0.2689545558186862)
(0.7122133543553457,0.28638978150421934)
(1.1821512458735728,-0.18253524848884312)
(0.8741903535181323,0.13351308496899097)
(0.6452834822842587,0.33908393798848296)
(0.7651743584917919,0.24802886939899196)
(0.7364099796858702,0.2611021803613585)
(0.74907040756566,0.22263829354223952)
(0.6001321241157371,0.37230407566679613)
(1.0143361234996933,-0.046290169502533424)
(0.7027723781240901,0.2820615353564456)
(0.9230175549418727,0.04785843238516594)
(0.9523373269563585,0.029270126883659507)
(0.635896552915878,0.3320834736386313)
(0.6096191813899108,0.3547563154668724)
(0.9861361669471602,-0.008186856379882687)
(0.7514229530939129,0.2542357232012286)
(0.8826684303376942,0.1316911178078544)
(0.7391682158559313,0.2695012236602348)
(1.3580689224955145,-0.34666533993394527)
(1.0368049008975047,-0.04372738860497755)
(0.8740694960742983,0.1294160288424621)
(0.6684255437277223,0.31482360775500784)
(0.6223481534307999,0.3890099815650502)
(1.3551406097934326,-0.3642018251497754)
(0.5133431604257167,0.5046266355488197)
(0.7368952676502517,0.2654019011727641)
(1.0071174697131113,-0.038806455297956906)
(0.6797410367899672,0.3287251390361521)
(1.0046394059318098,-0.015830416362204766)
(0.7377351999458756,0.27825485533681477)
(0.9815522600041896,0.0018919797911214425)
(0.7006215170937079,0.28075346981969446)
(0.7281310329913182,0.27497595045508794)
(0.7979699702923069,0.24056454047921702)
(0.9464762360036207,0.06085831550032534)
(0.962663228023954,0.0682865911083184)
(0.668970384351735,0.2945226192046167)
(0.971460621020705,0.0759949243063242)
(1.1914140099747224,-0.2197229329372494)
(0.6285360541331312,0.3787759135147028)
(0.8644900931805318,0.14055683030283178)
(0.8377359200621541,0.12737286395202335)
(0.7335121091978957,0.25012849576004)
(0.9354144637929762,0.047485052747863674)
(0.6143627976788042,0.3960051594085668)
(0.7824262354983739,0.19338052437972075)
(1.1370458955750695,-0.12769332962159957)
(0.8194544689887223,0.1560257309796206)
