(1.08702022700833,-0.08135223446788978)
(0.9570939216273712,0.030444413091927823)
(0.9104728930397071,0.07737908059038642)
(0.8016789743123256,0.20211948594250553)
(0.7711419476830994,0.2303341798299311)
(1.101267099668489,-0.10250169793674489)
(0.8323687010387145,0.18382821954824916)
(0.9417172340384523,0.04876961068275979)
(0.9945687667576952,-0.0024782146671190586)
(0.8395208561873636,0.16745703701575512)
(0.9546313238346649,0.03933142222704831)
(1.0912549424070301,-0.09331937749247592)
(0.8136301925245,0.19516578603310883)
(0.8061868780821041,0.19352221774606163)
(0.9606699198901609,0.05451205966673826)
(0.8888800267242588,0.10421529696297102)
(0.87572932158994,0.12286041883632116)
(0.8993046467307418,0.11246315267091755)
(0.9222047837235325,0.08001051410335853)
(0.9453755961682845,0.05927991220753858)
(0.9008699063084586,0.09811304048615807)
(0.8466371035304061,0.16362476573714493)
(0.6308141873401921,0.36810750696668354)
(0.9082752877274333,0.08245130030994104)
(0.8151959032306927,0.19647844863084984)
(1.028738982106503,-0.016414899935124915)
(0.8427002971094211,0.15946739319300318)
(0.6938619411531689,0.3015174514004943)
(1.0600257914031765,-0.06023609418105553)
(0.8078761200518576,0.18573999923390963)
(0.8188207997920798,0.16718922902235903)
(0.7666601151860519,0.25308731855601924)
(0.8973505861242953,0.09623574912821796)
(0.8307262766185953,0.18305402245823765)
(1.030863935098424,-0.016154627465183972)
(0.8657755193570924,0.15025120400509617)
(0.8301189489118559,0.1794807525024554)
(1.198446357449019,-0.18542639948237602)
(0.7362765467876767,0.2600625032173594)
(0.9521577735355461,0.0583550361661435)
(0.8991233026844643,0.0935546872834942)
(0.9876036127256723,0.006162907901430769)
(0.9153835775091238,0.09547993053651846)
(0.8902917604392984,0.09678331266127284)
(0.8037959663068144,0.17351052866613545)
(0.8062411691848417,0.19766344676611805)
(0.9655172696988953,0.0336705954575716)
(0.8714438716496424,0.1180364512966558)
(0.8303449463943917,0.15187220493883746)
(0.8674642273966351,0.13611463853164743)
(0.7251301022170765,0.28224606124310275)
(0.8396299426070296,0.15894030306457999)
(0.7482254382189378,0.261306009577058)
(0.9017749389093362,0.09205787523242333)
(1.048110685494912,-0.051955456806231586)
(1.0415853675042857,-0.045374418297240496)
(0.7853692227170093,0.19759159259805856)
(1.1215762688799598,-0.11159683042635402)
(0.8659391309589931,0.10980867860742997)
(0.8368447692596598,0.15560261220418323)
(1.1595920622215763,-0.15304032028075942)
(0.759286647470948,0.24088695392260934)
(0.9066315738431634,0.08739595816493106)
(0.9000154306780896,0.09844499251876224)
(1.0267745362375669,-0.016936724323868734)
(0.893417133458155,0.11936245752037077)
(0.8313111987517817,0.1783197797590533)
(0.8503064561560475,0.15290888425671137)
(0.7952488016683693,0.19387570306446125)
(0.6824095299073719,0.31551760475514834)
(0.9822673321051424,0.01542107338255644)
(0.7646692672299181,0.2401139128474363)
(0.8633891774200086,0.14730080187208508)
(0.7845596319695607,0.2191878090920912)
(0.6960976398542918,0.30723203532731264)
(0.7729159690090082,0.2341532226665969)
(0.831011764054536,0.15813926391988348)
(0.9853575866414106,0.011252424577823252)
(0.9072180645067012,0.10184129404650716)
(0.6930366338213017,0.2919656221229492)
(0.85585093942541,0.15252315951902076)
(0.837012233069513,0.1701538557193099)
(0.9388928616511485,0.044563187327341415)
(0.7990227179004422,0.1997162476247981)
(0.8433880117421501,0.16277775690813429)
(0.9002355507908815,0.11331756649602334)
(0.804725233385287,0.18774213269671164)
(0.9312462877518093,0.08023574624662949)
(0.9178941691221174,0.08491918472201969)
(0.8405578338159879,0.1521137932703938)
(1.2510731741760874,-0.24758050465865486)
(0.8412693539173637,0.1627243822320146)
(1.0446013981866824,-0.030818073334631938)
(0.813519823779334,0.18434040320888342)
(0.8325564213726012,0.1460207683103033)
(0.8304010095444666,0.17555183955403247)
(0.8786638611500724,0.12880778564385212)
(0.7737138912746485,0.23005054111110368)
(0.915182824417261,0.09466977203903315)
(0.907871186660635,0.06099515732960898)
(0.9249497293713826,0.09758191281165247)
(0.9270825166976094,0.07340338203355351)
(1.3203785498180303,-0.3302932794859414)
(0.8898635198970593,0.10385092236701288)
(0.8823707671548544,0.12130697198479953)
(0.9312427543700698,0.07188403502264278)
(0.7764051785835688,0.21451762544645442)
(1.0127085784849323,-0.012804341779492752)
(0.8185564498362012,0.17214908747365476)
(0.8401082603630027,0.1620383788991248)
(0.8520089369982815,0.17003421957167839)
(0.8570119845572085,0.1358468049261297)
(0.8948303928830244,0.11654210319681492)
(1.0449930412245294,-0.01844232666939942)
(0.830175487410204,0.16915604788686808)
(0.7885803404267974,0.20503635602749753)
(0.8839281849220306,0.13088390239833736)
(0.7575235071261985,0.23838628554886596)
(0.747802075124993,0.24719799959469363)
(0.9831294673577432,0.023300230490124953)
(0.8835051052856537,0.11742230007586481)
(0.8011298068424657,0.2049625280619511)
(0.8282007987196978,0.17959332316086807)
(0.9631058891507144,0.03538305059953226)
(0.9829923071279106,0.02640130474057519)
(0.7919262556795207,0.2014956267197276)
(0.8281733399392331,0.173931007675034)
(0.863117940840702,0.11221337482657884)
(0.7614484617504829,0.2446253171160731)
(0.8526424070082268,0.1365777461541162)
(0.7171768923166734,0.28606974251717365)
(0.950949122492003,0.03932321708404001)
(0.7453379746149038,0.24812599234827876)
(0.8396555085170705,0.15397306785359435)
(0.7886518215814889,0.21427102585111843)
(0.8855269455710814,0.10899507767402923)
(0.7629058096027461,0.22471227355584183)
(0.7445399927230154,0.25398038707701276)
(0.9747069901907912,0.027015938966388483)
(0.9091344647716435,0.10572751508853316)
(0.8632353974637184,0.1269623286395393)
(0.9336450052023515,0.07432214607184932)
(1.07636577089345,-0.08086103079884335)
(0.8886003528382422,0.1055353555851683)
(0.87502657373877,0.13328899626942833)
(0.8301802114921568,0.16454152346303164)
(0.8953805557161703,0.10637798412232799)
(0.7424153792269857,0.25276821199020266)
(0.8045008311379709,0.2108854654948904)
(0.795239574446604,0.20999164007093327)
(0.9111389075940827,0.08136650001855426)
(1.1366592369321815,-0.13420198161159994)
(1.152643671664656,-0.15063437839035593)
(0.9115786016027114,0.08918639863829725)
(0.8965959488869603,0.10214368045043452)
(0.9078290511368431,0.11578580613198255)
(1.184039443366446,-0.17450792990789502)
(0.918298223401927,0.07709787484666968)
(0.8408770362628181,0.1611029215556029)
(0.8393619640096176,0.17948279838453166)
(0.9215728353808696,0.08181038598840752)
(0.7537658683281333,0.24678699766402204)
(0.831186218989023,0.176067667112696)
(0.9146779706461492,0.08234091467677214)
(0.7907377595541846,0.20036095955206257)
(0.8650145349876754,0.13093120973333935)
(0.690945170526145,0.2847193487267599)
(0.7913064452188399,0.2037253257885005)
(0.8459254578520357,0.1553850580895131)
(0.9474231705763878,0.03553601907720514)
(0.7819923863626748,0.22630709581152697)
(0.8867942606030533,0.11187356844989794)
(1.01373531879959,-0.012352717643025549)
(0.8040907291800868,0.18934583248092685)
(1.100866956275146,-0.10293271153717302)
(0.9205820027559309,0.07358957018841)
(0.7795427001236716,0.21067752498310358)
(1.0269609761607326,-0.027163563513170137)
(1.018112397406087,-0.023457519428174468)
(1.1447276418879315,-0.13778911174979994)
(0.7717723919357784,0.22325656221022672)
(0.7931729933307624,0.21790829629690817)
(0.7208644506158304,0.2897315238012585)
(0.8227527867517311,0.18665288394191643)
(0.9247220723382218,0.07577500996070162)
(0.9252905950600571,0.07004283114167394)
(0.7919940274297369,0.20694090144592442)
(0.8953769659319117,0.1091784772317743)
(0.8972388265394434,0.11901530954824614)
(0.8241003409172825,0.15392699538943477)
(0.8686423939027423,0.1411188954630295)
(1.06459163183003,-0.05609718764880481)
(1.0837458476844968,-0.07242015525884941)
(0.9328945799311007,0.07202208621732446)
(0.9384110059527574,0.045503418922142505)
(0.7832210948651381,0.21948888365518726)
(0.8962443329140418,0.12035066800343727)
(0.9288131822475738,0.07755992556850135)
(0.8497406081131017,0.14283045513778161)
(0.6742457126952445,0.3080888047997304)
(0.944206150091986,0.05900969361499236)
(0.8526819712526529,0.13150779591053585)
(1.266221504519574,-0.26165377084246855)
(0.8657582009317839,0.13299916773298887)
(0.8768152445128381,0.12294226327509582)
(0.8808520451988977,0.11740556638852295)
(0.8576556469703848,0.13587507857819217)
(0.8658844601443355,0.14088952078321898)
(1.020050408497921,-0.014838135496271877)
(0.953920239047563,0.0514643018184275)
(0.9324575706094425,0.08337215157394516)
(0.8403452683301436,0.1652223948592897)
(0.9848830602731161,0.006096535930041493)
(0.7850372217570716,0.21350759796569876)
(0.7501705880749956,0.2545723170304298)
(1.0992352335217683,-0.08621150777946114)
(0.9083597563224018,0.08988869541185814)
(1.2371296243244179,-0.24238516335289317)
(0.8773144390835328,0.1137293360703833)
(1.0257414998835,-0.029198638867108898)
(0.8208799006748992,0.1797937746997372)
(0.8139745627070809,0.16683382229644564)
(1.0414780348870905,-0.03454333427661494)
(0.7346742134629263,0.26997758530568156)
(0.8374248842100654,0.16084768825330875)
(0.8667351360653439,0.13713304617188782)
(0.9143052230808333,0.08255772095694712)
(0.7516209218559442,0.24550776446731126)
(0.9840285587754521,0.02252343957809568)
(0.9382956557304707,0.0682430491253191)
(0.9137411566169801,0.1032062909718937)
(0.8174835253562174,0.18696364116295447)
(0.8659236766569909,0.12555743923439405)
(0.7207191411008596,0.27026915622862735)
(0.9840446536488731,0.015410262899683506)
(0.8438286397237549,0.16281982063826916)
(0.8297609304181756,0.15833067449726207)
(1.0716425092157345,-0.06115818126049493)
(0.8695233558327197,0.13598858859422192)
(0.8442842908830586,0.14748842349371902)
(0.9491618534216214,0.04117929783530091)
(1.0870139280116013,-0.09007127165506561)
(0.8287386167609118,0.18620011946604456)
(0.7782189652588424,0.2237634883436076)
(0.7567594978626351,0.2553786958475136)
(0.9945226535691032,0.01574065578874612)
(0.9079623431932881,0.09782768398464466)
(0.743357269266495,0.25152616430525826)
(0.8782784410658063,0.1297915831008191)
(0.8915644919836268,0.10492110974960643)
(0.8664369428292037,0.13331186244488866)
(0.677324481397633,0.32526690009987264)
(0.7829846704449407,0.20990942873972723)
(0.9442656045278333,0.055002401289327374)
(0.7739338736163962,0.22318645045520322)
(0.9158221983051457,0.07775003675651478)
(0.8088703541181768,0.18335912178144373)
(1.0888115323975087,-0.06652117547783654)
(0.8192393083955826,0.18592892185693688)
(1.0242283835032508,-0.02714776428822379)
(0.9070050083256924,0.10703461595558017)
(0.9340669109976478,0.08724785868741541)
(0.9026999322364532,0.0900389244288094)
(0.7474025285744959,0.24815422725331981)
(0.7992349975451821,0.19521493497404885)
(0.902975824827805,0.09264408709201183)
(0.8893176132420375,0.11378979694507836)
(0.7930402288036503,0.20107875891294108)
(0.8297381659836486,0.15336813173864047)
(0.8497759960348453,0.13927353692789235)
(0.8584851272816658,0.14357985440657248)
(1.0661640257634852,-0.0753626376228674)
(0.7684724922784332,0.21809356659955817)
(0.7467006811479623,0.2513697869227837)
(1.2787133535237734,-0.28161835622180464)
(0.775273778975579,0.21595204014308805)
(0.8023478480374794,0.19734696288390796)
(0.7794776983149622,0.21154079715361798)
(0.8306038764142054,0.17784177753362565)
(0.9406432995395272,0.055951604972029986)
(0.8914057939507812,0.09888604888383207)
(1.0284439552158822,-0.03260912614723686)
(0.8874923019719613,0.10596322837913205)
(0.6874782233926617,0.30507402797022254)
(0.6684184757806025,0.32983238170957835)
(0.882574267943275,0.109658841824032)
(0.8876723724180424,0.10652650218209103)
(0.8039302190327534,0.18768173012516992)
(0.804871033625138,0.19227251974753973)
(0.7893011039862583,0.19992735717944582)
(0.8268769188826277,0.17721728816001295)
(0.9806550812173059,0.030294435303168728)
(0.8152752234331948,0.17965525419577158)
(0.8930252301996435,0.09166548437152439)
(0.7707456598803956,0.22327539995861795)
(1.1245513206948585,-0.11282422172055145)
(0.8326779239386649,0.18018758434484577)
(0.9820990005149439,0.010982684771662041)
(0.8758516657534674,0.12558270401124141)
(1.0405108478985303,-0.03585706899870515)
