(0.7877003266724594,0.21022003353144683)
(0.7974313736944778,0.19918771630023624)
(0.926176720693424,0.09321263094772855)
(0.7362859425204923,0.2727262324402297)
(1.1240375259815494,-0.13256626197430438)
(1.0813134744682023,-0.07414847280653805)
(0.9031017862020935,0.10488249362556475)
(0.9055765071748707,0.09247343176829502)
(1.2678929375789678,-0.27286601588681675)
(0.8746979909192809,0.1373566834418509)
(0.7073874398382528,0.2902957530083105)
(0.770070124064478,0.27480964612972447)
(0.6679146476372323,0.33396136298746326)
(1.4048782799321935,-0.3954418691848335)
(0.7472824122787284,0.2625839993624572)
(1.0316694201378807,-0.02842864783181977)
(1.0413804149378927,-0.036362856022292105)
(0.9241531006488827,0.06407513638021851)
(0.7891638234940356,0.21288827818265882)
(0.8574187743435681,0.1567798176579594)
(1.017565996533791,0.006351346127538019)
(1.1662065379320832,-0.15643317179298705)
(1.021664541387858,-0.028439923880573405)
(0.9844946996795545,0.019019908707285985)
(1.2544822862639855,-0.24716258815618353)
(0.8122859959242551,0.18284995615926375)
(0.7596646860661525,0.26278995017412105)
(0.728699125121549,0.24027502922528404)
(1.09724053220587,-0.09321398766064738)
(0.9549075303435458,0.044218831946996745)
(1.0386656903093556,-0.03837525444622766)
(1.0597572811965186,-0.03564572116055271)
(0.6819640719242651,0.3248669886424366)
(0.8968731244383763,0.10774198874645793)
(0.8139026986424973,0.1746306760709396)
(0.9186572079089282,0.09503259682288046)
(0.9995258315894519,-0.012447516782998883)
(0.9389187277905571,0.09518920047760894)
(0.838480902960788,0.19123002923820026)
(0.7476419149148797,0.23874363391408404)
(0.8882347725897102,0.12657533937369436)
(1.2290384863238044,-0.2333624001808386)
(1.0258683411398182,-0.05189325556981622)
(0.8651950919366161,0.14298674402187297)
(0.8011339175172125,0.18763141647165416)
(0.9296468356872971,0.06362495161978098)
(0.7781322239022748,0.211047948677468)
(0.6777288804213775,0.30661138415737726)
(0.9136430129958178,0.08169587905517549)
(0.7049654966526957,0.27852800784532045)
(0.8012618294472651,0.1996552182354367)
(0.9963989560379422,0.01553281080520927)
(0.9754248168474019,0.04129629935986505)
(1.0132537184683195,-0.02882813601034602)
(0.9602011985652879,0.02463057143976923)
(0.8973497685944319,0.10221737796479452)
(1.0526002308753966,-0.04941198258811854)
(0.6657683985164485,0.35640184279117015)
(0.5638503456062764,0.42083860013474395)
(0.7344963145141987,0.2591345236674114)
(0.8161919730060834,0.1843497950874364)
(0.6213922308795311,0.35881563201168115)
(0.8512263813691258,0.142195276578258)
(0.7987394218999906,0.17040838735416264)
(0.8557787649486346,0.1435982210629245)
(0.9499613443961565,0.061885736458072556)
(0.8323273526404914,0.15675116299404482)
(1.036574379693292,-0.02429552370782541)
(0.9748601010531288,0.008918581645704464)
(0.8124171409199258,0.15893312401256218)
(0.7829667173871405,0.22954425516773855)
(1.1520533277399345,-0.15161667775361784)
(0.8780399067071402,0.13779035664739656)
(0.76936020592238,0.23610437574995224)
(1.1505887008024767,-0.1364071370082196)
(0.7980016603235227,0.19853966641878368)
(0.8358858889602526,0.14514618638109877)
(0.8651423002207262,0.16296808075520536)
(0.8643818905722304,0.14024551205078326)
(0.7508983019675103,0.24022687241944649)
(0.841143354581529,0.1612892317355358)
(0.7464141506139789,0.25009649092019703)
(0.7952335763177882,0.21300315167618755)
(0.7344673092983086,0.25984883095190414)
(0.9746513239241316,0.022323475651495134)
(1.0401509157386717,-0.0440575040905745)
(1.0380698530304648,-0.047011897070889305)
(0.6320301552322103,0.356700972545607)
(1.154865047630907,-0.1653200006311582)
(0.8493520260435999,0.1464002178591526)
(0.8971918022149712,0.12498064451798886)
(0.7193638183287148,0.2629465235438374)
(0.9862950174805271,0.03391726592426648)
(0.684376959514147,0.3025512970205378)
(0.8389598548449361,0.1535543686769215)
(0.9812518748338651,0.024734912161853712)
(0.9889151561476887,-0.021986388679006954)
(0.8986964170004689,0.11311245681306092)
(0.8912218798868378,0.10393189830693894)
(0.7497788308091659,0.2539799956341005)
(0.7906912536616082,0.2055766889261848)
(0.7205764581240449,0.2940034741309033)
(1.0259874818852,-0.01311782512937328)
(1.2269892774812727,-0.2007595237112845)
(1.0904173282135838,-0.10193354992492196)
(0.7660773099855096,0.24537147448127156)
(0.835410099761668,0.15543169733311288)
(0.7056056293831481,0.307760118999255)
(0.8293894330772913,0.1517912825778253)
(1.0177173509275985,-0.017687778040176516)
(1.2891209581842302,-0.2772840687613156)
(0.9383658823907646,0.04568871993241965)
(0.7111344760874462,0.2775278658857726)
(0.7700775449263529,0.24267781224498275)
(1.0167247854040646,-0.01678400215015241)
(0.9229343862278786,0.07761619126516428)
(0.808608055888146,0.18634877918882145)
(0.6695811464776494,0.3332118397681906)
(0.9361719958819388,0.09244902817392903)
(0.8715447740583196,0.1436830830682109)
(0.8692389068904082,0.14146138177178844)
(0.8543066483352368,0.13672957591103987)
(1.1502263297832735,-0.14689859879679226)
(0.8244188457227173,0.18790347267588145)
(1.6112515393866018,-0.6023847899920675)
(0.9105084207963158,0.0845233503296906)
(0.7156987612726531,0.3087268136428691)
(0.7536547346974866,0.2420502918803468)
(0.7214547975419456,0.2608698527842659)
(0.7483779221876796,0.26131936187823296)
(0.9206783848175789,0.07061700705877497)
(0.8748403458535647,0.1442399077283459)
(1.2268782615379155,-0.20705946702763137)
(0.9512072674982806,0.036280302514507916)
(1.0041568378550632,-0.002498217315787888)
(0.9979642562818101,-0.004915416201777923)
(1.0474056092198336,-0.03873624452108722)
(0.9346071821147597,0.07479870815852044)
(0.6482002122596071,0.3389211575716904)
(0.9154914232637816,0.08280007960975025)
(1.032686619351423,-0.011079945915986064)
(1.0018272347242403,-0.011029480824398839)
(0.7844380459003503,0.2266785464268122)
(1.4884230341773612,-0.4728287774350671)
(1.2229668423574536,-0.2071377157412012)
(0.9563109877569933,0.009955208475575935)
(0.8264857500653767,0.17778915406698548)
(0.9986058367184806,0.016101131175622303)
(0.7277878765131033,0.2539937839635675)
(0.8324640211056279,0.16581976880404659)
(0.8786698852278984,0.1508424826131881)
(1.359836680578824,-0.37338648366312593)
(1.1093036372503466,-0.13134994720153248)
(0.9717797393924601,0.048038024181847744)
(1.0067292948525868,-0.004618837436476337)
(1.011352199744973,-0.008941557243640676)
(0.8305050074540093,0.1952836607885429)
(0.9769378142038213,0.02111767072431152)
(0.7978220414593903,0.19414699001835634)
(0.9086636108302202,0.11651113432602261)
(0.8285423930191222,0.17807028288671523)
(0.6496653378454069,0.36222814404000725)
(0.8166654943697823,0.1810329105561674)
(0.6551141418059498,0.33511428510628527)
(0.6827067696956599,0.3130280614622368)
(0.9948332863416922,0.0051474764319608905)
(0.9468144375893355,0.05370089576284193)
(0.8583026034904456,0.14825009119382615)
(0.7766074251035961,0.22676894814996432)
(1.095081431663015,-0.07704260880032962)
(1.0363483631819277,-0.04262900885682397)
(0.8921225053015629,0.10578186618373306)
(0.784704155733565,0.22306518370714867)
(0.8016744121332579,0.20304102559030507)
(1.437060878699651,-0.3947465719477098)
(0.7494543074445179,0.23981450131897714)
(0.8804789117388658,0.10246880385218489)
(1.0312696039505833,-0.0493224307589252)
(0.8759320696625846,0.11160736700203984)
(0.8084313070594675,0.172643844816536)
(0.8531824352884269,0.13345056449824952)
(0.9370454295305737,0.06373188403159352)
(0.8185842879489225,0.20272674381904654)
(0.8449997229950472,0.15385159744225207)
(0.9211410169970191,0.08242921435706735)
(0.7667050450989291,0.24226661777046365)
(0.8156953006567421,0.1723110579822426)
(0.7833716500546849,0.24176717300789294)
(0.8895074998251328,0.11451248310366077)
(0.955243881202994,0.03645259587157463)
(0.8034015896140118,0.1873001108154133)
(0.8952014837634943,0.09346353867593936)
(1.0715207085180676,-0.04983764413885621)
(0.7524434259801625,0.22809114648870013)
(0.8169378895809404,0.2027087668165403)
(0.8599963846542517,0.14028546997855784)
(0.8493935520864275,0.13028084356076017)
(0.8258404651880408,0.17280704726101687)
(0.7898511234470262,0.1940298779532719)
(0.8797157581695874,0.1317917110627025)
(0.7798255238534293,0.21979286837361708)
(1.0521125983514472,-0.06554437651108536)
(0.9492800228715399,0.06228745523673938)
(0.941210929955432,0.08189654592981427)
(0.8204678838704652,0.17780532534309723)
(1.029536120256595,-0.032023638428043164)
(0.9103934075416532,0.07311048490817457)
(0.8149265314513933,0.18718177151046403)
(0.758708609590574,0.2283076088979634)
(1.0303817410840448,-0.01421793799717076)
(0.8737195734722047,0.14159059059998746)
(0.7210075093830142,0.2811758296357925)
(0.974366834253145,0.03118355684486667)
(0.9155547569429633,0.09053141177986622)
(0.8076769915910453,0.21902689642586917)
(0.8533653741308933,0.1506169795054208)
(1.088858315659307,-0.09162125564552182)
(1.3257264144671126,-0.3252822193543797)
(0.8646920761042534,0.1390079095504485)
(0.8328756698749032,0.18834068639168144)
(0.95278217266096,0.06829850815974316)
(0.964670007242032,0.03305297417535404)
(0.8372613272740154,0.14582972830564206)
(0.8970014577531971,0.11052701162999053)
(0.8225073725830158,0.17971634438756093)
(0.9243539562934666,0.07222490779065824)
(0.8185713016525529,0.17565658239784138)
(0.8721429303086722,0.14118283758367736)
(0.8071619853978973,0.19548833854030806)
(0.8898090993599376,0.0947178044308446)
(0.7011828580358596,0.30151191580363224)
(0.9093964993942789,0.08844060711733621)
(0.9099312797532556,0.11276591220149329)
(0.8063335053959225,0.18685798097356457)
(0.8572322963286171,0.13636860633331202)
(0.8305092175646696,0.1502612050094757)
(0.9456278002793127,0.039934263090995265)
(0.8684274000123018,0.15219874577338383)
(0.8544702827621283,0.12949642619218119)
(0.9631587669922307,0.05606387519604205)
(0.9761925917011159,0.04238325448091025)
(0.8102739303787395,0.20235610333034074)
(1.033744077714584,-0.03182255895226244)
(0.7863653001338169,0.22328025995079678)
(0.724963701962272,0.2707684415518755)
(0.8302858362477131,0.15363557338017822)
(0.9528564338845654,0.03838989139125089)
(1.2230082719929058,-0.2509604137180461)
(0.7809446702344296,0.22160150049213284)
(0.6970480474378874,0.30272256389096797)
(0.7419229058155068,0.265051618356288)
(1.191170859011084,-0.17753349211812333)
(1.0512409297176757,-0.052063970761735134)
(0.8075577635919068,0.19082288887056117)
(0.7756992965189465,0.23969317692886014)
(0.8862559215826626,0.10609951698210954)
(0.87459669009731,0.11885073843371098)
(0.9058627688959134,0.10154875288864834)
(0.743181978658071,0.24194867170895407)
(0.6830153815813379,0.30616888531416353)
(1.107869469065049,-0.11699748219608551)
(1.0689627987217356,-0.06581389689908798)
(0.9212299811847496,0.06878406744036084)
(1.1150960521614652,-0.1131571066534343)
(0.682079599807613,0.3387020032572755)
(0.7578769705586814,0.2231284024436425)
(1.160590264147815,-0.16174829226224088)
(0.9257168537662261,0.08547855589022754)
(0.8321723484451551,0.15985718042155378)
(1.3096587966811681,-0.32037817475774705)
(0.9555901604815181,0.024595820664035505)
(1.0429416250082009,-0.05363145130619942)
(1.1504186542488353,-0.1471858850688579)
(1.0759600999705365,-0.1007047919136456)
(0.9828181279847136,0.01879602479897717)
(0.8598533655374637,0.14548725215165406)
(0.7695249884422987,0.2399915808675648)
(0.9759445593125918,0.04057210252952895)
(0.8941170179642063,0.09289443039703471)
(0.8935058738369349,0.09486199319566234)
(1.1241766881016202,-0.14542376623191408)
(0.7944355474019517,0.19944847175380803)
(0.8834184282298313,0.1014451523530856)
(0.8873906861149095,0.09305631000980093)
(0.7991085655408932,0.2060091439463043)
(0.9993522150710805,-0.0008483511111469995)
(0.8548203673591837,0.13411027568630948)
(0.8332950707553234,0.1490092618474621)
(1.01547114641855,-0.032539111734751755)
(1.121306107475689,-0.12739520135963603)
(0.7480514712242354,0.2673755849592034)
(0.8652312917539048,0.13697980980889632)
(0.8908453690752458,0.09329694983970643)
(0.7566413344228278,0.24080623927650452)
(0.871922845824036,0.10927893370909764)
(1.1419817639771286,-0.14800680263236005)
(0.8264232067608366,0.17025552120801987)
(1.008113329185941,-0.006038310131617759)
(0.9245695450840752,0.10312245499484261)
(0.8356672284589236,0.16906396698884346)
