(1.0085608331442297,0.02517058794920541)
(0.6406154453736711,0.35076168970905286)
(1.0253135168432386,-0.021791738021918684)
(0.8909925808477709,0.11353706299752224)
(0.8052072062262713,0.21442852766897702)
(0.7946430318848682,0.19678304954720846)
(0.9441545145370204,0.056167792682829704)
(1.128675225552713,-0.14360223598703997)
(1.1240600503406575,-0.15242485212498763)
(0.8664752171222577,0.11480849201991043)
(0.6232846332165853,0.3834687104798517)
(0.774662190069206,0.20479851892648665)
(0.775674515363564,0.22761568977182622)
(0.8666605717410351,0.13669566093697902)
(0.6687318145398954,0.3086780735362212)
(0.7792465264553948,0.2078444338459856)
(0.8303056425538504,0.1525719156721501)
(0.8706637353801084,0.16147795788395636)
(0.8496658582304204,0.1661927112501521)
(0.7062341279731787,0.2699514126726235)
(0.9914716219587144,-0.015353746226069193)
(0.6555600340194181,0.36683500097744864)
(1.2462322057995576,-0.23181656466351594)
(0.5696710734571441,0.43118664395489686)
(1.023684650533014,-0.045810475278523485)
(0.7397870530689458,0.2402105943264751)
(0.5775146437267189,0.38587228096687903)
(0.558136809154228,0.4801956496598195)
(0.7588845514372643,0.2560286608566891)
(1.381894786071758,-0.38538354777857275)
(0.7215106819420276,0.2669859286007913)
(1.0093409956332307,-0.00430308267054803)
(0.9189907039638271,0.06807593775521358)
(1.360084012551399,-0.36542299431710024)
(0.7380084891971422,0.28548372319129456)
(0.7982568474411544,0.2049231860267062)
(1.121541512216426,-0.1454534757960607)
(0.9591514195165038,0.031893122338541746)
(1.3120721414307572,-0.3497588613765024)
(0.9556309397170115,0.05291032618184146)
(0.8622372048145602,0.168204383024279)
(1.2670824474954303,-0.2869272460162022)
(0.8755349064478959,0.1453223817439316)
(0.7286555381910216,0.26712337881602866)
(0.9974541138023708,0.0016089612313015637)
(0.7896943235972569,0.21431516048270932)
(1.0785384566871081,-0.07092349059416733)
(0.8725045911588267,0.13487846796705275)
(0.7899813056525756,0.20206985013232548)
(0.8869456992268171,0.10911220036905638)
(0.8160543001785967,0.182697082708096)
(0.6626077206427226,0.3741636875675545)
(0.644179056354973,0.34184497133134906)
(1.1554536004391214,-0.18089653995797422)
(0.7080468670760133,0.2711578671355112)
(1.0979130627752924,-0.059256441164381286)
(0.8214839888702232,0.17747685694309773)
(0.6973983628333579,0.3158777863720785)
(1.1360965517999402,-0.1142197683136388)
(0.7659628590418874,0.24194920831347266)
(0.7460954508875415,0.25490934570873985)
(0.697837884150318,0.294222181301814)
(0.861632098002879,0.1536637750221146)
(0.9215663596536657,0.06363536027692998)
(0.690061594585641,0.2823361836510039)
(0.877554981027326,0.12499544649128363)
(0.673743901623781,0.28838713431738966)
(0.6485201262944895,0.3578537044782462)
(0.818679156582109,0.17236970752242736)
(0.6254337585201656,0.36388813114259816)
(0.6340770184192175,0.3458778941816355)
(1.1290542403970003,-0.11847596361983674)
(0.7308131972387956,0.27887282258269036)
(1.1106758765877691,-0.09393337490347603)
(1.3242216544813525,-0.3043370463788204)
(0.9062811920337053,0.050559408604563594)
(0.8927927564315266,0.13636175171812737)
(0.63191070456226,0.3639178529109917)
(1.0239321130468935,-0.013565845929742902)
(0.8062334570449198,0.19974557485622046)
(0.8179017483754574,0.17038127967009292)
(1.0195214364099532,-0.04314464673295687)
(0.7410046996969069,0.25882947812712714)
(1.0708490625143037,-0.0679536308334812)
(0.8708269731303506,0.12710752402095254)
(0.9179728267574676,0.055646953167935644)
(0.973535357358242,0.02839289997383606)
(1.0721956803417247,-0.08788978197035822)
(0.7466614746340728,0.2798226653013478)
(0.7130087926240384,0.2816858126951029)
(0.8834402750314455,0.1422407172275472)
(0.7738990669848816,0.2392373309533494)
(0.8075231846156931,0.21422441336994147)
(1.0397305619466153,-0.02744229779059497)
(1.3168713986218905,-0.3360499322653561)
(0.7424576554691109,0.26993560098049046)
(0.7647187865370882,0.22718734831389192)
(1.0008803278096958,0.022323906184974464)
(0.4530882487586893,0.5507415202305213)
(0.8481255388239113,0.16276257391607615)
(0.7903864997195692,0.21103323899742618)
(0.8059078822632831,0.17666202395632527)
(1.34716691097904,-0.3276507953689125)
(0.7687336361362674,0.23797606822032416)
(0.6926401369594409,0.29049118673098)
(0.8304455187826494,0.18228013408815896)
(0.88251085364608,0.12315624834971131)
(0.6908952597396851,0.3238994662695094)
(0.9649240149303204,0.007656012303883147)
(1.2016823782190784,-0.17670201180846476)
(1.5641523141452538,-0.5484164980378303)
(0.8670158760487975,0.14052573688955647)
(0.9641165499485645,0.04683983253882135)
(0.7754511486033586,0.20272901099434595)
(0.8614297584847054,0.11860294234881172)
(0.7517938795285594,0.2436932926776363)
(0.7419067538405432,0.23559397959579043)
(1.061444218840569,-0.035796255741764316)
(1.185203322384111,-0.1843486061503156)
(0.7709072045306016,0.2393705539445703)
(0.9296365136422806,0.10910588105524205)
(0.8379671506745818,0.17406676781031988)
(1.1085332936598384,-0.12196613564575612)
(0.8665077595539873,0.15013601694406203)
(0.6132345859746161,0.363777559274682)
(0.8379390153937631,0.14085827847832233)
(1.4453273047518227,-0.44400047526070957)
(0.6058514240755495,0.36353342660085375)
(0.7733928549173839,0.2464697349696166)
(0.7128962659229436,0.30809349325823787)
(0.726586225827221,0.303426183766567)
(1.059842681238524,-0.06690247092008335)
(0.5794684662349947,0.45967500888341023)
(0.7653664146973773,0.24176414997370305)
(0.5741374360013779,0.4386093788498236)
(0.7677163949710303,0.2514375913152937)
(0.6109232983269464,0.3658924850569287)
(1.2438400808675882,-0.2310891971870777)
(0.8052499653740622,0.15039114686295488)
(0.9940110886477908,0.02766931427958336)
(0.7125883618039868,0.2714883682326951)
(0.9193715493062233,0.11245775650653815)
(0.9566012248450283,0.05091038659521784)
(0.8837787490060603,0.1043058814119262)
(0.7350817279687376,0.23723187633643808)
(0.774201589440768,0.23315771829934637)
(0.8843968618042108,0.13398815310602602)
(0.9598721257577727,0.03766524394235203)
(1.1171916434323983,-0.07733324029390101)
(0.8437843865053641,0.1549900072431201)
(0.6620382910000336,0.3611412703153298)
(0.6310512412297874,0.3696980834269538)
(0.9301632418911508,0.07071997559640135)
(0.719904369100144,0.28646731976310746)
(0.7395075366715559,0.2681046414056445)
(0.5697422860625764,0.404715453487807)
(1.9224890887476662,-0.8982161121673315)
(0.9530811650465925,0.02295959727317855)
(0.7596086008591845,0.2462280907342998)
(0.7158560042869353,0.28554564048014247)
(0.6465497492896264,0.35367194595246)
(1.0682451152662706,-0.059073601797376245)
(0.728799059390475,0.24710581616469302)
(0.8597037130997145,0.11706018981357573)
(0.7413825178135052,0.2964990680390533)
(0.7625850783088822,0.21356795222986674)
(0.72212077696013,0.29711607860904204)
(0.7341479310633514,0.28619650606784647)
(0.8133336966934368,0.20231376865993717)
(0.7874924368452486,0.21154209983933392)
(0.7522744185133301,0.2160349368111133)
(1.0536591532957416,-0.03669532640186237)
(0.7925245931621024,0.19852159113145537)
(1.1537720039743982,-0.16685983031729465)
(0.6657054889526406,0.34335990189918736)
(0.6394926755316015,0.3444866121862727)
(1.028676413414133,-0.027632091365552548)
(0.6543852299627159,0.3335799322542147)
(0.6962942063996133,0.30596121943284604)
(0.9954200584566666,-0.010770970463846443)
(0.9503440559837784,0.04821744025160825)
(1.1912713796974876,-0.19336620004097332)
(1.0347563775586543,-0.05780848789759627)
(1.3962110648096806,-0.4145582057471848)
(0.9127024922255527,0.03870617129474492)
(0.799014103151277,0.20716826756840015)
(1.0541792585686869,-0.07332280811271624)
(0.9534263565528678,0.04135624348452186)
(0.7936271495941766,0.20514533924690292)
(0.7004937735793431,0.30795424203044597)
(1.0134492155306276,-0.04432499394399411)
(0.8760912173011934,0.139171444534576)
(0.782970556431637,0.23726039267217577)
(0.877263531459311,0.1519029499506472)
(0.6199792669311105,0.36520064505777405)
(0.950932671896793,0.05135813920795092)
(0.6970600031803614,0.2843817303148878)
(0.9794808441476023,0.026966627710689018)
(0.78565000702594,0.2350442507554568)
(0.7603936142352122,0.24432924167866235)
(0.7583836269670117,0.2595473162811834)
(1.3843824086368615,-0.36243580750045123)
(0.6911066969264923,0.28784270646967974)
(0.9243710919604272,0.05576681256952444)
(1.1983583259720494,-0.20621940117342638)
(1.0825768104448885,-0.08807320164150023)
(0.9613126094916008,0.05725074847643198)
(0.5410393778626936,0.4431516508666115)
(1.091112718075382,-0.0969539112867063)
(1.0907572101566005,-0.11914372989683214)
(0.7782700746746015,0.22645864050848313)
(0.5484284290745058,0.4333024527433732)
(1.3853296860029023,-0.3720704462970409)
(0.7583897596539676,0.2415356421620919)
(0.878514360027456,0.14617922807481648)
(0.6884265631117961,0.3042790145496261)
(0.6824208862564314,0.3128091979936663)
(1.00551049524834,-0.033502812409325074)
(0.9409273474071277,0.03191350702048913)
(0.7523008930293147,0.2563098797906859)
(0.5734234961061971,0.43404170527057057)
(0.7582115593456279,0.2603191843257758)
(1.1592967077122385,-0.15450915391802167)
(0.9687885610973853,0.051774056822704806)
(0.6270395405584259,0.3374046345812366)
(1.61044755857386,-0.5685222411606724)
(1.040753818747361,-0.054378191518769325)
(0.959526509597545,0.020333855746399444)
(0.9648283290336929,0.05148094936760308)
(0.7735158894461728,0.24708433845608566)
(1.1633511629784827,-0.19657208769803677)
(0.89672298374645,0.11015900954750357)
(0.7040145659711655,0.26491053540465737)
(0.8093382052356153,0.1702023745079438)
(0.8521861343707934,0.14118077030388518)
(0.7079592215648209,0.27547373848944745)
(0.7210302697465539,0.2877764817471548)
(0.7984679031917095,0.16291776484916615)
(0.8466021849754586,0.12558975742157047)
(0.9331592669497429,0.06273059552197896)
(1.1699005636442896,-0.143893794522546)
(0.6863965048437174,0.29100296332963693)
(1.1199638438000576,-0.08183705399531661)
(0.8467039428374624,0.1716999525987865)
(1.1514526300125858,-0.12708365078757025)
(1.0145646047573416,-0.006383536758595611)
(0.5342130563525591,0.46174607955902736)
(0.7099594685636424,0.2890989494061015)
(1.0668363354426427,-0.07023511691077024)
(1.1135697461485858,-0.08863661006161995)
(0.509040793733321,0.47195109540813784)
(1.553314916922491,-0.5447865232609452)
(0.8340587778963987,0.1430336235104684)
(0.9733199351599289,0.05494112801697767)
(0.6643723542727179,0.28856104890306)
(0.782397448174206,0.1916270290531569)
(0.799535919414005,0.23297406536075915)
(0.6421346580837491,0.3738809837597724)
(0.9986740053819816,-0.013150521928308272)
(1.281296546044517,-0.285816696202738)
(1.3641091876257747,-0.3957184042325124)
(0.569251149378562,0.3921612640413031)
(1.0396846083278763,-0.04258406820659864)
(0.7844390276672418,0.21380230838059494)
(1.4471074113681786,-0.48989379539121247)
(0.6306636849460155,0.3371399896898837)
(0.8985374187364299,0.10553800673525919)
(1.471338487085144,-0.49198257677265195)
(1.6992244630085318,-0.6912946038450555)
(1.2533603668306132,-0.24918883566204622)
(0.7621879303900287,0.2615323821380687)
(0.6887766452712591,0.34969207964667204)
(0.4631166527195381,0.5464076493587025)
(1.0334518874423892,-0.016863423041494078)
(1.1131121764274576,-0.11662397212327605)
(0.6977920899845526,0.29644506787438796)
(0.5279724392946884,0.4548470054210546)
(0.6147333633444287,0.3840884399975174)
(0.7933536694822904,0.1829970477225562)
(1.249009600248266,-0.2578036163800678)
(0.9116605412711202,0.08999732153524063)
(0.6278797493407843,0.3510655226759883)
(0.853218271558776,0.11822606604376015)
(0.6569874359842538,0.3175133723124388)
(0.8679465359208489,0.12667487050760637)
(0.9571720738005576,0.020465680356560583)
(0.7143108382364103,0.2828194280510148)
(0.9760887749175076,0.04273311834576649)
(0.9550627011082133,0.03273938637244037)
(1.0302744382493092,-0.02283015136842378)
(0.7055531630107432,0.2960419926554693)
(0.8243544056583166,0.18279913765666522)
(0.8129841489932857,0.1725089971694594)
(0.7809680387311451,0.24314153658680507)
(0.9516755011334044,0.05503420970296236)
(0.769298599022694,0.2515814487875964)
(0.9538377786916875,0.015515960682977809)
(0.821751099580268,0.1608070457378354)
(0.7889097449905674,0.23946415746955588)
(0.5292059504124547,0.4783067014416413)
