(0.7062438159649459,0.2839043702018155)
(0.9243934366399499,0.08241800521187241)
(1.033348291862848,-0.010285524988148836)
(0.6921316702120767,0.32397222389024044)
(0.8939839463042826,0.09873045352897757)
(0.943730613233998,0.05619191682579999)
(0.9957220972772065,0.024380889715570578)
(0.9285025312816458,0.06508011955520467)
(1.021147199757133,-0.025982693216516185)
(0.9713282021394454,0.05126515342065069)
(1.082868141640511,-0.08308706317636042)
(0.7229101158850093,0.2580839863777638)
(0.8290036731089003,0.17527572047238965)
(1.008060223687265,-0.01572985963569357)
(0.7982054916652893,0.19039414185142825)
(0.7443740978034088,0.2641417998794714)
(1.1065908217045073,-0.10672622141232867)
(1.0167956551863095,0.0022920329275013356)
(0.9120764865344745,0.07087939112354984)
(1.0065694601955388,0.0076811015662784)
(0.6566377763170387,0.3364037765644091)
(0.9428540593178633,0.05192589395986561)
(0.7582981664958042,0.24342555144400152)
(0.7938179867538944,0.2028064665246776)
(0.5389569393831858,0.46075149483240346)
(1.090586623892,-0.061170058238749214)
(0.9774002222715419,0.02982837948226268)
(1.1153641679899846,-0.12238377163870894)
(0.7054352340637101,0.2805292767044724)
(1.1124914417149787,-0.10556602082260771)
(0.784087778420981,0.2173357875837027)
(1.006285086913897,-0.007252371699364111)
(0.9907363601505995,0.018457577361598407)
(0.7094733920791277,0.2798995505334785)
(0.8768054564961264,0.13580473572344534)
(0.9247167654905483,0.07541616363028869)
(0.8931087609451567,0.10316065272726316)
(0.8119863064998712,0.18371143542598697)
(0.7623558854175493,0.2298911049844817)
(0.7928772477607922,0.206307016620394)
(0.8469112916954786,0.1482492677373648)
(0.8621572498023089,0.1363097309798928)
(0.9154560516444966,0.07280260966709565)
(0.7433369054141034,0.25749106499810825)
(0.9932944810101695,0.015430485807637622)
(0.9086573967624951,0.08896311397550812)
(0.8550338770911994,0.1515339384320664)
(1.014015823603984,-0.009666423414011542)
(0.8322230189099982,0.16778950716827096)
(0.833794917041548,0.1703729233544483)
(0.9547342109900929,0.0247924444585174)
(0.7453065309523581,0.2505142648206697)
(1.14342179097789,-0.14839645597084994)
(0.8386393132120122,0.12263474366430385)
(0.7504648388739901,0.2559931606550447)
(0.7093714173286632,0.305044609674921)
(0.805097649992897,0.1764860309131317)
(0.8452078797235992,0.12329815106311726)
(1.01454176742795,-0.016551799015975265)
(0.8697769638014262,0.1029683196642602)
(0.9518668942562184,0.04191200985930605)
(0.910931062354258,0.10526897953279774)
(0.6893960880172756,0.3160873044359645)
(0.8590940763252766,0.15623350109405987)
(0.8134583301002813,0.1949089755625488)
(0.5981958194700777,0.4216701103016478)
(0.8192999063333767,0.1714781851234989)
(0.9902077264137936,0.035961239045364156)
(0.9814088435732689,0.00936953192298468)
(0.8446585082675997,0.13650996334183674)
(1.0795674435133373,-0.06811461266642053)
(0.8198285833802824,0.17768987530588665)
(0.8995743047956192,0.10199299800064579)
(0.914859493867207,0.09555661700992882)
(0.7151772492051677,0.273029230650566)
(0.8284429432200355,0.17442383551960125)
(0.823737381493945,0.17990169406617065)
(0.8453577071909927,0.15074821996065652)
(0.8752030198689735,0.09670519789752136)
(1.0500609855155794,-0.04554933590527894)
(0.8623871850931,0.12399274212447516)
(1.0247331404007187,-0.01676063075793442)
(0.8271269601582738,0.17296586913724105)
(0.8344081007189047,0.1434149759386716)
(0.8545022066558053,0.14758647719772244)
(0.942870671045715,0.03159451959459893)
(0.7968218237947746,0.20867118374506013)
(0.8750613732117852,0.10590706583458406)
(0.8742604798940768,0.14014769405866673)
(0.7795905117673321,0.23268977951242958)
(0.8131418004970755,0.19049432695764681)
(0.8073922501552824,0.2012372880624689)
(0.8300308189483195,0.18863656734082085)
(1.1201997471497542,-0.12575677547399924)
(0.878825951757403,0.11824470390716663)
(0.9321849523096772,0.0989093281494652)
(0.9354452091753991,0.0782218248461637)
(1.014925869948302,-0.029497376885920887)
(0.9624370684960116,0.046952078117471506)
(1.0124305263039097,-0.02161026658421635)
(0.9680910030283846,0.03762161932357417)
(0.983142549423041,0.007529908666825724)
(0.9659482811100755,0.044637887329782064)
(0.8065833168840902,0.18839695917242819)
(0.9364739875237775,0.06375330404155735)
(0.9975159691689435,-0.007979066562542835)
(1.0808783644840905,-0.07894510253434336)
(0.9801438033083638,0.022825797427539724)
(1.1071683797341794,-0.09907988587134214)
(0.7929742731951082,0.2107807645024069)
(1.0051587348435556,-0.004358803873839673)
(0.8603854843777204,0.1468517361882501)
(0.759010828380795,0.23598992749836278)
(0.936186789755036,0.07311849907646467)
(1.2650892087122123,-0.2723307517390414)
(0.886205733252708,0.13168252944190165)
(0.8233156282408051,0.17840670399328035)
(1.0547850281762787,-0.05928802080354911)
(0.9267876454168743,0.058053815245847025)
(0.6891877341419974,0.33303485315155257)
(0.8213690141023416,0.1744032046367122)
(0.8902834301001934,0.10827426463407855)
(0.879074015370104,0.13623752256423585)
(1.0998157116611096,-0.09096587649073966)
(0.7137073792242266,0.2706900845858788)
(0.8787320822877043,0.12254631092480306)
(0.5493888978585042,0.44963488728841994)
(0.8079215893041788,0.17032880533713604)
(1.1532078438017563,-0.15413332630711069)
(0.925757925461581,0.07608953506858249)
(1.288023685304454,-0.2897943310895223)
(0.8449067365496776,0.16515297536924256)
(0.9875782274926141,0.01698046679036633)
(0.91838119339499,0.07660380013583167)
(0.8909335327390773,0.09741987450056272)
(0.8594898522964215,0.12213163378845088)
(0.7400315527192801,0.27685254956557703)
(0.9592016433963961,0.04212069347257909)
(0.764272244884985,0.23414142058806467)
(0.7546507513123581,0.22434972141684836)
(0.9093906659868931,0.08193643777150957)
(0.8520177990242399,0.16768458043411538)
(0.7615660682317149,0.2583673578922497)
(0.846981635040432,0.1671349510977145)
(0.7281636018276361,0.27600047893998775)
(0.7836857578517881,0.20313740092107443)
(1.1044494371437013,-0.13073368180781705)
(0.869777244709755,0.13844070569258377)
(0.8472485975980051,0.14485757806690247)
(1.064322588660618,-0.0704927083754718)
(0.8949826821287868,0.09881880336142237)
(0.7826892734931751,0.21372103695136674)
(0.9051237382073646,0.09201695350934526)
(0.7717045680497063,0.23350093710044162)
(0.9851701281977929,0.013281864051593324)
(0.8672975678845632,0.10943656641203178)
(0.7966655631729247,0.19699162367037631)
(1.1651346871845498,-0.15434661590728962)
(0.8974097284482678,0.10592559866883429)
(1.0983496169118667,-0.09137919958178113)
(1.0094247818379678,0.0014355455030510124)
(0.9474750191769482,0.04856002715416372)
(0.946501105278484,0.03716002754769991)
(0.8017734356340165,0.18148154165978347)
(0.7941104714413996,0.1966571638126666)
(0.748125488409699,0.2644325827534173)
(0.9346500195985108,0.07027312464593506)
(1.0629152502006785,-0.06200694857867322)
(0.8671618740307137,0.1353743134015697)
(0.9364500501765797,0.030437412294922337)
(1.0402107288680322,-0.03183275943121593)
(0.7468561493540891,0.24915847189598336)
(0.7559781446048698,0.2547397229424159)
(0.7781690910154834,0.19785575453553822)
(0.7851348353415962,0.20739060407434642)
(0.9843100584018848,0.015832759816107912)
(0.9614004687609362,0.03079920793400627)
(1.1232245024055896,-0.136758890643859)
(0.8670388175922271,0.13208384946492058)
(1.1705773142643312,-0.16171422804365598)
(1.043274075074371,-0.02952615434104133)
(0.589239780614909,0.41468815365217576)
(1.0154892490949345,-0.03249512988100094)
(0.697643155989786,0.28375335062533263)
(0.9531952173452274,0.06294015240524141)
(0.9577804790738162,0.03692681299951886)
(1.054680637628184,-0.03324639248616166)
(0.786638023846797,0.22784595439441188)
(0.9050747095209986,0.10845880329386891)
(0.9241830937248259,0.07437449576652506)
(0.9338825397061669,0.07553508295905198)
(0.7983973909681725,0.20384213126688588)
(1.1517163210021661,-0.13935302482435943)
(0.8173632682724553,0.17917220819213162)
(0.9358377934097852,0.0622294943489915)
(0.8736381420516481,0.1449366822282414)
(0.8406191302003169,0.1505237580603039)
(0.9745264271991401,0.018260467714715085)
(0.8636076877900017,0.14263644090277355)
(0.6757114962756225,0.3091458060239692)
(0.8402170402251115,0.14339165859087327)
(0.889651757906917,0.10590910834754044)
(0.8510455134731643,0.14095069050768122)
(0.976900650572641,0.0287739424386647)
(0.8471687530567511,0.17348155348140823)
(1.1062141193176422,-0.11742248537179399)
(1.1578662242199373,-0.14476819978979227)
(1.0397099112241748,-0.04516271351535651)
(0.8682847432518047,0.15301518641234288)
(0.7219858458185816,0.2895162779564214)
(0.8933252024973235,0.12153150434289788)
(1.0225683533947643,-0.019926859145670328)
(0.7390892985378024,0.2548018060648185)
(0.5780003448922021,0.42715781007897136)
(0.996046779701029,0.0022752757745222686)
(0.7013126139384566,0.26827569913252175)
(0.9129741471404755,0.08646129248667332)
(0.792522683305022,0.20136211912007604)
(0.7212626834706697,0.2914177546895661)
(0.7269125769802346,0.2656183046377078)
(0.8206745268166734,0.21321803788026214)
(1.0425888568857322,-0.037691836471391384)
(0.8904867799974784,0.11704928406438071)
(0.7169314775253065,0.26742848656636553)
(0.9160736199174331,0.10194718380891601)
(1.0083214412942711,0.009374856734707044)
(0.8523439730638699,0.14782226597298573)
(0.9741173332979184,0.025631607234883672)
(0.8890484690463692,0.13216204500526485)
(0.7804342869940011,0.20723746836143428)
(0.7353419778192035,0.26385420114984215)
(0.7618583928687862,0.2516351360072518)
(0.8633438914570778,0.16126778727954566)
(0.5877555760334177,0.4299940055089562)
(0.8450609451543923,0.1498260167745973)
(0.7880807039605314,0.2088504234510404)
(1.0171888460924925,0.005582753274757008)
(0.8703281337291111,0.14195136071994907)
(0.6807881775201208,0.3188151732071967)
(0.956808105174712,0.0321804169770971)
(0.973618102972338,0.035367173203459557)
(1.192259735444285,-0.20265662195229997)
(0.686116128311446,0.32786180788874375)
(0.9545577586583528,0.036102935658534945)
(0.9928485068562396,-0.008187260139764205)
(0.6905415520680174,0.30034527737779865)
(0.8330709486975841,0.16966099285057454)
(0.9326070839641379,0.06039680775997103)
(0.9854301144443619,0.035414389431103074)
(0.7733649590219593,0.2458758427873931)
(0.9363117017735032,0.08119325175437947)
(0.8144403639613511,0.19273747153126067)
(0.8384165726389491,0.1731237833139495)
(0.7900267811304272,0.18471587137172307)
(0.7952823198539369,0.21067422915943562)
(0.898939145644376,0.09101981044327627)
(1.0409053133832917,-0.03948937953260535)
(0.7809507920479773,0.2204534294786009)
(1.0212804318428426,-0.01672716011217822)
(0.9384189240443123,0.07276402069418211)
(0.8471489109041719,0.15339753547051221)
(1.033032863070744,-0.024869006262799625)
(0.6760447288588916,0.33423682211623995)
(1.0981128578976014,-0.10474180497391353)
(0.839878686007175,0.1673045402480746)
(0.6245012455700037,0.3663078026284581)
(0.7622455935528354,0.24607151364644275)
(0.8466601088526718,0.1302642373515162)
(1.1867536846828712,-0.18970056832389812)
(0.9846644321539185,0.023093751199619705)
(1.3907543485818468,-0.38991764057320816)
(0.9423827102583655,0.060766933854263315)
(1.0032833775378447,0.027946979301899797)
(0.7171388231603208,0.29143871245130626)
(1.2435478224770282,-0.2505475620855406)
(0.7948691866392906,0.16307463227544838)
(0.6947234046519853,0.29395656921231755)
(1.162017586584878,-0.14870960161353067)
(0.9613853541979838,0.029193644448167036)
(1.0590874039980789,-0.07169744399462331)
(0.9662256126092028,0.04530216337293713)
(0.8605463169220766,0.14409116103928138)
(0.8808286325065794,0.1243144972281228)
(1.0087234995788172,0.0007452931595519548)
(0.8635495651157185,0.11079758735140736)
(0.9301793753723093,0.07338248370036038)
(1.0483860499238409,-0.0340625544870138)
(0.7392811023194079,0.2629871757375026)
(0.8284291341251117,0.1712973999452585)
(0.9964879600997723,0.02195410567182415)
(1.0013324956606535,0.004972901907186173)
(0.8472174137228343,0.15509714063831662)
(0.684564514444548,0.296308210589084)
(0.6625873534313611,0.3368320848132936)
(1.0026364485502033,-0.005132519108609711)
(1.0620050963331473,-0.05844687025922679)
(0.7638510896383754,0.22770440489459148)
(1.0920512817134378,-0.08227835082455809)
(0.8345204329562425,0.16014483924590198)
(0.7353674567943151,0.25106339669110994)
