(0.8772518316748017,0.15373647009922345)
(0.7576877982585905,0.22190361344429063)
(0.5978018975041756,0.40342055405974775)
(1.0713309403981905,-0.09435164631469713)
(0.7172256958619609,0.2528928173579796)
(1.0253536183545184,-0.012941470952864057)
(0.7662120063414553,0.2554826299507589)
(0.8799597681934425,0.1065385582446148)
(0.8772422823336689,0.1282831441172646)
(0.808177643544558,0.18703839926298527)
(1.1828579822795586,-0.2027994502458545)
(0.8920699989275538,0.1343332937285341)
(0.6521967572772178,0.3526970895001184)
(0.5558994749340053,0.46430225297353156)
(1.0418268378631963,-0.0712942701624565)
(1.0657980112382726,-0.04834794961285447)
(1.6596646282372558,-0.6165668102050182)
(0.8087399838645467,0.19253723485637966)
(0.6397642290394469,0.3565515075131896)
(0.842843374786772,0.17327899472091926)
(0.9037522487470135,0.1074200852296764)
(0.755392571783233,0.20512662201203513)
(0.8077266319444186,0.18868833690848008)
(0.38864031473909494,0.5954316950995437)
(0.6477776866351825,0.3658113846541983)
(1.0518796682797473,-0.05625438388272034)
(0.9198088705578022,0.07149779361055246)
(0.9102045481368569,0.07280901589790066)
(0.6453833161318883,0.3435130012734152)
(1.2107596471055262,-0.22215215480535744)
(0.61920443970695,0.3662880918312021)
(0.5476152667993579,0.45637820435212656)
(1.4271309182870646,-0.4237707309806541)
(1.0001823537512369,0.028936174862468494)
(1.8808219328617717,-0.8677518002609674)
(0.8617951152495462,0.14827745645774762)
(0.7143735225761481,0.3066326804278255)
(0.9959957151772089,-0.013950300324682008)
(0.6916386736776883,0.30312885815098245)
(0.9574925705922609,0.04417911411284803)
(0.5901544007036293,0.39461388394749425)
(0.6294819993775422,0.37912171674352174)
(0.6279573981678688,0.3463562235392458)
(0.7329605210893222,0.2616216468537456)
(0.5852908657746329,0.3845581738477965)
(1.0935563674929405,-0.08297113031466227)
(0.8268155843784915,0.18773306747715593)
(0.7448738180073803,0.23955149010758425)
(0.5621758303952258,0.43381304233707585)
(0.7754924242392762,0.2346662900234837)
(0.9195246379214145,0.09759111571637467)
(0.8882741847490434,0.13872774318064449)
(1.1208990420051128,-0.10328033850493261)
(1.1308434644080276,-0.13964027812308458)
(1.0037295752066546,0.010954565463455591)
(0.6660430531020698,0.3410768322828816)
(0.8667129257428721,0.13106564223021586)
(0.9687406692720032,0.02856088681162069)
(0.8691653538063749,0.11022346685448424)
(1.3476486134917063,-0.3454659831436654)
(1.396205334980798,-0.42107381658080123)
(0.708244288035882,0.2882170215804476)
(0.6323379108036336,0.3738849809963879)
(0.8546206084386128,0.12731645994920182)
(1.3441225405750403,-0.34205390892341564)
(0.7193654101376795,0.2671267657000296)
(1.060782964764978,-0.0851918586260922)
(0.6818781236345693,0.320121391454499)
(1.1747890782525228,-0.09965574961349327)
(1.146302605866315,-0.13463033322170606)
(0.5641834871702335,0.4195427208783467)
(0.9950805180853823,-0.006188426772231356)
(0.8763384298021089,0.10043033393496029)
(1.2236084215264489,-0.18122936424381175)
(0.7463009952448586,0.26144075621706214)
(1.1030749749960944,-0.08700311790387007)
(0.7481013131122342,0.26623444925849216)
(0.8694395630586644,0.15393063524156275)
(0.7440639195197125,0.2591691059533672)
(0.5913813054027649,0.4159314441395506)
(0.6118076339485657,0.39263384544339125)
(0.7589250107133414,0.24676348901461376)
(1.242208945935039,-0.21243994601102942)
(0.5391446008175023,0.44546833396068375)
(0.6440141156762257,0.3654119926244234)
(0.7918755049233279,0.22477392783153627)
(0.9480386849999736,0.042789416510001926)
(0.6811823831791695,0.34449935080099325)
(1.0009519507953921,0.027377929552504145)
(1.06513240520201,-0.06742800973572706)
(0.8011296708107954,0.19668531355208915)
(0.7267362374344455,0.26391219929473564)
(0.7367002981318375,0.26439529151284513)
(0.9803131955717153,0.010131254670380157)
(0.6932153640284526,0.309986514631305)
(1.1363860424151788,-0.12418028773158196)
(1.2958055393736057,-0.28698662241452993)
(1.204313011459219,-0.18686803792983087)
(1.363439297928122,-0.3520968608135916)
(0.6161477618558531,0.40174511171271543)
(0.9092020018869083,0.08982564760958826)
(0.9609467737382889,0.00486401005709627)
(0.4424575542588621,0.5511118296196929)
(0.9014217747521374,0.13509402641757967)
(0.773861938926726,0.25354269754772857)
(1.3340382350372066,-0.3413138385406346)
(0.6902623320667821,0.3228647712862971)
(1.0225420116779513,-0.050369647774877964)
(0.925282628909909,0.09893680346333757)
(1.0057002435593596,0.0032870394617885773)
(0.7857528463879603,0.20395406881590564)
(0.5214504682503364,0.454960250883181)
(1.06628133791305,-0.07351985540405795)
(0.6164076529416512,0.4041759298194473)
(1.0961236710108895,-0.1152847514327863)
(0.7465639822352904,0.24688542238454705)
(1.143062903040441,-0.1447693996051477)
(0.8306195450844973,0.15983009405633797)
(0.9630903420747192,-0.001385879678990644)
(0.61627681471965,0.3745670320385652)
(0.6200229263083287,0.3751384664346359)
(0.5542590230356722,0.43695091385230195)
(0.9615508584753427,0.06590414659467961)
(1.0007492721529962,0.015844719587344666)
(1.2198705244250283,-0.21953811992444844)
(0.9558198054113828,0.045335131514568035)
(1.150690114045096,-0.1530086356805321)
(0.9285815987271985,0.046927060236158516)
(0.8998825632085413,0.0996471828270484)
(0.9750837656702281,0.021603995474519428)
(0.7559885457038232,0.2605727732718203)
(0.6428721920067976,0.3497236285466525)
(0.8336178474867546,0.1553663609660205)
(0.610359361289961,0.39719630244670967)
(0.7241489236678247,0.23339517216211608)
(0.779704150191513,0.19512428058138312)
(0.7115285791187248,0.27938798553832134)
(1.0775006563815235,-0.04641882684439869)
(0.7663987184728247,0.2225135960247047)
(0.7731377670517732,0.24417051356176675)
(0.518121347034302,0.4773136494949116)
(0.6583935404117888,0.33419845158791345)
(1.1634137497994086,-0.13608694812504227)
(0.5691101281430395,0.43756100696279604)
(0.9986412620159566,0.009507541135292485)
(0.7248880002171602,0.26282153561356636)
(0.6441109708692917,0.3573112046627511)
(0.915796055651381,0.13036711126266295)
(0.7541156336533236,0.27192219471448326)
(1.0677827293312052,-0.051429869313200635)
(0.5408345523894736,0.45704642878429114)
(0.8521181892310656,0.12435379819297072)
(0.48426382995296324,0.5195130386503273)
(0.589583381608031,0.40383336457678193)
(0.6780073323218464,0.30301742214524696)
(1.2161255181287773,-0.19591718120205234)
(0.7300275550923034,0.25136534986768894)
(1.064375523849174,-0.05387861435430964)
(1.093240174673822,-0.08184437087652632)
(0.8786068088526713,0.11236005749780503)
(0.7364782045454196,0.27106272890200006)
(0.8538433307532717,0.13618384155167784)
(0.9057440876225932,0.1363491596130794)
(0.8103985568577238,0.19121233324944995)
(0.47622829447269566,0.5210816730214317)
(0.9961319656338162,0.006977494075576289)
(1.0574684376370842,-0.06933980665301563)
(0.9645568589271949,0.06742326132656327)
(0.6104448008559521,0.37643746746299955)
(0.9592701970122658,0.022168521718627317)
(0.6581592771138663,0.33248422114286696)
(0.9562088052863621,0.04129231687388103)
(0.907607127047274,0.07930764704972466)
(0.4223421929991415,0.5642058277512861)
(0.7484008543599654,0.24649697844268603)
(0.6039411810519342,0.38582797341947483)
(0.6431254996114864,0.3420297310371029)
(0.7537192439968071,0.24177979751367806)
(0.9782754992015404,0.05532898724691327)
(0.8747806088465863,0.10913888501243084)
(0.8233712625268977,0.17109476151879197)
(1.1049256686550843,-0.1060496188217896)
(1.0316117156380782,-0.014931984582408403)
(0.832515541098132,0.15381492055295193)
(1.1515906632623805,-0.18658110600047287)
(0.8128856102183951,0.16850314876678865)
(1.377276948724126,-0.3613195810019829)
(0.7558839868959031,0.2536750972100533)
(0.8070787130946174,0.1921045751444238)
(0.8255808198798217,0.18741708898569895)
(0.6081165982398496,0.3707326080091439)
(1.1020810616201526,-0.09362405478063746)
(1.2294029138609568,-0.2698872200954368)
(0.6670703101154418,0.359689296585761)
(0.5837336582017648,0.42127501802296746)
(1.0430785800584128,-0.03370533579914482)
(1.4486858043956723,-0.4672254661346735)
(0.7961690654686395,0.17933097274343177)
(0.7447283130137916,0.26759237555179255)
(0.9332435031148452,0.07614919699970521)
(0.9721503668123571,0.03907947617385782)
(1.019381418721302,-0.050402468036501065)
(0.7313016343565568,0.253920232000625)
(0.9380690110624997,0.03938375386061541)
(0.7168396117989735,0.2957588236663388)
(0.6224308942100611,0.3845592305389542)
(1.113684299299611,-0.1536009508117983)
(0.8893662215092369,0.12156349708959872)
(0.7824131192978151,0.2199146666380976)
(0.5816567306792627,0.4231046679923586)
(0.7498553278668634,0.25232720499753847)
(1.0073942406875798,-0.0176376952147167)
(1.1904755867711823,-0.17045492864211767)
(0.48216965187992,0.4958601989502782)
(0.7797489923325797,0.23337843754944607)
(1.4435820473260854,-0.4445230500577688)
(1.0299970565128205,-0.03417509854634826)
(0.7499293353184924,0.23852015911474356)
(1.108631115858659,-0.09492240270390638)
(0.8634765453877433,0.15816219785617153)
(1.2984656105550918,-0.3262591409031788)
(0.7119889689870316,0.27660660450648394)
(0.8276971742357027,0.14893536958201564)
(1.0077255636670803,-0.018907760162600904)
(0.8924299800965566,0.10215877027452921)
(0.9821729223013095,-0.02087550697652462)
(0.8034152093998423,0.19642265150646926)
(0.9201072490494648,0.10949033862113054)
(0.5508143898818201,0.45212917595230356)
(0.7944987998774713,0.18959414564995067)
(0.5940035830092611,0.3669111829723253)
(0.7115974550761905,0.28751476636147977)
(0.7288989253661191,0.30187451883136307)
(0.8372903671119146,0.1336202009938024)
(0.8385793478075587,0.13251620478675089)
(0.9218479413592535,0.09296666662948665)
(0.7681396051104318,0.21821484810520103)
(1.2861165631076512,-0.2570810350552724)
(0.8617790064319276,0.14361292220553432)
(0.8157451747900445,0.1659750961295093)
(0.8803800616782759,0.12297895992024166)
(1.037483596915078,-0.04964013961831802)
(0.8504129453124015,0.16679111678049108)
(1.1386472853792389,-0.12358002150134316)
(1.0679880830402266,-0.10521670682765824)
(1.5770138637332207,-0.6059903270490182)
(0.8701785612384371,0.11887548907423852)
(0.554202361895416,0.4367919456904472)
(0.7533956482092338,0.2469804852861317)
(0.7793303593844547,0.2057042218802813)
(0.8507413109410595,0.16491996530386094)
(1.4131080657290536,-0.4200398019746657)
(0.7832993133531811,0.22299719425709524)
(0.7224096709878439,0.284461008627948)
(0.8841839630701552,0.114835103132564)
(0.6331705530758335,0.3696141797087378)
(0.7018179204045445,0.2786766095272054)
(0.9481691146647699,0.033132776791672126)
(0.49302142101289925,0.5041653129884456)
(1.1335955388274157,-0.10910463986497689)
(0.7684417295338386,0.2435015247359578)
(0.6684087093009408,0.33062472834088436)
(0.8247991260419171,0.1398828797502579)
(0.9748328233815969,0.006959852068945411)
(0.714435477379962,0.26248149256564873)
(0.8618134249627398,0.13645956915034768)
(1.1112568472794238,-0.0728160841602075)
(0.9458472132347663,0.07107614555276434)
(0.6603654232424537,0.3423154950308017)
(0.9003748629000055,0.09751207434899387)
(0.6183202257565827,0.3744042506550883)
(0.4545732318994923,0.5668857410533611)
(0.4871922896429833,0.5091042748623034)
(1.0167972136953853,-0.012347313105185458)
(0.6268699572311192,0.3439260104252758)
(0.4645382969580803,0.5192597551796729)
(1.1153568684320603,-0.11822855115180052)
(0.8339576215926489,0.1399016752102419)
(1.052740529784565,-0.052581988944596286)
(1.0370137860805186,-0.05123398657672265)
(0.6392950616476112,0.3666707874347453)
(0.6376820695095339,0.37254682363780434)
(0.9272615265341568,0.08559236912587602)
(0.779300622161822,0.21454485610079269)
(0.8738373780645687,0.10813863954848565)
(0.9963833582781284,-0.06133448926158953)
(1.1123174317026971,-0.08399990668361779)
(0.4830086303362604,0.5130205325781975)
(0.6584148721153621,0.3363660345408197)
(0.6966872850771889,0.3096898778900844)
(1.0383665653793799,-0.050615806482688784)
(0.8196634013863335,0.17405598528391178)
(1.0163305178319857,0.009741779590844683)
(1.4618124121969152,-0.4495217848286704)
(1.0833298920103587,-0.0627054797228949)
(1.1915832764169136,-0.18907434159781406)
(0.7574521752972281,0.23845452331759012)
(0.6789564356534609,0.3747834120257218)
(1.023128139768328,-0.04455437462180268)
(1.337597219807892,-0.3112932449296472)
