(1.0022917460210803,-0.011731586902477746)
(0.7992960569345194,0.20717961124966947)
(1.0067668030514323,0.0032809631876121034)
(0.6663364146885076,0.34062885351947514)
(0.8162522516787724,0.16800861167837827)
(0.9731192326655278,0.046779396406630175)
(0.976813397828664,0.030227228875152515)
(0.8540061800471649,0.1448206389374961)
(0.86049752187441,0.1391357767208241)
(1.1980831374704275,-0.18403824859047754)
(0.8564082738967856,0.1355349067170686)
(0.8890761178705827,0.10731213966720875)
(0.9183221278989042,0.08803239745476882)
(0.9829536608235752,0.020557407967564747)
(0.9249743553283709,0.08827223151523282)
(0.8086319577245379,0.18147627269016237)
(0.8153212925597458,0.17806901279034423)
(0.6957454699814083,0.2880495053618019)
(0.9305783166955967,0.07683549334491671)
(0.7739894112375724,0.20780801764403634)
(0.9145478627443473,0.08430787050723489)
(0.776808686104339,0.22128073373641383)
(0.8308374265207832,0.15698815015410456)
(0.9635997532334516,0.03206059631520669)
(1.1828461079683559,-0.1821204829067051)
(0.9446421947637779,0.060772298723595325)
(1.0108338155436822,-0.003119991414374878)
(0.8967471388431232,0.09815225824986464)
(0.8092590147914641,0.19719867551746953)
(1.0205455280562492,-0.03164228639980212)
(0.7581246364151006,0.24554134154739254)
(0.7023413968157673,0.2940698567385513)
(0.9294010705300263,0.07759997862145845)
(0.8938790624081897,0.09583468201761071)
(0.8639100808219079,0.13292681436234768)
(0.9066526491193624,0.09241128957937396)
(0.9695814520312771,0.03147306293918709)
(0.9253759445651178,0.07386755852057551)
(0.9994075903996579,0.009001144505284008)
(0.9725433584348793,0.031982842823751446)
(0.8449427134272914,0.1673744928902725)
(0.7383883981470218,0.27191174200335805)
(1.110178705178919,-0.11949173277995234)
(0.9883357928563515,0.016755801099783803)
(1.010115778933584,-0.01886531662527232)
(0.7569923987780639,0.24121360888728707)
(0.9614852689686201,0.0365002115367739)
(0.807298630856855,0.18980609294705128)
(0.7790025844011682,0.2227819874389018)
(0.9648419280448487,0.04042113610283076)
(1.0658902638613814,-0.07383357880336927)
(0.8490474120119672,0.1414639355037278)
(0.7240291828936767,0.2799463819265188)
(0.7653194054200788,0.23718354502011846)
(1.1117862308060922,-0.1223412661987718)
(0.7321689031916718,0.2725359962998978)
(0.848972317824774,0.14884051934659112)
(0.9535626579754181,0.04842418906806145)
(0.8798435677145521,0.13736242190824052)
(0.6787174812425348,0.33381876998176296)
(0.8215759462775091,0.19159896552303152)
(0.8152379915421818,0.17916479541137714)
(0.9830804879359375,0.014334167903065366)
(0.921353278829867,0.06833364206085836)
(0.9462653266146802,0.05613253237560575)
(0.7071658075388007,0.29848468679057905)
(0.9179949556690034,0.06794731317408932)
(0.9373155247530436,0.06197032329896434)
(1.232936323938731,-0.19940465807475968)
(0.875266633912466,0.11048230296917465)
(0.999245458659565,0.004438846915137056)
(1.0282301255570196,-0.02313269542422135)
(0.9081171780248154,0.08665454035473588)
(0.90347172419957,0.09359928726186614)
(1.0320958738078965,-0.02211058889024562)
(0.718472451223616,0.2684959461408545)
(0.8848515591431739,0.08981257836669063)
(0.8077048261205149,0.18496060149016152)
(0.971920578122534,0.02172044041521271)
(0.8465798135981594,0.14352422965374187)
(0.7743320126309381,0.21816148268338012)
(1.0973494475650012,-0.10520204286929843)
(0.9029686703562746,0.08137863912102036)
(0.6857737125947904,0.32631052311088593)
(0.745793005614066,0.253926538864656)
(0.8071909680306371,0.1818310241967464)
(0.7724230909221893,0.23549188511478905)
(0.8980090053158151,0.11196945501611935)
(0.9822445110076704,0.011947217506239848)
(0.6202667247612965,0.37781089286304004)
(0.6752209191988071,0.32522063733313555)
(1.042762021422201,-0.03543621071748554)
(0.766103176832277,0.21839343977307366)
(0.9119881758814806,0.09745878729266182)
(0.8615346173324699,0.1335704602541682)
(0.8863488835938099,0.09878324033448013)
(0.7529741043665528,0.233883413169031)
(0.8585772223518876,0.14380757726813398)
(0.8387471957387196,0.15125629829039744)
(0.9080863062857036,0.09254694939705055)
(1.2435684171340313,-0.231287010213162)
(0.6409514079189123,0.36798312724794235)
(0.7578743707578255,0.23300019071567152)
(0.9660976244442467,0.045997744755904985)
(0.8647456248275242,0.13450529210457368)
(0.6229889524674234,0.36863449435541085)
(0.7640570226182034,0.23292961374854182)
(0.9197468605385538,0.06269240876150713)
(1.0343858960519021,-0.028610980971505186)
(0.8418080096604341,0.16189571686061244)
(1.2015548121408184,-0.20403323938077603)
(0.981807555403452,0.020268816624817783)
(0.7926604190654281,0.20511806935387916)
(0.8061033299625782,0.1956981905301266)
(0.891730992531121,0.1013692368289631)
(0.8488551178842936,0.14552143629204628)
(0.6463295886746494,0.37640563492198037)
(0.6837646248139463,0.30390202093866764)
(0.7770381068085367,0.23420581427140802)
(0.609771631519119,0.3888478543025058)
(0.8717067276421534,0.12265483720585166)
(0.8936912465685174,0.11041893287572094)
(1.10839387002642,-0.11019360491703026)
(0.942861874680869,0.06510310190439626)
(0.9183506648717068,0.07406364785136116)
(1.0315651209166934,-0.05019006289973235)
(0.7989372717497585,0.1996732331673033)
(0.9745274253675896,0.028532444777933888)
(0.8215513414605797,0.18136630931306483)
(1.0606885096347893,-0.0678927576549416)
(0.9852867185547659,0.024836940205722687)
(0.8171780636910837,0.18300679190437716)
(0.7479178852984735,0.24378216925251942)
(0.6573841456168247,0.34025282978238985)
(0.8025132721956467,0.19226346463095453)
(0.9846547545862354,0.013182978243304298)
(0.9286964923855173,0.08111907781047076)
(0.7866478322541429,0.20578895898295116)
(0.645159646333272,0.35058581327211435)
(0.8929831740477684,0.10819467898758982)
(1.0439295399245871,-0.04438421374412873)
(0.8682917857636584,0.12505273036888007)
(1.1947187912559405,-0.19366488052961853)
(0.7130940220799046,0.2786794846622603)
(0.9770681048333419,0.019611605384322738)
(0.7960137450144283,0.2075169387060744)
(0.9771706137088124,0.008070373943052425)
(1.0954431791250285,-0.1096746351558632)
(0.8363693685196882,0.18669985735783273)
(0.8990729121690545,0.11005028754408785)
(0.902853715949408,0.09367462453959842)
(0.9479999133095495,0.0530020791059457)
(1.0049475125947411,0.00108456898038711)
(0.9449550626108737,0.05174096913060311)
(1.0270325076482663,-0.02687700207967766)
(0.9544021130182861,0.05556355404327333)
(0.9088144412061699,0.09033819478338566)
(0.8048368721348528,0.20089877437738882)
(0.754528281858451,0.23978609428034145)
(0.7451444595204793,0.2559198070126051)
(1.0349882220676951,-0.021201936050562753)
(0.9217258356789579,0.05941302936586603)
(0.8244192926457586,0.18117884100946133)
(0.8625738583561485,0.1518549412102423)
(1.0672213814369917,-0.07545117499860074)
(0.8282989072732561,0.1714065870017092)
(1.0009811336079555,-0.015984747280027845)
(0.7399230701006337,0.26209149759808126)
(0.6730841927016651,0.31231051488532213)
(0.8887142180166107,0.11508976505081965)
(0.7269600780888967,0.2582682439880755)
(0.8115748493993425,0.17295411795696516)
(0.9215869480635787,0.07751476174452211)
(1.0033549463287053,-0.006120634620080162)
(0.6943816058229484,0.3018284557985698)
(0.8849500959215726,0.11525316397959989)
(0.8564416666322794,0.14482157426765707)
(1.047215408456775,-0.0471246738733833)
(0.9557484216246543,0.053495785516406935)
(0.9260471434480305,0.08227656136508453)
(1.2287492944822715,-0.20722023796619785)
(0.9453805445285378,0.06061808310468619)
(0.9942143977689675,0.024434562658202093)
(0.9208298717388386,0.08803571627189133)
(1.0236323322486491,-0.023927308552465523)
(1.0798971894134188,-0.07445053084309697)
(0.49410103457824645,0.4973374569013544)
(1.0354923863272483,-0.03789137199263005)
(0.7708607938014926,0.23404305647841742)
(0.8418374171913846,0.16251536804643998)
(0.8165323988329088,0.1758562676956403)
(0.994182609346602,0.0151592616027871)
(0.9713555429164217,0.05370316876801047)
(1.0547257239975423,-0.033963166292493734)
(1.1317502699981294,-0.1317039662051162)
(0.9821785731570617,0.02210209586939288)
(0.894658599055172,0.1165057722262968)
(0.9394225222580757,0.06256645507141144)
(0.9682572881470752,0.020800661962317796)
(0.7717926861847625,0.22990304921266758)
(0.9599663867541032,0.04873028304662698)
(0.8572819558343293,0.14018387183498132)
(0.939563741981678,0.06527491821135138)
(0.8208675558778946,0.17236568302491262)
(1.3014723973545494,-0.29864084063463076)
(0.8027332682018989,0.20960131436998775)
(0.7554931597874341,0.2407010941642664)
(0.9818986175594804,0.023634281842675953)
(0.8743170387956641,0.12201459257789418)
(0.8955496426412571,0.10283570613243673)
(1.091679639498345,-0.09031767738516586)
(1.038178644939341,-0.029895026417969907)
(1.0752311427288417,-0.06457565131950038)
(0.7927188332235386,0.20957973792747042)
(1.0197182173279355,-0.022959668288033596)
(0.9073330060837054,0.094536428550747)
(0.9524675731384634,0.02872972492725188)
(0.8417878361089045,0.16408357602948082)
(0.9468362785970638,0.05409637269052862)
(1.1070826717429518,-0.10974622782291232)
(0.8339175459277082,0.16814713695701733)
(1.0114162078840185,-0.005663696863783336)
(0.8850004807092634,0.11585374801205774)
(0.8820104621738006,0.10456144248743625)
(1.058291893267875,-0.05679010305507849)
(0.9078256553802867,0.09043826455703272)
(1.1554159962479194,-0.15652235610926934)
(0.9203690372583057,0.07493865875092509)
(0.9568683884920623,0.05130706899784044)
(0.7509931940314479,0.25397761385006073)
(1.2097099334226913,-0.21583845325373505)
(0.9518439190961197,0.034427586623592486)
(1.0635795820435845,-0.06884869104411213)
(0.7610446922091268,0.24232529538891012)
(1.0920663533859056,-0.08445787133639034)
(0.7131732076784626,0.2822600080718146)
(0.861958311140782,0.12398902257418165)
(1.0629231039828524,-0.07067431468401071)
(0.8875738022940609,0.10346061632225664)
(1.0783159076831383,-0.08609690794166944)
(0.8153874285456236,0.18384819004603128)
(0.9934916608796912,0.010246757553328049)
(1.0222309966323464,-0.022262674992951093)
(0.9641907507840757,0.028824172391607193)
(1.008503420739872,-0.004366707781914904)
(1.0027938270024326,0.009180248101600324)
(1.1197617611610338,-0.12521154416127694)
(0.8804601724479971,0.12575864757613298)
(1.054856212732097,-0.06492280986153419)
(1.0604669105180315,-0.07177468877229087)
(0.99665883307694,0.0037516153428884813)
(0.7588171397898648,0.24797835491241688)
(1.0034642417318451,-0.021619672909457134)
(1.0534488107735354,-0.058799362328409335)
(0.8438730758503806,0.15833364266931207)
(0.930523509471056,0.06583162900680256)
(1.1886056291698406,-0.19290318642121312)
(0.7435504273117104,0.2629921746689278)
(0.8620756354354595,0.16472729913656622)
(0.7687641031662059,0.22390928012048553)
(0.752174301318299,0.23221922735888956)
(0.8789406584360429,0.10931817720192326)
(1.0742453185577845,-0.06631543919269771)
(1.1976880272891004,-0.19972660641875775)
(1.1515587881114375,-0.13717359791086445)
(0.8447376225231148,0.15957535361199382)
(0.9325022532874553,0.07727452884591947)
(0.9491064150788884,0.07152430307757866)
(0.8240649482704392,0.17491770817033298)
(0.773960802045186,0.22203681785135831)
(0.9526142912894957,0.06627995082737173)
(1.0059390766554503,-0.019599621948528004)
(0.9163473857886464,0.09457820276242301)
(0.9335241891636299,0.0692266124262078)
(1.2038957840263012,-0.2179051823801339)
(1.0254347903470071,-0.010483959968067304)
(0.721834850014811,0.27997636158846034)
(0.8413868737499107,0.15628161693153883)
(0.7993891614889959,0.1993081282809948)
(0.8639242830787686,0.12325940962199651)
(1.0363045534638822,-0.036227384762087034)
(0.8858876061682485,0.1191516716390766)
(0.7116505175796234,0.29524778973673815)
(0.9700022632599499,0.038793450164788225)
(1.036946608454302,-0.039847344627013254)
(0.943820876159085,0.05477385037458887)
(0.8648846318671931,0.11595368986277714)
(0.83764048569665,0.15486387371664814)
(1.018273258633577,-0.017470082222079627)
(0.7221428245616622,0.2773845936525057)
(1.0147126010327652,-0.018437960904981388)
(1.0832380644256203,-0.08826795256947612)
(0.7630546675845201,0.23566789298197804)
(0.7324944992580487,0.2737277855770292)
(0.8656752403758318,0.13679981975846098)
(0.8119459882724418,0.2004665281367617)
(0.7532448803344163,0.24725293298867457)
(0.8557638696981162,0.14209015744885561)
(0.7545779043210188,0.24509830056366083)
(1.0351690654614463,-0.02671248237766513)
