(0.19609378600476698,0.5818681102687437,0.2228095497574413)
(0.14629917997191338,0.6765281205006086,0.14675643092766405)
(0.2255233787925863,0.6236430467400569,0.1633021728611179)
(0.20183373592361187,0.7486814028242422,0.05663714252067657)
(0.18191751416389135,0.7341915029316034,0.08171387171647812)
(0.23145973474928813,0.7197756963940509,0.0586443975939988)
(0.16215561587946145,0.6772666634105134,0.13773640082375133)
(0.17099999686776476,0.7073799316431995,0.12902478330352643)
(0.15683901246705764,0.7257258179846624,0.13330319323886478)
(0.17865714967466753,0.5965282919250855,0.20326888168068868)
(0.2402044969016337,0.6098607439818667,0.1521015295228814)
(0.17416771412735138,0.6088000780642677,0.21176902437604006)
(0.1951497373221416,0.7901644575191292,0.030776648625028134)
(0.1885312817457307,0.5867655582212725,0.2139743442804224)
(0.1417649655776792,0.6314268671745729,0.22969678973691435)
(0.1571382066905311,0.7480630031489102,0.08738368034734463)
(0.20192552604484645,0.7228404519644855,0.08403510826518686)
(0.19377934953399528,0.6086448531751844,0.19052840832104748)
(0.18018640451368753,0.6722537066530164,0.16032957386815264)
(0.22117362072178076,0.7822094399915916,0.010893967306691489)
(0.19463160462280185,0.6412106644095469,0.17944785750798553)
(0.1803369846822096,0.649494563895604,0.12922190489572213)
(0.1875285642575653,0.821235056714064,-0.024995600210057013)
(0.2219023675168312,0.641341929425271,0.14070473690084875)
(0.15633718589037623,0.6674153586141016,0.13106545456563623)
(0.22882883006230034,0.6000508719794987,0.17726131982186166)
(0.1945784357425033,0.600890945695219,0.1896903857135181)
(0.1812537914478255,0.7887002520648838,0.029955171456193738)
(0.15962787003790044,0.7197255755030475,0.09909988535259444)
(0.23403691015636,0.6619791582701395,0.12358767989380921)
(0.15817105975650328,0.6448127203108002,0.16661818513047916)
(0.1871197580774618,0.6382695624281721,0.16422126513211988)
(0.18471683714705256,0.6736304874340803,0.12751991284813938)
(0.19159377141710796,0.6337759713137742,0.15349810626280314)
(0.1831854602442775,0.6811151055699083,0.13916753885938177)
(0.19495237148620634,0.6825457538767534,0.11633525753540312)
(0.18152048436254417,0.7745756200639601,0.033153271199735115)
(0.17490743860370306,0.6951008058971255,0.12314321304852152)
(0.1449829793022553,0.7437719878095335,0.09590066915914147)
(0.15649216662191454,0.7442373222875641,0.09785928857309123)
(0.21324831395461227,0.8737921437204211,-0.05787653362657372)
(0.21832276244213358,0.7211439946321242,0.0512842656912158)
(0.23255590351080818,0.7315556273905189,0.06175815146487419)
(0.1677405275861176,0.7503433626847141,0.06730472992553056)
(0.1835663382410206,0.6501211365937221,0.16123672605307218)
(0.19594052574485127,0.7110124718343882,0.08135324158102063)
(0.21056550640690577,0.7426164438033912,0.04921694496592633)
(0.18370370575163458,0.6791492074243775,0.1188533046058957)
(0.18235500659728768,0.65859284367802,0.14951931224036735)
(0.22793926742973392,0.6202872268079013,0.16938322939659425)
(0.2407668760717695,0.6862983436901254,0.07962194664651104)
(0.21733138231242605,0.8086312189694903,-0.026696055957301484)
(0.2129710205398406,0.9302416702148125,-0.1508905223093757)
(0.19084924866357802,0.662391243849382,0.15594528754141088)
(0.20513772898282875,0.6125448590893476,0.19430124093292603)
(0.16042564037980558,0.678703434653097,0.1402149893830538)
(0.22916838398900713,0.7968155295953774,-0.009218950438008053)
(0.21488462987695914,0.6331471676185061,0.1609400945672496)
(0.22336107530261337,0.616367248165401,0.1368687745023184)
(0.17252095770045206,0.7335545986065829,0.09561234205342861)
(0.19261054045192008,0.6607554708362094,0.13330029824163653)
(0.16126918121167105,0.6589227551046524,0.16933406828277803)
(0.154967660028238,0.6221675274159385,0.20971536032231017)
(0.19847698767040348,0.6207679069250855,0.18174373087742776)
(0.20730187174269132,0.7653851865439022,0.058554017108063204)
(0.16805742042212846,0.6704820246879487,0.14696332037557885)
(0.15635975111437814,0.6975412179079075,0.11675371392919975)
(0.20386858078284284,0.6951913122793953,0.13583953147194255)
(0.23771654223874697,0.6247167221389134,0.1444031096038745)
(0.23005569097479275,0.6445855579541311,0.15157854067978935)
(0.15690467056121188,0.6072765006078686,0.21184998864314877)
(0.23639019845954964,0.6751073571758256,0.09217855479476714)
(0.1739801802953853,0.7080393016196631,0.12943433614993535)
(0.20279705505002807,0.665512384138619,0.13669430862590362)
(0.21959453485970898,0.705685886085517,0.08770469216122402)
(0.22305061225407613,0.6531675454689099,0.12161097545143758)
(0.20637841019890507,0.654613904834392,0.13003628136687923)
(0.1926986367571884,0.7760555822855205,0.04394796336568127)
(0.22362964792359855,0.7099021878863649,0.07054276031815958)
(0.15139378404224596,0.7332767560299566,0.11471656641156693)
(0.23011123289995486,0.5373065914768298,0.2468175245721985)
(0.15241688006387924,0.7331132775923173,0.07566604779950366)
(0.18861219660387787,0.6657544855953238,0.12634262610958474)
(0.1504010935738892,0.7151096009305076,0.12533032050477733)
(0.19165584794201693,0.7320524634998956,0.07980389552205053)
(0.26175566275232937,0.6170949246211749,0.13814983767573524)
(0.246371283367338,0.8939890745688369,-0.10568274383462675)
(0.21646175312543883,0.47345978638490527,0.2810761521210718)
(0.1852325878443991,0.7458648905348233,0.052652890685777956)
(0.202404542991616,0.5144925672658724,0.27128423640721167)
(0.15674396564708423,0.5450311301748887,0.28563871224610904)
(0.27539625131780704,0.7235348988961288,0.029476125294861)
(0.15430879303835002,0.7565935680872693,0.08500917937450457)
(0.19026988232834713,0.7771460093121627,0.03645766261380204)
(0.19943060597579626,0.6519890567262245,0.16545447931918575)
(0.18663690457284002,0.6660357498982483,0.16253039775608305)
(0.24930538591298587,0.8695881525616784,-0.07580397257995704)
(0.22999757652509953,0.5873444249670715,0.20969653251837264)
(0.21223051722776204,0.6958638235111634,0.09382973219969626)
(0.22012242405004137,0.6632804149110617,0.12413086569314873)
(0.18501810719101788,0.7375308633370029,0.06770118499655932)
(0.12683447775134285,0.7322899852234032,0.13875753391199572)
(0.12870798290327093,0.7731732996656074,0.0922993576711838)
(0.1644139547705501,0.678993240651539,0.159931938225446)
(0.15943003046300658,1.1195911209738167,-0.25450299191547215)
(0.22045833304601783,0.5669101070165355,0.20917472291342445)
(0.20772995542637257,0.7125015451943078,0.06925904368624114)
(0.1631140880373465,0.5957591050276462,0.23222458502241503)
(0.22419884417173508,0.7436732146752805,0.053476486286087206)
(0.26715172336380416,0.9067101944502163,-0.1380702995715725)
(0.24237141040419646,0.6672891598655138,0.09894235638584008)
(0.20404199664725106,0.8214574407920838,-0.011358516282784326)
(0.2175834222035103,0.738642338498161,0.05404670051229817)
(0.21806513544050418,0.6687426226265462,0.08898858502773177)
(0.18005770628207293,0.5535973865755472,0.2465061550813302)
(0.25760245697668405,0.8482301214201868,-0.07104630695896712)
(0.195419661229792,0.5532943353077796,0.24973549807444947)
(0.18515201590614566,0.6023863413130791,0.18840779398504143)
(0.20110094508054396,0.7562539440058657,0.07003467575020289)
(0.12879823364181425,0.6506451286325322,0.18138746464131703)
(0.24269032795452208,0.8378369473202687,-0.06698121340753573)
(0.15430930544061988,0.6805467990403918,0.14290591087371418)
(0.2132722985810424,0.6968708196265556,0.10225592730930998)
(0.21304724151177643,0.7266187712526502,0.07653030990431489)
(0.2012379929021098,0.7361262029056653,0.06782048052634089)
(0.1881184903784651,0.725447162916115,0.05705952933556526)
(0.1955401409476404,0.7895924173007635,0.03665562795065333)
(0.17547447720073572,0.6408505662817665,0.1670684551738183)
(0.21521579941196275,0.7741803456776658,0.04364402866175319)
(0.21465593694516302,0.609227352951415,0.177921148385136)
(0.17557982645564307,0.6893844959920341,0.11744284772917352)
(0.2151716893335411,0.5666108951390557,0.20940608912293102)
(0.2319137130854606,0.8860850217991609,-0.1024571211642862)
(0.2507435262589385,0.5380441059389115,0.20614359579303726)
(0.1614957680328255,0.7015760694486172,0.12391509373355596)
(0.18312761260362787,0.7493899701766644,0.06174797002138491)
(0.20121102108886393,0.7084442795649052,0.10223485405022836)
(0.17847396101864435,0.7019300737122711,0.12572322703518463)
(0.25749032959523505,0.5919955908874794,0.16905842921185515)
(0.18324680524466103,0.7660663369269255,0.03668749627535013)
(0.19572152689733935,0.6940810451731624,0.119066520895466)
(0.2721144815049414,0.924108623254574,-0.1600708773626477)
(0.17480706281191238,0.6769041513384703,0.15830258871266398)
(0.2700072778162754,0.8049202372583409,-0.047320656896363916)
(0.23576504120233943,0.850218765231087,-0.09014412273542373)
(0.1616873411222926,0.6031630028612418,0.20197479648656588)
(0.24177898502626177,0.7388858321973423,0.04061841813278101)
(0.25068388212376136,0.6842568874730044,0.09874512312827256)
(0.1819045358858523,0.7544780009768466,0.05806471446745949)
(0.22281184176888452,0.5994547118333137,0.1843268291662141)
(0.21553324881729508,0.708725939178342,0.10271130881531679)
(0.18604463663746754,0.8046535488889633,0.027650216816088657)
(0.19232316200822064,0.6089358753721344,0.18065630697440743)
(0.1707367146930168,0.7745133708075259,0.049333508803698516)
(0.15641265759633452,0.648583261705507,0.1801222763754798)
(0.253692612975957,0.7018336232399216,0.045544097676811585)
(0.24066663232132962,0.6225824908287005,0.14761276684620447)
(0.12015583788382342,0.7291977073501417,0.11071636895492475)
(0.2308572013282966,0.6828570389484933,0.10549828087832636)
(0.1813079555245302,0.7788107030499272,0.04936457121901877)
(0.22663648960932767,0.6685860485424249,0.13191448776486958)
(0.2270314545214681,0.6855032439201859,0.10490544630891506)
(0.1951127605536533,0.6789270114595499,0.09239687070259898)
(0.17139851498492947,0.6688375729614305,0.1564140090349429)
(0.175674130720836,0.6671355519456155,0.16292827595328932)
(0.20884590911928902,0.5919135012477147,0.20313954751366078)
(0.23780084107655117,0.7738227798259252,0.001256775275353701)
(0.2401246285706876,0.731523758438266,0.01897967688163721)
(0.23232432907468226,0.7431442972460631,0.048227670050799885)
(0.17815126284829985,0.8144624737990577,0.008942356748098587)
(0.18365240295123791,0.7097195460190815,0.10440327388538058)
(0.22520309894520205,0.5211180393803874,0.2832828204987756)
(0.16908320304927746,0.7600912815441703,0.039093654584482246)
(0.16182793450256147,0.651320590824512,0.17251705116963698)
(0.22421876506938185,0.6315272449048215,0.16245715996169793)
(0.19254931020262317,0.6768974741465617,0.14335196311944703)
(0.1893749845411353,0.6869152994774747,0.10698567297233422)
(0.1399368638180505,0.7779994959071961,0.0796000338349458)
(0.21594347507782807,0.9597459340222971,-0.14367221646688638)
(0.20982755486642485,0.7168313864455974,0.11763013895041809)
(0.23423957814879864,0.6805039742963053,0.09147291467480333)
(0.19505298948413854,0.8261331509031418,-0.014881076680924749)
(0.1782027164544829,0.7258578594707221,0.11329248811742389)
(0.17296043498149388,0.6540870191055053,0.1584752105851647)
(0.18875184523026597,0.6291541768396525,0.16814802122313766)
(0.19691450705368702,0.702374010817071,0.08929610315809959)
(0.210450633940366,0.6846965629540456,0.09263046366164407)
(0.2724131082530043,0.9230470197799941,-0.18204460883592072)
(0.16381669085433953,0.7783130621753168,0.06996256690256432)
(0.2142238617251567,0.7286680279070086,0.07287161012106451)
(0.1725819791007218,0.7763273190028733,0.06022270857753773)
(0.17854026102886705,0.7513073100740966,0.06833774941713684)
(0.23105028035986122,0.703815278514065,0.0828524241470973)
(0.21834255164433808,0.7321779957127604,0.06916099002580875)
(0.26814521190205803,0.9525577657788465,-0.18615030518698159)
(0.1962827154831035,0.6948871788817441,0.08958433039099771)
(0.1924443405329723,0.8430781271698555,-0.02243426468523781)
(0.15964905683580236,0.8717503655727072,-0.02092317052948582)
(0.18738094087154392,0.5964362690739188,0.23016300432248146)
(0.18253542146367616,0.6080573097747567,0.21294250853040764)
(0.1646329856204396,0.6628379453411762,0.16933847748393077)
(0.13322383918946024,0.7282397868574029,0.11280094214323065)
(0.24296326611488514,0.8051018616624595,-0.04201483686993374)
(0.18321269487701547,0.6758760782909528,0.11247521872155121)
(0.1373027746845928,0.7266048552371576,0.08259457784953915)
(0.2362077712413491,0.6575545318944594,0.11258682558520221)
(0.20826312419417708,0.6002860046008002,0.18505727316954526)
(0.19890280530332696,0.7197480712279521,0.07797814045062378)
(0.21404933674655857,0.5968117031152687,0.18480708934834233)
(0.21920671030636907,0.8035333095512714,0.0007883128782506344)
(0.1740128304198675,0.7129626402254854,0.1188366097949832)
(0.19049329666187528,0.588188638613286,0.2163990318342303)
(0.22652704037248567,0.7849724228066093,0.00041184027553909253)
(0.19879222424614418,0.6830946594658492,0.10803713986220678)
(0.20733093724474197,0.6014112800528957,0.1894166113405774)
(0.21411571652700004,0.5603278085350974,0.227684624729168)
(0.21051514616620226,0.7385675255566517,0.08349897101755846)
(0.19865907119335596,0.9005598033140232,-0.07632360942572253)
(0.2516906012814866,0.7596550914427929,0.03944000656354471)
(0.20246930185798293,0.588272852024188,0.19804561725926556)
(0.19185536761998892,0.6186154101642527,0.1968182760277238)
(0.17922980409296893,0.6426132867055477,0.14361934872329923)
(0.20438151982057035,0.7789684806315539,0.03857079225712795)
(0.1940677633813431,0.6492155684950737,0.144637767458564)
(0.20584006157156878,0.6565741566261277,0.11383649795140323)
(0.25715949403945604,0.6475238880814347,0.12769597324481655)
(0.2102967477090253,0.6217579085825126,0.1819059651733201)
(0.2408110251352116,0.5377258354921779,0.22476769930703805)
(0.1874335425142727,0.6051945161696046,0.17667798873159826)
(0.15226058602617623,0.6968411711950604,0.1305993747780727)
(0.22173169406399934,0.6407188437761991,0.140293686749661)
(0.18252419241263332,0.683972941987595,0.1373670801346639)
(0.2534853708331148,0.6775883648456186,0.1037590317080161)
(0.19573352636568278,0.63340742553031,0.1618741291490711)
(0.21689935698122892,0.6092635923344383,0.1634714817069485)
(0.19810061262138448,0.6656783999874581,0.12736187283228922)
(0.17327254713038248,0.6546936244761861,0.15945846822483467)
(0.14014807843670712,0.8548240598008207,-0.010276319423171905)
(0.18316936305568576,0.6917997840808497,0.11699322890128047)
(0.17928527057007407,0.7226318893513417,0.08525619243906732)
(0.16661650353575722,0.6708880164748373,0.12628974406683624)
(0.15884086734915193,0.6588999442223616,0.16486017526122954)
(0.21164424729716308,0.5817362307282125,0.2234194473323771)
(0.19398609927121865,0.6828749921152041,0.13314880172535326)
(0.15733105340167425,0.6744615807754651,0.14375731722302498)
(0.21254657153053688,0.6853134574937754,0.08287443765754426)
(0.16389061589953957,0.7484595561215635,0.10451209976151112)
(0.2194116768407633,0.9742378593899217,-0.2177163341067317)
(0.17649092820664258,0.7970913512916044,0.02602538475189061)
(0.19942011865491993,0.6510637701810247,0.15145688538165522)
(0.17135811167425927,0.6769788212675565,0.13607868946988624)
(0.23580447803758747,0.6583289818271291,0.0981884676064726)
(0.22478222085567884,0.8128242566375791,-0.0348112610643282)
(0.1799813672457905,0.6663282903637305,0.15291209802030706)
(0.1570679896181973,0.7287783529571484,0.11322631535017237)
(0.18174036681781186,0.6894846594376408,0.14242829866466422)
(0.22888306802064526,0.6964066911715915,0.06975070024455707)
(0.27652768845741227,0.7508961747589759,-0.00570054510955834)
(0.15052240212764617,0.7284456272747567,0.10103150576177986)
(0.18435139466701975,0.6422629121809953,0.17670358145102424)
(0.16512295348533648,0.7138147823323094,0.11454183866041634)
(0.20674803083116902,0.6834615034369896,0.12688115865961253)
(0.17754884292070947,0.7608220655969349,0.04795376457570884)
(0.16245608009153226,0.5758729729187789,0.2327238087239043)
(0.23643928798697406,0.7359905814330492,0.03133144403896083)
(0.27396217596807737,0.6510149062500182,0.10421117840077887)
(0.19056926499854318,0.5490771937351194,0.254012963681127)
(0.19271496066991836,0.7263331286242513,0.07120175714400818)
(0.19398900387240675,0.6400458967274093,0.1564429831999147)
(0.1938462980468975,0.7082250036393223,0.08502431687974622)
(0.18011917552582088,0.7944684927528066,-0.005421746937585209)
(0.1614091053429955,0.7889266792418332,0.03469743033211644)
(0.23156309452766477,0.6257823796843446,0.16412016681418543)
(0.15125901975505723,0.7155261501919635,0.13010312452276768)
(0.1909840033776474,0.6383445417399204,0.15783463647397306)
(0.21276226464546535,0.747992036327059,0.05350278798273939)
(0.26052409141034377,0.5680151955017841,0.18391601566028987)
(0.2581776822655413,0.7191190231492666,0.03707544153317745)
(0.1617267577694534,0.7012691643275741,0.12576619792008334)
(0.14945139380543151,0.8227205193907661,0.00296513803348329)
(0.17154956332923368,0.7622146117878605,0.04490721470971294)
(0.20910170229781186,0.8937199299307701,-0.09165918273303963)
(0.1861766611897389,0.7091903506891329,0.11898375474716091)
(0.2685872637259889,0.7621923055624239,-0.027353339024321483)
(0.18749829556787756,0.7447442741492152,0.058070225514105574)
(0.20487899409586954,0.5360690585317587,0.2517904053431043)
(0.25552195503458563,0.8110096378754548,-0.06564303511506564)
(0.1996668794946794,0.6551591226087748,0.14574663823610537)
(0.23651479512503135,0.7442803265670066,0.04319124024865772)
(0.137046252057387,0.6013613304475112,0.24215244896299917)
(0.2609863709063393,0.566359674608458,0.15935078483371481)
(0.2356547433373699,0.5624057670838105,0.1946580162346436)
(0.14303716113170187,0.7091203956807584,0.11426053397403384)
(0.21577893600940243,0.7355278414079401,0.06609969366663176)
(0.22887155236074752,0.6795882646189202,0.1121883047932031)
(0.2621837036138846,0.696692012641602,0.055052819975317656)
(0.20715479685305496,0.7455212972615685,0.0491771438974367)
(0.22832094197629008,0.6509649575456921,0.11338343501574036)
(0.22980743986268282,0.6786474429002596,0.10022162258212775)
(0.23286132756818634,0.771176507752533,-0.007722403534792787)
