(0.8394995937868719,0.1582933595276049)
(1.0812712419815185,-0.0954672500867253)
(0.821039153534611,0.15602370900168172)
(0.9973346687953303,0.006239729960857695)
(1.28164526123005,-0.2923380076230352)
(0.598244183307028,0.4107402870593497)
(0.485915393045336,0.4926407081269542)
(0.5369495581410977,0.4761414068595236)
(1.2647750898819696,-0.27339980912571626)
(0.8726734457496268,0.1480045029272093)
(1.0291450768977377,-0.009527904300010735)
(0.6060632573352132,0.4010116729184421)
(0.6938023430406213,0.327210756823208)
(0.43308750493647635,0.593535301378342)
(0.48354858432967573,0.5264281602834108)
(1.1534041605237186,-0.14535255429308722)
(0.996759300738796,-0.0333806035467472)
(0.39977483745851333,0.5947047012659772)
(0.9727984456552623,0.012907658340773022)
(0.7888942534584503,0.21130717784296035)
(0.8810410939897605,0.09561440583798501)
(0.8739933170406186,0.12037984077169471)
(0.704979991764921,0.29419214085502815)
(1.060583332976937,-0.04839511441793745)
(0.5676415685706108,0.4233135669372099)
(1.1756186630142154,-0.17724344153763955)
(0.7286408972004916,0.2480445681315269)
(0.723654960649191,0.29332289663796335)
(0.5998863079864437,0.37112860841321355)
(0.7421811383416737,0.24688025853598178)
(0.8666797531560185,0.13104672686414529)
(0.6857666830175118,0.28938201277387154)
(0.6998156832630699,0.34250799781831603)
(0.7978156139222333,0.1424395392643951)
(0.7994761269459157,0.17017660891256914)
(1.218118977193422,-0.17556696549414558)
(1.1060408747408643,-0.07777086526238587)
(0.8918315917058615,0.08917353074935287)
(1.4281792142836738,-0.36611686739124955)
(0.9581372523647195,0.027388747102551163)
(0.6627154792253086,0.35301980560498386)
(0.7024987611977681,0.26570267971218564)
(0.7917796671574324,0.21688190882149505)
(0.8820950719141303,0.12550718238102349)
(0.7066398026329511,0.27056838437010333)
(1.532940660844064,-0.5464979396048202)
(0.6101312787986731,0.3742330134580874)
(1.3910911762639158,-0.3554759778122365)
(0.5972192454654031,0.433387593676557)
(0.6223712952214185,0.37766354446233813)
(0.8054504415619856,0.1277199301391221)
(0.8968754776033122,0.1077211121787872)
(0.8137658283227253,0.17320155557129693)
(1.0650394855190175,-0.052040033654962514)
(0.7480762132747558,0.2488787435719364)
(0.46780026447488426,0.5539332046153496)
(0.8375231419553362,0.17027257866463236)
(1.17816635633561,-0.17832234931867227)
(1.214778147799552,-0.23476639737550836)
(0.7796161309951026,0.2220817930983666)
(0.4813548046731619,0.5158158739096457)
(0.7694200577327884,0.21357551932890995)
(0.8457809947110648,0.21156351517657251)
(0.8050451193500012,0.17446188759993939)
(0.8310618181740145,0.19399027857811854)
(0.9272506039983842,0.11751234152316754)
(0.7037866370785584,0.28011444156858684)
(0.7109300410764794,0.3103528460915665)
(0.7525667240986919,0.2389641990819979)
(0.8081050140725354,0.1944501404838393)
(0.8363485678948012,0.1793462735026047)
(0.8980446988327018,0.08443243159175491)
(0.4838025243210273,0.4963655741516292)
(0.8294600662793428,0.14582900320748882)
(0.7385907006687448,0.23977299616893255)
(0.44683313023440085,0.5298000072108118)
(1.0264690734652717,-0.033087473606445775)
(0.8707138072318423,0.1484500888161411)
(0.8304302407254461,0.18128076806268095)
(0.7896761707341515,0.19741641031680074)
(0.4590901116655635,0.5472591783255305)
(0.741832341003921,0.25408585107456744)
(0.9464485142623008,0.07629213764547857)
(0.9690323467950916,-0.018282022252515802)
(0.9602507436968959,0.06852103068214076)
(0.7949411987640055,0.210701926863131)
(0.5383331460869851,0.46988582600317363)
(0.7555006654610869,0.25105971448662867)
(0.7799099312988024,0.18864000154400057)
(0.32645181199981077,0.6699831689822562)
(0.6225972615830435,0.3862174383320203)
(0.913796207785942,0.09162107441916281)
(0.716912728161006,0.2810560275752369)
(0.8433653298274353,0.1563922812155238)
(0.6861168807017974,0.2870910681783997)
(0.6905311686459338,0.30990819668146313)
(0.4795332330197438,0.4933849571353665)
(0.8744437060137296,0.1044771132591848)
(0.5692788978531115,0.4210189471075161)
(0.7266519604441056,0.2973054200433265)
(0.5399344761118678,0.47303268401904913)
(0.6624828058511869,0.2995872632389841)
(1.0123589939013748,-0.04163287726440986)
(0.5598179552089108,0.4462558137534275)
(0.9802984676756873,0.07023890661083455)
(0.3844533445620776,0.5817659649699171)
(0.6386543073987982,0.3312423821849695)
(0.8696815553103135,0.11520574955420317)
(0.8481572213285571,0.19416719656421058)
(0.8939668420394992,0.12075876447037016)
(0.7610838493335756,0.24221781131754316)
(0.49652648878700295,0.5386386056803883)
(1.023384184795137,-0.011380726488020802)
(0.5476912234224794,0.4593707720940153)
(0.4738560555260207,0.548865358202266)
(0.6560179750043846,0.3182248484102161)
(1.1245658323746845,-0.10021099059390691)
(1.1422217369115866,-0.10836677253076576)
(0.663487698741316,0.30405724325799505)
(0.7559459682981268,0.26184117474025465)
(1.0736017946513292,-0.07186323210565568)
(0.5327392555560487,0.4921029841389983)
(0.8327528008475902,0.16396138144282704)
(0.8458380293972633,0.11214047529701104)
(0.791373060256629,0.21274441885482567)
(0.8594249873051244,0.14635138796021005)
(0.7020126096184025,0.3193778967030911)
(0.7407487343347593,0.2939234819292248)
(0.8609617470936816,0.13234642390525356)
(0.8030942570915575,0.14462947106320134)
(0.49864167454720143,0.47610444695695164)
(0.7933809015570595,0.20272617515446406)
(1.1017303274076737,-0.09196195200523552)
(0.5522833524366705,0.41168613518060115)
(1.435396750252327,-0.42015166866243264)
(0.8650984111691788,0.14620268060730818)
(1.2513653350862715,-0.2652664965579567)
(0.43747836370850474,0.5759822025154997)
(0.40507471553068025,0.5988506498768337)
(0.5760609165429815,0.45090656673063073)
(1.3061331975258106,-0.3170952552116292)
(1.084902963197394,-0.11395381546730758)
(0.818515291300666,0.19968891579324352)
(0.6350778370189066,0.3446019091025921)
(0.4756105013483962,0.5122170088462462)
(1.0070404754845956,0.02612700308780057)
(0.6301404762492601,0.39011549911236526)
(0.7917754435014089,0.17314573246731643)
(0.9758013334932586,0.011609107675493217)
(0.9553400707640987,0.06900506453668652)
(0.7357063271424847,0.2730329173848546)
(0.8160429341818218,0.17503222829559587)
(0.9135926301424472,0.0897829149461791)
(0.28654119369630526,0.7257984236410541)
(1.6449872831196874,-0.5959222201065426)
(0.977908398322778,0.03826515958576831)
(1.1571467682718484,-0.13701930706258467)
(0.8788784920661945,0.11804211644921622)
(0.87863850667368,0.12118757221225004)
(1.0416936436326727,0.013797032444631334)
(0.7912169128715719,0.21700537772191572)
(1.4896231203113728,-0.4915340475108148)
(0.6064079462211918,0.4007329272759259)
(0.6217042613793857,0.3362366134596436)
(0.7351165453664315,0.2513942487597649)
(0.7843625631839413,0.21237267077954855)
(0.6030349381494007,0.3788995634367247)
(0.8071916465474104,0.19677386761923296)
(1.4253732015036626,-0.37199411658874937)
(0.8841293155746668,0.0996102975472267)
(1.2020324578846762,-0.17499112836037)
(1.450525656542464,-0.42754089038474785)
(0.6824997265858901,0.3015712173312009)
(0.7234667799863124,0.29087199148755555)
(0.7006700228802156,0.3276396490165089)
(1.0606035179153055,-0.06305788467474671)
(1.6339833042032486,-0.6611161948108852)
(1.0047157692065378,-0.012546341337083884)
(0.7495186645551828,0.21491047444118844)
(0.4112111391073263,0.5688330540734965)
(0.5602898581733979,0.4636309672736304)
(0.7978991341000609,0.19427868619094152)
(1.237048886108062,-0.249926460410198)
(0.8155560466079933,0.20882405572480903)
(0.8219250532162439,0.23922513227946035)
(0.4861349014159564,0.5192630944678722)
(0.6412850541594984,0.3399539180411008)
(1.1089534193861743,-0.12093592968216196)
(0.8605841823163093,0.14733461758005048)
(1.0877134743294228,-0.08699429427522923)
(0.8514258500346616,0.18062671227148994)
(0.9110490778711198,0.0777595561248899)
(0.49473368331428264,0.5091486842516144)
(0.9845611709264241,-0.02225455229980148)
(1.1601841116625025,-0.13607594160917472)
(1.0413539562931302,-0.04877949993891506)
(1.2106617217287128,-0.218040552021554)
(1.3573078131610081,-0.3843383590024363)
(0.9301901674662524,0.013801313978577772)
(0.5275340157045961,0.47650255986533563)
(0.7403594482973825,0.2850151301236638)
(0.6386935962427717,0.36211579595061105)
(0.8923816069011125,0.078588273625449)
(1.0888562850803916,-0.08134783802873323)
(0.9489514769267298,0.025946059875995613)
(0.6198726291108156,0.36324655158055813)
(0.6956777766871154,0.3366719736370604)
(0.7971532342628009,0.17476773913527383)
(1.0393840619159285,-0.05789264282902746)
(0.7208460413121734,0.23821744735204514)
(0.6847418506709871,0.3122637709244106)
(0.9233632609123663,0.09118179640596132)
(0.4576197766636788,0.5169020213216038)
(0.6881281640871101,0.3380168994399212)
(1.3007922211447696,-0.3112329930154307)
(0.621464154439449,0.3617949219908134)
(1.0168093447769406,-0.017256758210373115)
(1.6100556560461257,-0.5858692612692974)
(0.6227883657713147,0.3506248117035828)
(1.0621089569473066,-0.05016858830600581)
(0.4587904942314749,0.5706806521742325)
(0.8238060403264912,0.17292924685569647)
(0.7494251649660314,0.25182453615105005)
(0.6414211292465816,0.35654282501719514)
(0.7860542521743579,0.19194819056622536)
(0.9447871649634089,0.0434249872845411)
(0.9317051718256887,0.08522510202376136)
(0.5412209508495556,0.4797132082554109)
(0.7293813465053121,0.26443809636671634)
(1.5623064152971669,-0.6144833527355271)
(1.1771955346326402,-0.13828593179783327)
(0.7710542359308975,0.23275377593091268)
(0.9665892870117841,0.03850034108559513)
(0.9503320378037483,0.06465559359724304)
(0.5418942067342206,0.4511674515841507)
(1.3769262851854267,-0.3930786906020351)
(0.8347330797070386,0.16129243943327728)
(0.7378091621139804,0.28680650765309895)
(0.40436782359513895,0.5808552426250803)
(0.44429203003891404,0.5684519621636783)
(0.6257876852862253,0.3857653759108547)
(0.8866248930575196,0.10665187525748773)
(1.1429469990601897,-0.1521196653886691)
(1.2441851921428408,-0.2631564507336982)
(1.062566936528126,-0.051702280396625756)
(0.8627868362561032,0.1251872317621559)
(1.2891605260213832,-0.2712320330840183)
(0.6232406952255534,0.38106362278823236)
(0.7205783522892669,0.2330698297414499)
(0.46850754690372515,0.4766545144448407)
(0.7065088075036735,0.29830372921643356)
(1.6952326778318594,-0.6938353012912286)
(0.841047271109752,0.13699079223428906)
(0.574623102690285,0.4369994259509387)
(1.1371913566037106,-0.09925147223678994)
(0.5384717813048913,0.4657887265300286)
(1.113860810274342,-0.10483075180027326)
(0.9633408332796618,0.05261173094550439)
(0.9182029715687365,0.08974731225914542)
(0.8876792011816844,0.06992313116422363)
(1.3507522012418278,-0.3883769488203703)
(1.129255709223652,-0.1166499813161494)
(1.2525270374845041,-0.18785624227270645)
(0.968599740501616,0.08125677838618177)
(0.8988896082132874,0.11581440723787696)
(1.2227443341206137,-0.2362949589783702)
(0.6249662443071178,0.3575614642252423)
(0.7305974947701027,0.2672621313846249)
(0.8978762879440598,0.10687019507283949)
(0.7071557157620932,0.300098639065734)
(0.9353234323441555,0.09222688101439665)
(0.8043323335476409,0.23491656443504239)
(0.6753719811936226,0.3496893897722655)
(0.4943255588534499,0.5118593692001375)
(0.843998816919436,0.14685756405008135)
(0.7606225061561965,0.2279641944859404)
(1.0317655160802581,-0.05167124014062864)
(0.6889473579137867,0.32709339239460244)
(0.7109630831515962,0.30826327092128564)
(1.0791477928657316,-0.08436440743575445)
(1.4153170929289673,-0.4101650030514642)
(1.132233698979422,-0.1501454678222962)
(0.7418735544708834,0.22879006675087077)
(0.788245416736381,0.21130756324682573)
(0.6584700950975265,0.3091104739250947)
(0.48343809916517694,0.4959540230680121)
(0.9096770219818697,0.07306661414840268)
(0.7135339866770504,0.26516971402516604)
(0.5091699056080947,0.5116280120918554)
(0.7159474961005597,0.3265608823967258)
(1.1055923707252366,-0.07748803952626665)
(0.6919692137883064,0.29960705384024366)
(1.1252203819002307,-0.11673927597301247)
(0.7534591424127779,0.27997061320246597)
(0.4518590682743858,0.5875827461768542)
(0.951138030502387,0.06298553739264358)
(1.0859805209679834,-0.07473544228048695)
(1.0410335824692054,-0.03144277712161105)
(0.9183594729919751,0.09210717645588226)
(0.7839137742364308,0.16729923870080243)
