(0.8456530657908069,0.13330114051734035)
(0.8059769778138572,0.1955990010715317)
(0.8756452980901704,0.12594217585465609)
(0.9533714133372576,0.055128554506050816)
(0.8459213959443612,0.14595489675009873)
(0.919777995253577,0.08223683765848205)
(0.9784567780626559,0.0221361158683555)
(0.8527092618621802,0.1529137029429395)
(0.9572666115201344,0.059987860113609424)
(0.8776224042316176,0.10863444508796419)
(0.9600768971880341,0.04293948949654575)
(0.826464459224451,0.17698927108922954)
(0.8645435517371658,0.11953856827866217)
(0.7978200056791657,0.19203530230236412)
(0.9061584457007024,0.09800127382753782)
(0.8325033628099664,0.16057594897264438)
(1.00412494214735,-0.004477436909728039)
(0.813723200628092,0.18971379725198537)
(1.0017659375713148,0.0007544232673279245)
(0.9123678572132914,0.09035225899630228)
(0.8725325029939477,0.12026203765812485)
(0.8335798161887356,0.17370507277444489)
(0.950961708399381,0.05311869632683063)
(0.8704071103800705,0.1348035112192234)
(0.8358363550790323,0.17261663027183646)
(0.9261552726668034,0.08121974232386572)
(0.9710670090051329,0.03396179633076107)
(0.8222586923587197,0.18325500589981453)
(0.9816210569668753,0.029051349656155388)
(0.8694237458199988,0.11279761932840732)
(0.9235325424979058,0.08114496129769463)
(0.8287770383918622,0.17526639946804867)
(0.9382421165049848,0.05850568078510916)
(0.8361834848092456,0.16653202220544266)
(0.8733410815299671,0.1130171538288237)
(0.9090299697955396,0.10199309330797691)
(0.8838394591811093,0.10587525833378217)
(0.798303025068488,0.1987816155026255)
(0.8230010332832299,0.17834770481073386)
(0.7597202128437801,0.23272301116354194)
(1.0609307077123529,-0.06721642421753951)
(0.9673170315865495,0.03508861313549797)
(0.8694189395894591,0.14040748158576397)
(0.9164639524066781,0.08795393175804088)
(0.8785444959395566,0.11325524590955399)
(0.9412209986464767,0.061160187664313366)
(0.8740575565198314,0.1192664926239979)
(0.9111071221837816,0.09073897614465705)
(0.8911739553524117,0.11064224807789297)
(0.9025397958244687,0.09005514853974854)
(0.8746460755857252,0.11354745440915627)
(0.8916264888450821,0.12070153694738854)
(0.8184223826421162,0.1903131264543556)
(0.9142864480313343,0.09930279146269459)
(0.9112922749076847,0.07579099757597134)
(0.9308399869938255,0.07121984920472167)
(0.9827556805039461,0.02228011689646346)
(0.8931210416326094,0.10616508629241081)
(0.9453741313891374,0.059291698132108196)
(0.8483466242683882,0.1483346898797788)
(0.9183746935238264,0.08294495324305563)
(1.0232514773758534,-0.014468718168790046)
(0.9335895660681227,0.07021373265586262)
(1.0181696014894188,-0.009001290910203913)
(0.9176281529300286,0.08226410539566809)
(0.9925720610052096,0.012854402615031162)
(0.8722999947028774,0.12167943762876748)
(0.8556948245217085,0.14734087209482008)
(0.9506713027503361,0.0487534925756685)
(0.782091577993395,0.22365974785174186)
(0.8444297620210114,0.14767027560386942)
(0.7872370211298373,0.21326253719677965)
(1.0173206136296873,-0.0223667940846433)
(0.8644546836681474,0.139221645562586)
(0.9116417456946234,0.09055935114680654)
(0.8188861022536277,0.16262818055215106)
(0.8614324718843317,0.13406796323766246)
(1.01537754252789,-0.026067442536652732)
(0.9038542212772162,0.09044667225419918)
(1.0379421027316922,-0.02622746219643826)
(0.8823006275319617,0.10919275231439182)
(0.8565985638367244,0.1470223693549172)
(0.9144070950506114,0.0904545899042983)
(0.9313182157238874,0.06910373545754434)
(0.9556591938809121,0.050272123759057916)
(0.9889204755944649,0.011577700591078127)
(0.8254870578003249,0.17166624470824163)
(0.8178477346466544,0.1736672122378926)
(0.8628549097069751,0.13696472979630692)
(0.9132435195032017,0.09873501351561861)
(0.8194548234038921,0.18570186326168792)
(0.886576231184144,0.11823226114164544)
(0.9439866251765965,0.056267437514102056)
(0.9174191843061128,0.08499584108753697)
(0.8778113314447202,0.1170164492116057)
(0.9419185482766252,0.06447836236601465)
(0.9208888592616183,0.08206202267027775)
(0.9063626042790511,0.08644059384847994)
(0.8724958205719502,0.11458552254764334)
(0.8712361308246153,0.12796064529916207)
(0.9090732219719236,0.10219874654178054)
(0.9326123384255764,0.06689848780018914)
(0.9358157360549304,0.06986242854519742)
(0.8334134617345116,0.16251112523518896)
(0.8301520694597437,0.17859918271974645)
(0.9144923317800783,0.08622989796553504)
(0.9186549065974629,0.07270884103521816)
(0.9426084618207178,0.06414683851126493)
(0.7954118701219988,0.202541406516629)
(0.8331467824628767,0.1661260153640522)
(0.8902918516326451,0.10491662171156069)
(0.9481570300720531,0.04825872858782495)
(0.9200699119897597,0.08164583759829826)
(0.863899426595997,0.1396930146895486)
(0.833493415486951,0.17095105289016935)
(0.8134463599645355,0.19559962891454832)
(0.9461142222210595,0.05489327245767186)
(0.9428202636186631,0.051835883818957894)
(0.9293313789153896,0.05984425081855827)
(0.9816847111033283,0.02392730573335912)
(0.8249436493351866,0.18072046728966304)
(0.8071273907366534,0.201095083297956)
(0.9308289476536482,0.06836416586316879)
(0.9220182165208671,0.07868366864508523)
(0.8746209549741095,0.12157230496721959)
(0.853414955796843,0.15077699387924776)
(0.9335598337688316,0.05770708307701779)
(0.8759469977472323,0.12184145230748411)
(1.0278737257702772,-0.021479036442383685)
(0.8945291914560916,0.11260643635040758)
(0.8660302450195714,0.13635915616250358)
(0.8838243588678988,0.11516015234537501)
(0.8864152573577219,0.12280899567280046)
(0.9593124725810735,0.04148291143995564)
(0.9366520662515325,0.06875217576204573)
(0.8358762039541913,0.16525268223144246)
(0.9396097350891964,0.061690629051853255)
(0.8417327141752914,0.1628777387783994)
(0.9282290781547318,0.07655474835993357)
(0.9618988714754617,0.03225635011739782)
(0.9298688884163347,0.07139323837262379)
(0.8160800905291606,0.1780091420405284)
(0.9309397747961097,0.06719678718467154)
(0.8703880386386379,0.14027732874098717)
(0.8876586018044208,0.11523655556087091)
(0.8932463202304807,0.10824191418575714)
(0.9069313147047984,0.09324086446717998)
(0.9570813524835866,0.04577806737133103)
(0.866734808300802,0.12629803150731478)
(0.8741918861701383,0.1324787159026622)
(0.8579811550460843,0.14200007969217887)
(0.8782226169434082,0.12386271123107677)
(0.8756636750721767,0.11705618579730136)
(0.9153655481151445,0.08449270406953113)
(0.7813916213076154,0.21980175912574312)
(0.8849490431388798,0.12066223222713204)
(0.9144058803798104,0.0832699079401085)
(0.952743236389734,0.05374233195945728)
(0.9994989503327197,-0.001794852564348341)
(0.8836499291362835,0.10436589608957428)
(0.8688082833432988,0.14669342519297993)
(0.9131765361599936,0.08895833752699926)
(0.9004980017496886,0.1052504916941021)
(0.8522323933498044,0.1531198893555587)
(0.8521234996673599,0.14966341682047138)
(0.8597863086770484,0.13141800690504873)
(0.9379310174561047,0.05588462335791497)
(0.9322424626974883,0.0660493877641524)
(0.9114205728970135,0.08005440353082328)
(0.7973175642073802,0.20298221223506263)
(0.9489946351264343,0.044311619268491836)
(0.9005848984427888,0.10060938721350861)
(0.9135990345625504,0.0724986493244291)
(0.9110652851746032,0.095726921493644)
(0.8522271357614714,0.15109778038756932)
(0.9160164238515509,0.07775843448980266)
(0.9140631496446675,0.08565010804890655)
(0.8567142897763041,0.14199175623644456)
(0.8732953253550195,0.11967531234493695)
(0.847108601571676,0.14474017558720306)
(0.8904456474766596,0.0964267636982281)
(0.8894460996285963,0.11290490037869944)
(0.9039043906728869,0.10179769109723609)
(0.9137814580902249,0.08799378959044436)
(0.8695595083080153,0.13135214564112555)
(0.9617326231659449,0.02721196538724895)
(0.9005732061631181,0.10227077201814422)
(0.8489057985114342,0.1582443731957369)
(0.816588106538067,0.17232706024011266)
(0.9045528868932885,0.0980828522046403)
(0.9229365337616456,0.08173206751226765)
(0.9602192129070259,0.03651158203521603)
(0.9832763222569321,0.022631554854023624)
(0.8518460523833173,0.14645628435611974)
(0.7995681396691304,0.2021306790805265)
(0.8593759725911287,0.1365107886143396)
(0.830030190969117,0.17799593130059443)
(0.8615104353136078,0.13495254377698018)
(0.9923103543021057,0.00871947786344312)
(0.8122439721460821,0.19207307883994781)
(0.9614774519210442,0.035125337516168476)
(0.993774203301566,0.013853068872919871)
(0.9098453866476273,0.0944734142110589)
(0.9916517207556393,0.004779805803239186)
(0.9277507245694996,0.06907853634562662)
(0.9305946186302444,0.06106838243123444)
(0.858720645086078,0.1450035801144688)
(0.8848142894352122,0.11372259012750144)
(0.9232499275989178,0.07790340012702422)
(0.861216769269426,0.13026464958047337)
(0.9530919706591559,0.04291658952930056)
(0.9026911295286484,0.09381880587231288)
(0.9203570140988725,0.07695502659236242)
(0.9226799787703892,0.08562410439353581)
(0.874262026787878,0.13012979048552933)
(0.8666573605532211,0.14202588921863316)
(0.9111427720032284,0.08441178513275271)
(0.9424416269651038,0.06069486810552833)
(0.9301834157658116,0.06820743750915993)
(0.8861417500685593,0.12256666924705767)
(0.8838143416578476,0.11493925674208882)
(0.9014614875871112,0.09778825041846595)
(0.94979160706464,0.05228835421395593)
(0.8218434148990081,0.1676535897561284)
(0.8176448524034475,0.1763835703932883)
(0.8311163855686681,0.16224968425568853)
(0.8649692155770488,0.1360999085814263)
(0.8759537320349956,0.1298142130514712)
(0.941145908793626,0.05006763627937982)
(0.8559691465557783,0.13774372815479594)
(0.8695796797993959,0.1316584398057314)
(0.9938126185990732,0.015506061288271492)
(0.9659090881202458,0.04777938127118204)
(1.057651468763456,-0.050978337231396234)
(0.8979715830131098,0.08943816803949119)
(0.8462574351454275,0.14557458172799562)
(0.8818325665223048,0.12135608591087144)
(0.8507133918755001,0.15246138430995548)
(0.916806601878685,0.08504125755656651)
(0.8879520695128155,0.11946695726317266)
(0.9502662817429482,0.04958251371485778)
(0.8070089027831614,0.18571410598492377)
(0.8506892918106118,0.14713326832352783)
(1.0006675137790686,0.0008581151480771251)
(0.9318530407428026,0.06486371770000775)
(0.9802402956717838,0.023259894061296398)
(0.9912046731114283,0.02101963075005451)
(0.8917666484775231,0.11241165828676711)
(0.8433819863940627,0.15058754079970876)
(0.7737824665518174,0.22082547600812952)
(0.8764372637401034,0.1309956964166887)
(0.9644552433528851,0.03357654497500396)
(0.8355198570648018,0.15561491057496396)
(0.8747628162727304,0.11879418423444262)
(0.9454968692768667,0.05192318783228958)
(0.8933097535829612,0.09574162087765023)
(0.8002176266934281,0.20659635912451227)
(0.8276697756627076,0.1715129133086495)
(0.9097104538218886,0.09350292791342675)
(0.8802652902991123,0.11953387687860727)
(0.9262184613254896,0.06312519347541772)
(0.8689252252466133,0.12253975505392313)
(0.9024516644344887,0.09548908523059592)
(0.8236040935414657,0.17491226263719456)
(0.8231390892631132,0.17523079311401635)
(0.9307529360950174,0.07261395608484343)
(0.9502785011352379,0.0658157379215694)
(0.8961563766809659,0.11369549134706945)
(0.7961863032413381,0.20220746627179137)
(0.9094220490189936,0.09633950631354149)
(0.9411946460914392,0.05451081785406805)
(0.8970289023588701,0.10841291343858765)
(0.8547746790450355,0.15234734394910582)
(0.9406798180179353,0.0659338549157593)
(0.9359113569980934,0.06202312326385295)
(1.0377485582230204,-0.027267773678575444)
(0.9526156069788206,0.04615386601473203)
(0.8264697871309303,0.18494522433021723)
(0.8036871856407231,0.18994028388464362)
(0.8210908269283314,0.17863799234576844)
(0.8729796316468001,0.12071874272125216)
(0.9141634356739782,0.07286742682568287)
(0.935856543043841,0.07422529159846851)
(0.9412798546731523,0.06385751998416771)
(0.9503148232181093,0.06927193432097252)
(0.9137119667463366,0.086688417215232)
(0.9293194716071156,0.07184603843151108)
(0.9657528831628762,0.03326826763239527)
(0.8948228599606106,0.11289608210970527)
(0.9834354563266692,0.011736884770899247)
(0.8317045981116119,0.16600094206919147)
(0.8768275378719681,0.12039458919120061)
(0.9764427105649216,0.02143495551684123)
(0.9321442508243316,0.05525132934624916)
(0.8474321582781976,0.1547623584593799)
(0.9002661196425052,0.09706575988148361)
(0.8479427817531136,0.1393386630033223)
(0.9337650286001767,0.06699852526071286)
(0.8839164882580135,0.11373327727288303)
(0.9293517169320338,0.07268086974060912)
