(0.9263585290267577,0.09581308809161042)
(0.7658005778460615,0.23590471910002755)
(0.9621868550361137,0.07277494287754781)
(0.7504752227223969,0.23781265563650447)
(0.9214583082859664,0.07202589660635253)
(0.8368416661519286,0.1751632711409954)
(0.7654722780195026,0.2730714490873652)
(0.8436874602673984,0.12846142998916607)
(0.7920661933110555,0.20264982931434927)
(0.7168128951706841,0.30828189971716974)
(0.7504072135192411,0.2502091132212875)
(0.8162919260249109,0.19210083464604247)
(0.7574363732010737,0.2806206425215844)
(0.7377568248870968,0.2322122507986877)
(0.8406881097792391,0.13995223300674423)
(1.0265604667118393,-0.02862440742517343)
(0.9922646614782418,-0.0032689369839512027)
(0.6570975760828884,0.3461765914262121)
(0.9543906619667304,0.05673561443242727)
(1.092804442028324,-0.11898969531289784)
(0.8506327686797824,0.13046583993267097)
(1.3087380757899458,-0.32578933172731556)
(0.8873596685216849,0.09298893989371926)
(0.8049697030738128,0.1768144257201914)
(0.8678698424613376,0.12643138684801541)
(0.9535360011378186,0.02384347297865922)
(0.7668694565249157,0.2502366925005289)
(0.629588608466848,0.3826910949251801)
(0.749687371569899,0.2214685737478953)
(0.48160388871327675,0.5139344699382774)
(1.1740900881662937,-0.1803201507436897)
(1.052195618654393,-0.035610418076590475)
(1.0500034434805545,-0.03642619601156644)
(0.722063337091436,0.2683458601532171)
(1.0658236425726637,-0.042536504232748074)
(0.9991690103306905,0.01767009242674542)
(0.8558817868644897,0.13474570645018935)
(0.9380054766397495,0.08452586991424524)
(0.7635384297787509,0.21787671039960285)
(0.7948578794259679,0.20446544138189207)
(0.8493158607530208,0.13575193699624266)
(0.743353616874954,0.2225109124536344)
(0.8735993402594361,0.13187484111759495)
(0.8129399082700166,0.19115701435905463)
(1.0237339045121259,-0.037613467362781906)
(1.039217026471143,-0.036088541515479904)
(0.9442578962935291,0.04404560169241843)
(0.7735638385703746,0.20970195287069407)
(1.0864076026638945,-0.09800881942537917)
(0.8583857511753489,0.1415134455709575)
(1.051677739987905,-0.05329187642973617)
(0.8402622042204518,0.14827609099959002)
(0.8752020584892418,0.1481216290704675)
(0.8273739204603867,0.17823650877957808)
(0.599424551768362,0.40275659579735773)
(0.9461385884015425,0.03580183015645838)
(0.9110224621493042,0.060773815998125764)
(0.9243652884339069,0.09423874434476559)
(0.8277355467968911,0.18606521060919717)
(0.9947452193328362,-0.004584014625499696)
(1.0650067937445784,-0.0975710107353189)
(0.9566208643969644,0.05610424650799935)
(0.7220254069736053,0.28770635552845053)
(0.8554145231070431,0.13921845511484038)
(0.9479681799541494,0.036719451732591876)
(0.709305033874371,0.30860813682158156)
(0.8729065197138097,0.10626129438667693)
(1.1544898260245082,-0.12531171617887996)
(0.9788311144969268,0.06489505042723555)
(1.0662449140922672,-0.06997151213802831)
(1.108330013522856,-0.08442511609756079)
(0.8691216987088498,0.15276892501806186)
(0.8459348050784197,0.17773409357173753)
(0.8671269383497396,0.1369440720674498)
(0.7022889267087262,0.26614221880557526)
(1.3304273725021882,-0.34176423975798315)
(0.7590552899294317,0.224157680858999)
(0.6399649607994716,0.342479871556617)
(0.92589086817834,0.06522112136644469)
(0.9872015961061574,-0.0067622049509623045)
(0.9706305150680693,0.03165245358784443)
(1.0354609014628449,-0.023776530046794895)
(1.0178004169650634,-0.00017427538501012615)
(0.764088471543436,0.2515442929768741)
(1.2465284630115216,-0.26702869986784633)
(0.8151115134052981,0.17780117275039284)
(0.9168564926113364,0.0512665655809128)
(0.9274321803203436,0.07957765841935512)
(1.2160989041951904,-0.1701740300899006)
(0.8297315383719278,0.19276843612459799)
(0.89163541209803,0.10090507244940443)
(0.9353168515428102,0.08187430468950516)
(1.0110086622951946,0.020581610831936645)
(0.9137998508147172,0.0662964239123982)
(0.7782965111669509,0.2273776359830504)
(0.7938362837469303,0.16717987584870792)
(0.8388110251004234,0.17101357387483032)
(0.9945963792790168,0.015377223740335748)
(0.8236961102773405,0.2133900030199547)
(0.935074153231682,0.024848438379860265)
(0.887608597286401,0.08492917805114523)
(0.9612676523556919,0.04993380196379136)
(0.8987673565776649,0.0633541930458835)
(1.4537501968648872,-0.4094919233268573)
(0.8519936830743403,0.10139621342177597)
(0.87553677354068,0.13991723231944891)
(0.6986302328910325,0.2852746173040021)
(0.8800888494472292,0.10530034285021658)
(0.9238014616690082,0.07372757177013893)
(0.6862451401357402,0.32701452151128624)
(0.7070605950281568,0.312060685802032)
(1.4566314396178426,-0.4308852677189134)
(0.8954311024056228,0.13963802532427239)
(0.5943441280991053,0.406749588596148)
(0.8715051150553775,0.12004861872099122)
(1.0875298184556492,-0.10255165344199058)
(0.875673147011818,0.07590466833097399)
(0.9276954104360994,0.03502496267309737)
(1.1523053122579987,-0.14135004217103353)
(0.7496704650929884,0.25169486497068716)
(0.9535035186795536,0.05502486346711799)
(0.9102265935951023,0.1402418247644971)
(0.9403302723569137,0.0509639487516149)
(0.9123126013642208,0.08915182400965653)
(0.7220447742331243,0.27052081032573067)
(0.9365807723061115,0.05312916662908631)
(0.8459311464150152,0.11955407458661563)
(0.838443361300648,0.11581548101142448)
(0.716674491540156,0.2702553662698733)
(0.8096471251260321,0.15997988892600928)
(0.879636420004338,0.11365138220975887)
(0.9548442208343518,0.03761292117532009)
(0.8727095644868854,0.15274443881841865)
(0.6701418389849838,0.3277055680054725)
(1.0429677900226568,-0.04281455016872877)
(0.7434341662118993,0.26238364888174326)
(0.9962075674124418,-0.005834530355840444)
(0.8694688113281136,0.13260534064355003)
(0.7962562897749585,0.1869147878327619)
(0.8236232493679453,0.18003595422807878)
(1.1691557781194792,-0.1731905474535229)
(1.0296420709851002,-0.037084981966312325)
(0.889762940766019,0.11831879494868788)
(0.8577977010767626,0.132129151888976)
(0.8684825520168091,0.14812070256884055)
(0.9059146258150891,0.09392736815652077)
(0.7784416717587745,0.25733177673867486)
(0.8693794021567787,0.1534639809928085)
(0.7714848775703996,0.21995421938847606)
(1.1594826878633384,-0.17678851488346364)
(0.6746976190329724,0.29777443551960586)
(0.823281124770794,0.18140948012043828)
(0.8175241010625243,0.214563387035652)
(0.9252839569692575,0.10606592297939742)
(0.7011670783334083,0.28439785098146814)
(0.9617849432383702,0.028224349290671736)
(1.262696713403789,-0.24972688567994383)
(0.731036441027228,0.2823041037363514)
(0.9155465206286016,0.05304903540758416)
(0.8636027140837714,0.1482193393389269)
(1.1149903649969068,-0.12048155466297814)
(0.6680740631820188,0.34204328863861283)
(1.0433845226367693,-0.058989323411748056)
(1.2881120206865075,-0.2833175193080247)
(0.6540392354652944,0.3256574987968516)
(0.635805803548294,0.3340588443172535)
(1.0693143768516928,-0.06600497511250024)
(0.9599516161969611,0.04798088437651133)
(1.308500522215795,-0.3028542853093639)
(0.7364295408026621,0.23373505344096462)
(1.2785317748873353,-0.3011959037591854)
(0.637555444843961,0.3673595644232767)
(1.1091855622743285,-0.1162526359104116)
(1.0211727924520428,-0.027921289786750333)
(0.8434708447023807,0.18505220313156612)
(0.8052836879306972,0.19796424983212632)
(0.735188753634425,0.2704011499539167)
(0.7676850912585803,0.2571964250617114)
(0.9156192791142351,0.09275245232926704)
(0.9828747003731427,0.04923333044211848)
(0.7652576297231085,0.21255712159783782)
(1.0634081074901927,-0.07237689438245162)
(1.038104572691734,-0.0544926796881524)
(1.054591091383833,-0.032697714885152544)
(0.8389657461296,0.14683840715165136)
(1.0426756292249864,-0.04059042833570527)
(0.9076074064537887,0.07012844934307544)
(1.1463924280315787,-0.12485146641540587)
(1.17682209851653,-0.15379102997389943)
(1.08138725105892,-0.07263923437067239)
(0.9159545523071009,0.11401534463970692)
(0.8254270946203146,0.161370050111919)
(0.599100608942203,0.3993992263090071)
(0.7848267335322574,0.17326757469384402)
(0.8182436729692932,0.17615930036981606)
(1.0729784390098274,-0.06944763178616609)
(0.7185072247910894,0.27609081554310605)
(0.9121363567874288,0.08668866742752486)
(0.7394299335742579,0.218548948042313)
(0.7619842879874041,0.21603087356095624)
(1.396335003364034,-0.36415820942888094)
(0.6695914071729273,0.3366010005749079)
(0.609830633561804,0.37336965231481734)
(1.2054703384700758,-0.22291215811876042)
(0.9783566211663166,0.019611278666045857)
(0.6539236759568652,0.328825991687705)
(0.9938434187091099,0.0032688632349504843)
(0.7083490498731992,0.2990537131614288)
(0.8533891405890934,0.18253993328105605)
(1.0907277127099082,-0.08209400162844875)
(0.9728236270649161,0.003578490378231485)
(1.0924704939913772,-0.0740019937539219)
(1.1684162745926534,-0.15331380935896993)
(0.9858750427455976,0.00692121275730983)
(0.6137729806613152,0.3750273448622339)
(1.0138923648835303,-0.014272403882768061)
(1.0898355299117464,-0.048716980627775575)
(0.734712234026084,0.27040031124598063)
(0.7154818859564874,0.27338457095193486)
(0.9867257506366934,0.0231116635651591)
(1.0758555634397262,-0.0589320077350379)
(0.9598265167308424,0.026881981765575057)
(0.6903377444435033,0.27783554840813324)
(0.7615897579436094,0.2571326002944531)
(1.1473962275936038,-0.14853444117872128)
(0.6621399083790495,0.35013057242037326)
(0.8480684872816576,0.14465444478248263)
(1.1287663725229957,-0.11126630908992335)
(0.7986996595979374,0.23199577742220218)
(0.7712924629920644,0.2547582291816718)
(0.6592913824788263,0.33282779165528303)
(0.7514828382607143,0.23632962237494115)
(0.8467837697550673,0.138144375985316)
(0.757663553418766,0.24887600359856688)
(1.0756734996518835,-0.08514509478171058)
(0.9840820174622174,-0.008385767747392796)
(0.8510331115728305,0.1388815267764961)
(0.9122429494092975,0.09590655597105383)
(0.8634779697311619,0.13419676552056564)
(0.8899350926333837,0.09161212896175751)
(0.8116462284716403,0.20206656942987838)
(0.9674219310915545,0.036441006587537836)
(0.8096676722522307,0.20341602192202177)
(0.8619825267514748,0.13447370376615692)
(1.0253976341312954,-0.006498296574773779)
(1.003809248563453,0.004954069444204593)
(0.8831343070702263,0.11793043421741183)
(1.1675026896843286,-0.18609335830777227)
(0.7988148246039816,0.19979388955542)
(1.2790112262952857,-0.2630066428396749)
(0.8062318560420978,0.20177458547902202)
(0.676866084135238,0.32788276971320124)
(0.7892505924123003,0.1597953115915643)
(1.2619982129195098,-0.2461001410714723)
(0.8062658584697046,0.18854142223993903)
(0.7430825060291009,0.2750575261365703)
(1.2730350314382126,-0.25292758972095253)
(0.7076159702949019,0.2859076291954659)
(1.078996898795796,-0.10059071691196805)
(1.1920454280727417,-0.21198429466648114)
(0.6603810495315521,0.3504129181099229)
(0.8242220572043714,0.1911286226974095)
(0.6722793432081408,0.33229238089028457)
(0.8337859664065416,0.14507830872057065)
(0.8161228510719585,0.19057271626227062)
(0.7998974054142147,0.17862753412290866)
(0.7287864045058114,0.27483398405142195)
(0.841547517353949,0.16017058932366438)
(1.1436421398812655,-0.14437280443484435)
(0.8991303781642173,0.10209751102304325)
(1.012307435709597,-0.020216625134275905)
(0.9857029375041222,-0.018791919415417798)
(0.9151920461860588,0.07891670041258299)
(1.0433843162852245,-0.0804308992481159)
(0.803407260617503,0.17489985712629602)
(1.1437646263295882,-0.1508926691590916)
(0.9357077777293457,0.06064384310885665)
(0.8093830603874248,0.15314694912700658)
(0.6960862146385117,0.30905931206118364)
(1.109877245129666,-0.10430838091963958)
(1.058756196523679,-0.06210914184915446)
(0.7213578894946899,0.2838049339218386)
(0.9779971440321784,0.0224389847110402)
(0.9602911392450498,0.04291131886663873)
(0.741438375540596,0.2736883062627007)
(1.0615774119322037,-0.06321390006613767)
(0.8990308545550516,0.10336397222391919)
(1.0424692625854715,-0.020807702742583596)
(0.665140483050546,0.3253938535333091)
(0.8184848383111233,0.18235490238882135)
(0.9949381865634476,-0.02754369243585816)
(0.8626470514003902,0.11615799386135636)
(0.9930446696526121,-0.011287218941888168)
(0.7745875110931791,0.29044577954780193)
(0.8865100588370802,0.09039975107176655)
(1.0467645565921522,-0.02794648683883777)
(1.0067787782499984,-0.013270773030709754)
(0.993662933559914,-0.01558690859756501)
(0.978494396673289,0.05038465648711892)
(1.0387253367757385,-0.011839902830294017)
