(-0.03724276564592073,0.515796198107665,0.40154542432950896)
(0.4908953293447987,0.8755793345434401,-0.17020328797998102)
(0.3819384995955786,0.42423848010746984,0.17879791844833956)
(0.060072881176713694,1.0493809185162524,-0.03954808634747483)
(0.18621318709402992,0.7890302831469491,0.10594551154581086)
(0.022339607937548005,0.579549177968164,0.3937871879666503)
(0.35103523559766875,0.48609412423062986,0.0408518795786861)
(0.15077396690596498,0.8749943605393965,-0.1875460953247767)
(0.2446792212404524,0.23162897343003963,0.4184809971651103)
(0.009374788991549922,0.9725288344415834,-0.0178201846101564)
(0.5043503437512328,0.5911325521892533,-0.06809949124118865)
(0.13632375029082816,0.5929853418933501,0.32277584109414753)
(-0.014990804113338242,0.6136222677603613,0.13523121575188113)
(-0.2550083017024736,1.3297994844941021,-0.0399448540042837)
(0.06114359426810632,0.7990700990734934,-0.0030977183124408754)
(0.0813846155640157,0.3489966241869142,0.47487632039486694)
(0.21533851619444463,0.5380733535712785,0.2846999137113986)
(-0.03289346582784671,0.8336025226562559,0.17592925699835588)
(0.010585388880691675,0.3985355898566943,0.5258190716028189)
(0.30515818554930385,1.2969220965594237,-0.3835910016054803)
(0.31418387382440444,0.6086193956187987,0.17088894059606471)
(0.21869605654178437,0.6684094790235195,0.3042262537477595)
(0.15009962592256298,1.1015636755379428,-0.17560065215297982)
(0.22638341606161266,0.6719203608831923,0.08413108120294034)
(0.28279407784864535,0.22145586333813042,0.4752951746223244)
(0.39520742556806343,0.7914102518154316,-0.008187674884970705)
(1.0144308431366604,1.18425406133671,-0.9338158561987808)
(0.09511233108078872,0.48316440809313277,0.4725670342115313)
(0.09804692097616116,0.4846877926617098,0.39279644411703607)
(0.15227214210000603,0.6354731176503998,0.18275482952757416)
(0.12849135730395658,0.46385581786855046,0.40089338717536194)
(-0.052934611831594376,0.6038522328113637,0.41895154125508693)
(0.4412054802974287,0.4506906254477471,0.2083448922607202)
(0.11224752785892479,0.5648704290610862,0.38565764541379266)
(0.21908570483993575,0.5173698884944454,0.3365130822583595)
(-0.02019552398162281,0.9875644298644877,-0.024463245343121585)
(0.08277352955964505,0.4619016097240985,0.3920972051507359)
(-0.060749151851836554,0.4607586127442609,0.37341326880044784)
(0.319449108065897,0.23831438385068845,0.34066817281213263)
(-0.004785372431398045,1.5345689161074207,-0.4507582974655246)
(0.1847078859846239,0.8013031453300345,-0.023418620911787952)
(0.08937562302905515,1.2152588677071718,-0.20064360058317351)
(-0.06648368166805885,0.634958047698733,0.3015322513416881)
(-0.019899291893349377,0.41105861223505213,0.38420385696533754)
(0.09470272380512833,0.9300737167349135,-0.05458192609111418)
(0.08975718103538477,0.6399130934475339,0.31078418280727227)
(0.5373340477272116,0.5700892728678817,-0.06007816388272754)
(0.362087778293975,0.8397046376891711,-0.13129246463776198)
(0.32276056701281264,0.9604952056648872,-0.05806333913224856)
(0.09831452101113626,0.6981464950086449,0.21155132911316696)
(-0.11186437344139476,1.387283495477214,-0.12237367992264343)
(0.4915190754634786,0.9929317101686972,-0.2550679054780821)
(0.39305328860273847,0.5410854931799823,-0.04611347333501108)
(0.3701418763876363,0.49849871379522603,0.10626304037769607)
(0.19362467261620855,0.3718848193553017,0.46697939505158315)
(0.19717800829686466,0.7505766026658962,0.02910700808286288)
(0.35452978880824376,0.7251719517036637,-0.048630364512602775)
(0.11819346739253124,0.46024717757121203,0.36222995826559207)
(-0.04385319593886784,0.9024705900896414,0.11870983705458896)
(0.12239253632118034,0.4690545251585456,0.32898315889433394)
(-0.10343445637288226,1.0015526772307013,0.1882805943642735)
(-0.01871062084803417,0.6383461916500107,0.3586303280919081)
(0.040923652695510904,0.8807115509620284,0.13851611724329474)
(0.18068936228803656,0.5670411263515044,0.21164615172154952)
(0.10587315100874892,0.9421770506283783,-0.003434353634430117)
(0.33636575042579697,0.47765831149436533,0.30000547709880404)
(-0.013080247247538443,0.6014342235074956,0.36131953158562236)
(0.14053109910697942,0.8757972121483922,0.09273218641039534)
(0.040663137881721774,1.0946654150321398,-0.059642467835284686)
(-0.06209946999111538,0.6517875892725291,0.2602797422821302)
(0.3611670684545638,0.2749830614851917,0.37001905509772276)
(0.4764194359259762,0.9957572266444459,-0.3087685140328918)
(-0.07814286047300387,1.3422258938143707,-0.1486420862975027)
(0.006967089125391561,0.4069027844334385,0.42183986133794715)
(0.2968768131041766,0.8797681938886001,-0.1603650887649532)
(0.40071700586497366,0.724419566601355,-0.07148691256107192)
(0.08328181527530569,0.5680350338788684,0.24115778811903876)
(0.09323290612801113,0.6675558272887908,0.2925561213208334)
(0.09314737073496815,1.0001180081434569,-0.08037197979887446)
(0.3453363972743743,0.17288766417239373,0.47522870450739896)
(0.2153287115265257,0.16492598890527269,0.5750583719923166)
(0.583537812646555,0.5858533189308902,-0.06970648109211078)
(-0.08768646165015039,0.9152294582813448,0.03777435248871316)
(0.12397908735991227,0.9493272221500542,-0.07919278075405065)
(0.47723562101121697,0.4020815675657454,0.12916471825279796)
(0.14555233848474738,0.5825893765246949,0.17705344569757464)
(0.1608784904396313,1.1719897115380764,-0.2757549691541324)
(0.6036627988342611,0.0594985738624536,0.3878027961478423)
(0.20218580284152565,0.546920979034564,0.2993447510126731)
(0.10474525831108984,0.8987315645494218,0.02239440569910736)
(0.16687832728996682,1.1712276920671674,-0.27281811843729376)
(0.4767828236122904,0.5280958196035256,0.10093407678382071)
(0.07932031844424407,1.2417388884334961,-0.10691498924395322)
(-0.013838696926525396,1.5123946988586359,-0.42809012480617115)
(0.2541773642080747,0.7628586668121055,0.05111505282543963)
(0.1316475119480738,0.4449236452908212,0.4054825506614877)
(0.3159948612114482,0.7212509572399137,0.02195637407783949)
(0.3139106669680879,1.2913513749839185,-0.47438951992516015)
(0.08503496282765455,0.7194569472362747,0.150519087324906)
(0.03834178713332073,0.5429982243443153,0.3276231100529797)
(0.7254233864216652,-0.21840505379121603,0.575952386916238)
(0.49098127665054003,0.20655630460583496,0.4089538132344289)
(-0.10764250886871864,1.2127083266688559,-0.0744545708694723)
(0.1674318948473897,0.4461287865125422,0.3129124621935468)
(0.331303219337333,1.0289286908430102,-0.1654597086645759)
(0.11993725050551135,0.6981558258511591,0.16805729077709863)
(0.08459049194358773,0.8459436182082277,0.05357702132715376)
(-0.0812992628279372,0.8216688234524647,0.1252310640074032)
(0.336846303428547,0.7008811847810463,0.06121314895980027)
(-0.17908339211297686,1.0938220143253974,0.054605382202453985)
(0.28346188175845277,0.6119360072310145,0.05800266393273978)
(0.7572056406472734,0.6673651766493165,-0.33342606046348505)
(0.4020137396706265,0.6006250893774432,0.09429078371082955)
(0.12520952161556378,0.783692371479592,0.13549226575502057)
(0.04174985513730989,0.5821556485289656,0.39590165757458873)
(0.2807742316688958,0.7137889938274584,0.07659646252285439)
(0.27476532412402316,0.43802937962881333,0.3143852880620416)
(0.07632590713201534,0.5226974218362446,0.30050906844763176)
(0.26012614588509586,0.49135806207813626,0.24961344520851048)
(0.24301718384611504,0.4038674388202125,0.3896478225468879)
(0.6218607806952066,0.4684126324111272,-0.03045484606202667)
(0.7011002293696778,0.4182894132201235,0.09853141840103118)
(-0.11007502095455476,0.5596730394370634,0.3044967051301833)
(-0.08599326128512731,1.0423001643842884,0.07473330266932496)
(0.01443613163304898,1.2411922013993397,-0.1505462777323416)
(0.23564169996825937,0.7064204575278136,0.14003229371149692)
(0.649524901673982,0.5334835346694874,-0.0797883718746144)
(0.5386085620854549,0.68914226623397,-0.16139733325465913)
(0.05539635988432787,0.3755999438608338,0.4703043824848447)
(0.415278070380302,1.3713878534966495,-0.6943087184153289)
(0.3269001032245189,0.5317076750546447,0.13497333154486443)
(0.19494700042126825,0.5121451680498337,0.3246186658490694)
(0.1102947826879034,0.8777318487482207,0.006482692345080753)
(0.27416090273088306,0.4359111829646953,0.2558770910381196)
(-0.18840162066368343,0.9185106809208377,0.19849191660139412)
(-0.08860103510509874,0.8120985369455009,0.14728198651862087)
(0.971512255776512,0.5338465266525751,-0.2842429292115106)
(-0.09272390442722293,1.0076483770752827,0.05385588314009128)
(0.27685644796936165,0.7601429802204067,-0.01792803024282599)
(0.08004632637703395,0.9542329512204909,-0.11691371790162719)
(0.05431580481491567,0.5412112434758369,0.3200351761355498)
(0.32044478322865516,0.17944055217911475,0.509021400418795)
(0.02287163335496373,0.7356911710428573,0.10879861797579096)
(0.013731314900364324,0.5885407103754138,0.43915798856147176)
(0.1699255523862302,0.6742604875810164,0.22523773492122925)
(-0.04541685405955484,0.7484683065200979,0.1421361642637281)
(0.5339276975406437,0.5174419409804929,-0.02550594122267269)
(0.041492239330752856,0.77863072633466,0.12818318647411778)
(0.12745781389177757,0.9643865685742181,-0.028397880635150783)
(0.4256194364227847,0.2981361890085815,0.29629111799776725)
(0.04970315070110388,0.7709288936027096,0.21240772418296167)
(0.23188376129065433,0.2355632305353994,0.4805778079123937)
(0.5166682949164362,0.42358259722832853,0.21283432464173369)
(0.6839402228224702,0.6060081977658569,-0.20742803642552293)
(0.7626077963351819,0.2995308820358161,-0.008633946304640126)
(0.16067713894845578,0.6569029640037036,0.09277781362688715)
(0.09035823930273776,1.1665523992288935,-0.13153026075036714)
(0.6082952816611014,0.5937170725089882,-0.008788573958159338)
(0.09275504156350026,0.7876654189603414,0.06095403448855193)
(0.0497375204447822,0.709041621932842,0.23196817229102407)
(0.48565854979948564,0.49428061940599566,0.09116371171946998)
(0.35703534905011114,0.6787359689752268,-0.10208752210051668)
(0.33819904647266313,0.598779892543931,0.14232443459560112)
(0.10462172052045884,0.45044785815371496,0.3372564447001013)
(0.20073323073958255,0.19452874479334067,0.4825740916120872)
(-0.009659373371790842,1.0364348914777426,-0.04477806619527727)
(0.6881500579292537,0.6667765988635933,-0.28303719511688114)
(0.3550653918227979,0.2992943383784853,0.3729910645316892)
(-0.027008524967685278,0.42375272656666124,0.560263955447894)
(0.08211979875545249,0.44393955328075896,0.3602311091798695)
(0.5448202140114871,0.5588945214321706,0.007491284744859248)
(-0.027010953573762708,0.37259478923243633,0.44114114326942067)
(0.07653050908938452,0.4500696009389684,0.5374687866350388)
(-0.16218622535671148,1.2657513190831409,-0.05054063740550597)
(0.03511249487847169,0.37367635642367564,0.451644479632376)
(-0.015820525720494746,0.38991334731885724,0.45534074570937005)
(0.00879996359999564,0.7474090846315223,0.2792176635999522)
(-0.03838542034478998,0.8444372769192912,0.0958318226685661)
(-0.16720281017466587,1.014392760104534,0.13132645199451115)
(0.041809952387267375,0.4848294845554991,0.3450143669921862)
(0.012882480272533465,0.5590059712892191,0.27180751348839044)
(0.06964347365838565,0.6039369708058283,0.2684003133051042)
(0.17430786356010863,0.48679864225161107,0.33209735456273415)
(-0.004635180503100974,0.6886768603051752,0.2546128070818668)
(0.21655914629769943,0.5679904964093114,0.116405023590061)
(0.7103238482991484,0.730165355679664,-0.21431773140626453)
(-0.024584501354521913,0.5738405669763562,0.37375988086545947)
(0.07997061593686595,1.54987361649373,-0.5017251464007833)
(-0.07476763052095171,0.7050303405700453,0.36902767485988697)
(0.3201561642166322,0.8030861436723455,-0.1428475915034547)
(0.6510348496273017,0.5968666028109643,-0.1487679239438103)
(0.6394539614152188,0.4351209772546794,0.03506527487241246)
(0.3346750767003009,0.6292829663802835,0.06480027621482302)
(0.043035294594419335,0.7450147253787708,0.19861089660063708)
(-0.12441623258303545,0.6196588194088047,0.4793276806876522)
(0.6139444641513917,0.96052187843683,-0.4974776420756166)
(0.08650405150415102,0.6202987632808614,0.22167550766093533)
(0.1058796215206861,0.7353641148675876,0.10768588419668615)
(0.4484298506585796,0.5513191628626601,0.006987408783561122)
(-0.0068820339971269965,0.6707267157048853,0.2722961932157925)
(0.015844546974177053,0.8474199569605733,0.2133934906757802)
(0.1690646630338278,0.7217909300884046,0.09815703466231124)
(0.04691448921260766,0.8734550349911078,0.17940537076886157)
(0.052523671388647976,0.8879511727742072,0.07501471648100998)
(0.728030913244368,0.21103322423562001,0.2328303802377117)
(0.6249570289991344,1.2288723617590904,-0.6733598825497051)
(0.049848795531708526,0.6431395357486673,0.2638138003751541)
(-0.0038432335133174902,0.7423007908166974,0.15530209114697074)
(0.11978982451277158,0.18324119939982866,0.6132600835334674)
(0.3617417760459916,0.49342766064572136,0.22283921627777017)
(0.3615091814872537,1.3089182023991017,-0.5991875968822926)
(0.05707784625604501,1.2251424786741316,-0.2373603191031513)
(0.20520987209640973,0.4309149965997132,0.34286444368829766)
(0.203958410959969,0.2813599134443831,0.49213873156605037)
(0.24344455594909173,0.6816125365067247,0.13884629187257444)
(0.9661833507390278,0.5599701859147692,-0.42428860868356577)
(0.08086163941579218,0.6848773916901792,0.28671004987216636)
(0.17335353040041857,0.553361613032993,0.21918815495343968)
(0.048661517082656966,0.6426080828662794,0.2261710399207688)
(0.05443138609733385,0.6128714206127694,0.2348273048152377)
(0.01519161903508255,1.1153007327563975,-0.17585072758257317)
(0.017433765624501222,1.1449996315497506,-0.13150735161470406)
(0.20196481705190655,0.6974318917808122,0.09778411612929871)
(-0.039675710531135555,0.7224457654271804,0.24622494001522618)
(0.23349078252508135,0.6814673285220817,0.05542849845761951)
(0.45335031541066517,0.8536273971315627,-0.299981130917065)
(0.11851884004581316,1.1695866117752494,-0.3029483559477055)
(0.6238678732926213,-0.03532884913559322,0.30731533872788536)
(0.027676974845348288,0.5758623980351233,0.36627336371157215)
(0.3135832986272746,0.7647135863016553,-0.06192739076161685)
(0.06196770404367606,0.4733989378065813,0.37718571218531904)
(0.11653347615710302,0.8828767814485002,0.004012128304347884)
(-0.13466199281456784,0.8693081989633186,0.26380790573903246)
(0.026239974771820475,0.3209547112143497,0.6157073131146624)
(0.01206075824984191,1.0054638738897808,0.01991382925560354)
(0.08659357102150021,0.829943594099374,0.10339677171698924)
(0.44178921458014214,0.5180800689785766,0.09578025434674173)
(-0.02306381274216081,1.012104702011263,0.0827066896931743)
(0.4501254038303149,0.1745795984166302,0.3463168301750187)
(-0.08960728271459938,1.4506630706450656,-0.24920398365434926)
(0.0010932025994454606,0.41461485717317903,0.39046769463360226)
(0.4668633675638782,1.1832342573392676,-0.569320873272008)
(0.08918293104407965,1.174783814626294,-0.18702010675454844)
(0.12572288069252383,1.0633451805809788,-0.00945580849245186)
(0.07166100251401486,0.7965098680113429,0.07933946196836213)
(0.403037325301241,0.10988437108901582,0.532444182033586)
(0.19348054039630944,0.9419942537487529,0.01846012584050205)
(-0.13225359089669866,0.938104534072792,0.16086901154749275)
(0.5361941226391465,0.5104870963376938,0.0450672064213404)
(0.3970968028520687,0.20001904860388778,0.40500777790493764)
(-0.035665094859643295,0.6673797925153641,0.2568101618666595)
(0.06164087574071815,0.5436519397160847,0.23729622695066335)
(0.015324551314754435,0.8649722957270416,0.09752178257235636)
(0.09925102065264699,0.4322099281275994,0.296321541072367)
(-0.1324445620224115,0.9255511345674684,0.1267172733343053)
(0.5116928934077333,0.6772223070273471,-0.08418238564390065)
(0.46428659430792163,0.332490060921307,0.341312169866758)
(-0.009838526905652034,0.7142469314864548,0.2780876499328953)
(0.42422684044485914,1.4073534876179914,-0.5974386593208407)
(-0.006740833457426059,0.289807690012383,0.5197185535087343)
(0.4887731882693207,-0.004141826507987205,0.5406869865522075)
(0.14547353824431491,0.770369572666997,0.10159266270456224)
(0.14084408355289682,0.6171153961756446,0.273040209793253)
(0.48602985384941977,0.6412713969753693,-0.03033062769064261)
(0.15875680108001425,0.26180200717780455,0.5869974132480604)
(-0.07258895874380768,0.48967751645460394,0.4527024154664596)
(0.1743095830337613,0.3793263485525464,0.3820918560936573)
(0.08341161362337263,0.27898159345231704,0.4721198049922345)
(0.3395739892855061,0.13687849801951685,0.5468295171920876)
(-0.027820109733445533,0.9270188057860218,0.11927503610600741)
(0.03392920895905295,0.5688093486175002,0.2161341478376223)
(-0.08745862084367992,0.8167876807219882,0.0876126499206794)
(-0.029281077162683796,0.6980420663221022,0.23448397936067297)
(0.03191813623450134,0.5531524150628238,0.39202491200098294)
(0.09995348866038929,0.6423359244029995,0.22516998308304984)
(0.23461632569458457,0.435215283325179,0.4396775778971359)
(0.1889435593550844,0.23885178209013583,0.46343657026476354)
(0.08308052150491643,1.2387219940201026,-0.19412032907785798)
(0.12258949444746511,1.0386019196661673,0.011239142049288523)
(0.13125267509369473,0.9672045590365795,-0.02240700871049256)
(0.4531510302418542,0.29441208151509934,0.3154314331568667)
(0.29757451299672427,0.12336114697437225,0.5774386351327214)
(0.1653528426003628,0.7091909170483821,0.1440947147185466)
(0.284541728799509,0.36732557075484207,0.34643049928052627)
(0.4113479816836952,0.39790785892736596,0.10509219371504254)
(0.15848034726029678,1.036740338948907,-0.14271618030871458)
(-0.08924577492739605,0.9696058222077893,0.1222340926672282)
(-0.037140677953053196,0.7792757298974344,0.22188419502215523)
(0.38465227910625316,0.621140984999288,0.0003611428471975525)
(0.2726502121959532,0.5982080575020549,0.10922997855875571)
(0.32227585539565895,0.4969270630475898,0.1866653028664712)
(0.16903827431233695,0.1324665540120643,0.5203319157639058)
(0.29726241676157655,0.6819857570073322,0.038624112361421534)
(0.26555739889423813,0.4747949071279717,0.23729060608268326)
(0.03885305163531404,0.8644250133774918,-0.028893266863301972)
(0.15175926874102147,0.8427625468291061,0.08229537191943449)
(0.05097772739196938,0.5724925328978735,0.26411677834804737)
(0.08550799918826593,0.9259608291392962,0.04411005221429046)
(0.02150449772909854,1.0261465145777817,0.0037048249598608234)
(0.35802990766118464,0.3324473744554533,0.35357644982407854)
