(0.23886484578503428,0.6851049637717874,0.1176963993574164)
(0.194781304104943,0.8458139118094378,-0.04362735368842346)
(0.1584487273763068,0.6693184558721298,0.169796004829843)
(0.21138090818036953,0.6784235917569462,0.112052460889464)
(0.17708137177189917,0.8023517118129887,-0.008769266701086484)
(0.23281701996709422,0.6563824212998103,0.12010879945386382)
(0.201795844100135,0.6809091051435212,0.1202116450624297)
(0.20437246868975756,0.7677016601193549,0.007713402188003258)
(0.232534453312603,0.7883093216333075,-0.02550329738122979)
(0.18023184188581645,0.7366887839293822,0.08778971992880781)
(0.17684746150507463,0.6817558342037663,0.11202106114375339)
(0.1821132476867405,0.683581817582823,0.1254142528271832)
(0.2084825749383888,0.7886775641548368,0.029623304073976824)
(0.168222037377562,0.7088762389507528,0.10757878804519935)
(0.2238049485838878,0.7279807155354506,0.08296915335562113)
(0.1850914791148929,0.6750545425198741,0.13968767561072856)
(0.15997800978493942,0.6116934836847954,0.21675935551918113)
(0.16440944010281053,0.7531758330815338,0.06795200546674943)
(0.18718268411622463,0.7739265254318176,0.05465145503035868)
(0.1584060822080051,0.728216780548866,0.09510972943721982)
(0.1749583161533855,0.6598019045829718,0.13775817232176227)
(0.26144111249024626,0.7660346048381887,-0.008659151068097413)
(0.17137133319865902,0.7492045206709961,0.07746389393121175)
(0.10650157056759198,0.669186404727397,0.20355596052696676)
(0.1939841163546466,0.760829245812988,0.05707670233029473)
(0.1778817649303655,0.684377695584467,0.12037794798273112)
(0.1958556603348168,0.6252148448966898,0.18646726723049786)
(0.18541708889899647,0.6606035291870952,0.15023823182961088)
(0.2576829701973221,0.7720916189501269,-0.001515934953193607)
(0.2166669334346599,0.6532098413990032,0.12529176401361689)
(0.1487921945603401,0.7681599338451742,0.10422273438214397)
(0.19255238786613182,0.7031566759220378,0.09560983317291927)
(0.1868634737428163,0.6849582327853933,0.13313078162639394)
(0.18523243978810416,0.7592051821255343,0.046973503736019405)
(0.1777130919119934,0.6879771802468369,0.1380632818591174)
(0.1956967577296354,0.6988601226002676,0.10021054623203955)
(0.2196739671439396,0.6926043633963823,0.09452273747593068)
(0.2048994594006599,0.6588135585585055,0.14477011658452882)
(0.15335982897011224,0.7847697169948867,0.03954434898792832)
(0.1879713098538547,0.7093383388029032,0.10037715438875759)
(0.17566055553697013,0.7562065140789295,0.0574181543830973)
(0.2230804691802948,0.7494459536406911,0.04122226477841753)
(0.1870372263213669,0.7449697316202886,0.07228909540838423)
(0.1994986487057138,0.7191565716324861,0.08683781900341155)
(0.24660866384279995,0.6013157784029722,0.16602056235498752)
(0.21448906889463765,0.6388561430159685,0.16562970177496836)
(0.20339373739001548,0.7479876117956733,0.05501316980635689)
(0.19014649640226358,0.6422352337888506,0.13773343636789456)
(0.18390812158699696,0.607551316874309,0.18826381129604902)
(0.19768486843103558,0.6238191441363898,0.16723603059633252)
(0.1784594021612683,0.6953854728447266,0.12108536628998523)
(0.17727735338355452,0.6131663478465673,0.21243831844742941)
(0.17923639789918025,0.6695068103056586,0.12910288795306138)
(0.2011745195375861,0.623668344418669,0.17545913660260457)
(0.180652472712437,0.6729058676077705,0.14027259693182584)
(0.2004135566239172,0.6787727731308099,0.10967646716148359)
(0.18518285746324875,0.7434339288253344,0.057474081877706557)
(0.18868709619985619,0.6573332505908546,0.15589621610630397)
(0.1821324063626224,0.6204126823297618,0.1965207747717622)
(0.17256263481466377,0.7140896346692822,0.1056165095079754)
(0.2335628966476511,0.8163394452421925,-0.04828012686249559)
(0.16810801338245462,0.6016912546437078,0.21596816877446598)
(0.16667240229863084,0.71006790205415,0.1038618855755501)
(0.16792637262355947,0.7478403912942306,0.07436796346998621)
(0.15814559250366095,0.7204125206043809,0.13356650835840084)
(0.17184892286133227,0.7089721967946346,0.10326789563235908)
(0.19294345069355498,0.6855032210891218,0.10719308905725715)
(0.17483075302488094,0.6642052097281114,0.16580201572830586)
(0.17605426791642717,0.6781149262326273,0.1449994547521077)
(0.16542370044953647,0.7381813222682431,0.0922708839136833)
(0.1614114268261216,0.7504572483081146,0.07510252010971676)
(0.24906870706242468,0.6331435915329783,0.12881150036306158)
(0.1767547953176129,0.8034032100088859,0.010672272994130101)
(0.16711815035421504,0.6901593081121499,0.12728466721731477)
(0.18791713420279613,0.7246810213578405,0.07523538270831247)
(0.21678378609303436,0.6563216060169144,0.12745733977933996)
(0.14438529929595692,0.6324186974365336,0.2089998055269045)
(0.1962393169340989,0.8210178008519206,-0.007472302207840104)
(0.1721603640275991,0.6577378919089031,0.15279178379038988)
(0.2288566291628561,0.6380453178788433,0.14813971022799577)
(0.17941575110786345,0.726614652407719,0.09420612580910996)
(0.22650040786551537,0.7127835814928791,0.07534041572557255)
(0.17834697874024946,0.7043891250710186,0.10254020761060975)
(0.17789744606976773,0.8241690224583845,0.006126672577873516)
(0.17304163038117248,0.7684603781395978,0.03477622797364382)
(0.16117579804537654,0.7325400870907677,0.10408351295951103)
(0.23074985560564984,0.6435358960795525,0.11995516212692513)
(0.22768335265096845,0.6415238938537078,0.13948129719746646)
(0.15201410776450527,0.7220338055322418,0.12524526743059097)
(0.23850522460126947,0.7197603762346235,0.06023387832126816)
(0.22513757499181444,0.841049311092065,-0.06790905394851297)
(0.20841676124428535,0.7254945141408105,0.08013321989766369)
(0.22389356691874573,0.7308001812648793,0.08762767760511944)
(0.19551690221639223,0.6544623173130704,0.16510352499100658)
(0.19730827413925567,0.7459426450232475,0.048392248848998294)
(0.18371905364370023,0.6999571845865314,0.12330789885502767)
(0.21481043858591178,0.6919984920434727,0.11732593000907743)
(0.18499497358081227,0.6836264621572897,0.13731419248024362)
(0.19970253001990718,0.6386375334593315,0.16854421815137352)
(0.224745668932511,0.7359102767004568,0.06266140724422829)
(0.1718111493811018,0.6436452016963645,0.18129012814856404)
(0.21955021060049484,0.7838650316922576,0.006035382358650774)
(0.22356946273603506,0.8530574272211416,-0.06236623600962977)
(0.17428777528385558,0.7480673717576187,0.08001397646501617)
(0.25977014978807783,0.7888295420010165,-0.0035104034768638722)
(0.214434772057764,0.607629880639815,0.17223230948755983)
(0.24569197457064307,0.6610114388181109,0.10857815330230854)
(0.2012540890940135,0.7103468950011277,0.09474057745425965)
(0.13959962083367136,0.7220961218970167,0.1226353115123795)
(0.18037535304093738,0.5991023706664823,0.21441643039064273)
(0.1855017915222891,0.6500388657847709,0.17044719048341095)
(0.18663187300040496,0.6653377942051004,0.13796176034412097)
(0.16597165450132975,0.6851485124845509,0.1477382205406514)
(0.20905433388516662,0.6200891395646871,0.15792526513940777)
(0.20879531066048712,0.7767964816142351,0.03927493240688279)
(0.18234125657961692,0.7420339444727514,0.07915070488980057)
(0.18852564100276334,0.7030394818807958,0.1085388936988001)
(0.19084536705012217,0.670674802904372,0.14302728158811628)
(0.240124996573566,0.6654136887847749,0.09595096837476427)
(0.20327550027569927,0.7174053729086273,0.05546554536115666)
(0.22166678547742338,0.7942811501121289,-0.0035602258570197015)
(0.1580143399390151,0.7908025597908448,0.028208640645001375)
(0.2012898890112838,0.6988860017704971,0.10124192941178356)
(0.2076186679094509,0.6154184169060684,0.17366000119334082)
(0.12163608580255464,0.6416101333696438,0.22285483334605935)
(0.21301333378173054,0.666666536298691,0.12571036124601176)
(0.22535948646300094,0.7204885686059409,0.06516343876521445)
(0.2282447131416103,0.7312757582040005,0.05327360844279886)
(0.16550551593530127,0.7020071718703782,0.13953367411235162)
(0.17424068851501195,0.6575768787035143,0.15955729853087983)
(0.19815626087604235,0.82332184612494,-0.00041747114491768396)
(0.1888725609462931,0.6840173083940636,0.12656928953807603)
(0.2304700386616327,0.7058837712334946,0.08104295872414673)
(0.20673506498166477,0.6561983260174694,0.13105481099998645)
(0.18751074540347618,0.7150339319596104,0.08712607915166762)
(0.17687222955882825,0.7200244537254332,0.09500281840774885)
(0.17589788495848316,0.7338734327937461,0.09337340268397508)
(0.18694872338078286,0.7595588551883816,0.023061137081464376)
(0.19415605426399155,0.7663278325163144,0.049880895260003895)
(0.16993985420710855,0.6489614389414732,0.15421756239063178)
(0.23819540441475462,0.6777047998803871,0.0680889490361185)
(0.18734916183891734,0.809413450005309,-0.018580012575975455)
(0.2660868521428245,0.7386007555520793,0.02490560754743785)
(0.24261388458226835,0.6328629081271974,0.15384530596709411)
(0.16762115916238274,0.6827896890703237,0.1391453162236219)
(0.15899765575212893,0.618296265894832,0.20267257594525978)
(0.19810920499277077,0.7304650127472521,0.06679232946517713)
(0.17415379631321506,0.7167377885517535,0.10414195891624935)
(0.166199586821523,0.648435355539544,0.18286531746092635)
(0.22023315393050863,0.6223285183844223,0.1646943029172656)
(0.2420203612203725,0.7206250802674528,0.05206982563548212)
(0.21529097669006664,0.6548065416214502,0.14053793058640637)
(0.18072975216723816,0.7284990030759734,0.09782425444077955)
(0.20781308299745446,0.6760352738132263,0.1400835569740063)
(0.21527316540929142,0.8249611062304196,-0.0006156124039536886)
(0.18012129255819853,0.7142130640628223,0.11965776956136236)
(0.22473504612597348,0.5760011470923366,0.205170078151794)
(0.15552186229707257,0.6723732766485606,0.1635251439459461)
(0.22406809376148268,0.6440656084017415,0.14414678846189524)
(0.18033242094285615,0.7609154156464865,0.06131457641476516)
(0.1349439628441739,0.7214744729824851,0.1404742021570643)
(0.21200443148217848,0.6899107836761214,0.11008358070699456)
(0.188581121792998,0.663291666536036,0.1658055035332387)
(0.16627253758526656,0.700147183354763,0.12274619176852515)
(0.18728435587886907,0.6817350833645005,0.12359466946336856)
(0.24354576771855865,0.690952283950156,0.07748438227162521)
(0.16296677117895914,0.664255808929771,0.16883779481036248)
(0.17941077639506767,0.6812317842493814,0.13969345289888094)
(0.2191215208404789,0.7933652452983847,-0.013681180140291512)
(0.20566718918321972,0.6533439666472316,0.1327935509801455)
(0.2100649548126452,0.6507970184238252,0.12043391909459036)
(0.14338070551052517,0.7034813845843091,0.13690849405283326)
(0.21751472346015768,0.7963429727139228,-0.012830829762877766)
(0.1948983941939592,0.6007901333634026,0.181127092122069)
(0.21665680822047517,0.6850004553282799,0.1032282687348518)
(0.17850608018908604,0.7750955256844376,0.041572129886065935)
(0.15218304770297805,0.6261846146846501,0.21246238745969148)
(0.21537440829142174,0.6124432747209743,0.17680606589189277)
(0.23326100363813462,0.7751066872352388,0.008873492014641465)
(0.17845200013555235,0.6266151487772297,0.1797419955955118)
(0.20218580140955902,0.6615891235283137,0.12154337653550804)
(0.15092629159319979,0.7159381740139721,0.12214598757989753)
(0.1979196831020709,0.6676930651301456,0.12579185448811367)
(0.23741287482416887,0.7160515238901094,0.06401316492444936)
(0.1402009449208996,0.6393455755098887,0.21953841728302154)
(0.2051205450036741,0.6580724593587014,0.1540268055373227)
(0.22213446438379042,0.6818047610755408,0.11068506548101843)
(0.20478856616609614,0.6887981963493418,0.09987229022089052)
(0.17154605235555728,0.7303586537811503,0.08314449139306927)
(0.2600767092003645,0.646211099855285,0.10365085200145234)
(0.15709833339569304,0.7069837005591685,0.1353972757230527)
(0.23637028784284392,0.760129639998912,0.030264039593666015)
(0.21160355586219634,0.7232284159053906,0.10352542472001824)
(0.19635645675472105,0.7108921550901812,0.0845054865083247)
(0.19314283597832205,0.8105547721704759,0.0032269158050104952)
(0.17982973433292337,0.7533239325808478,0.07649151819081691)
(0.24243839143406332,0.7544248603684744,0.031173879343798023)
(0.18967933864003939,0.6115839514799649,0.18578095635718714)
(0.2455511146111867,0.7216718442389973,0.04812027295375321)
(0.2348219535947451,0.6651141188186704,0.12262542410972789)
(0.17869993287052166,0.8275020422461422,0.0040360294575266)
(0.17134804364508077,0.7050808316545192,0.11753657822226556)
(0.17280256872402638,0.6975510200078753,0.11089660322032376)
(0.1819742196098887,0.6225645891350969,0.17870806827430102)
(0.19572338835081146,0.7235625760586452,0.07289003893183914)
(0.19133009831724657,0.5903378194522068,0.20457596902792186)
(0.20869658800437776,0.827327304917468,-0.04022551408064151)
(0.22041295518967063,0.6509867445428026,0.1189446284523625)
(0.21278930992143763,0.7337750252754965,0.06208594622754157)
(0.17610323138917053,0.6857017650738249,0.14508620392977034)
(0.24452934161947099,0.605163560346932,0.15323928895010266)
(0.15654821182114145,0.7021519947547228,0.12980298608047086)
(0.1405604723127537,0.6027713691765313,0.2350217473918047)
(0.1893055808555862,0.7870729412948181,0.025087519474971783)
(0.17772650295662126,0.6445693635619248,0.17818609776287292)
(0.2127276876077779,0.6687835656680693,0.1302162785730323)
(0.2457713933662951,0.6609663193133969,0.09382195878352084)
(0.26395876181624917,0.7002659376985437,0.06040026564136794)
(0.17041079229420078,0.7340992329205575,0.08760062468419921)
(0.18177464043560682,0.7034830289872809,0.11083783443841881)
(0.1832266502065114,0.7034542059054562,0.09888131328646567)
(0.1368345711551839,0.6823428086761553,0.1575131824483371)
(0.18541540595389955,0.6693203493757407,0.14496453679918003)
(0.17983559539859068,0.6773130225051477,0.1462080614775416)
(0.1827557262126942,0.7314106172225453,0.07129118008992881)
(0.2608487965290829,0.5841900355710606,0.1679647559382926)
(0.2074013706893614,0.6948407369835923,0.08977690483977958)
(0.136003522936215,0.6810166126268528,0.16506442202952318)
(0.20918212780832263,0.843581565291969,-0.05517258947909677)
(0.20089685299352203,0.7012533309209842,0.09507528986521828)
(0.22959937299255512,0.6937233950774304,0.07615432992162793)
(0.23341141681949798,0.6982618329365541,0.08170869907909857)
(0.2148501996738426,0.7220947431392902,0.07849667518475278)
(0.19611365802079492,0.6923928903855842,0.09262002222579842)
(0.16693208145188015,0.7663280060817809,0.08071927251215276)
(0.1612773714763478,0.6926937577044727,0.14973714901565083)
(0.15632934861374667,0.7288832354342875,0.09604582978418172)
(0.21207666151182572,0.6845728094408418,0.12868453496853008)
(0.2107096508469082,0.7360593694602235,0.07424695771439564)
(0.13446702625635729,0.6893258073905307,0.16417086803972203)
(0.23575963214894968,0.6945602151243483,0.03848237723388594)
(0.19459904539009648,0.6267689588781623,0.16494679777180804)
(0.21948176387471993,0.6315518625806983,0.14746842339758964)
(0.1880830546134177,0.7667630457327153,0.05614533664272918)
(0.1855622559915819,0.6697251530359786,0.15789710122454995)
(0.20869978881701828,0.7113174934266026,0.0743631124078023)
(0.26022780883443336,0.8223532032390177,-0.05652004631916591)
(0.1984004136803616,0.7003297013511035,0.10455884153366551)
(0.2519680612748431,0.7592801241799333,0.021194231396381342)
(0.226294168042412,0.6645454231147095,0.11151148279346071)
(0.19516795695552397,0.7241018390271352,0.09503757444850876)
(0.15792336374108687,0.7198910599919777,0.09732020932158078)
(0.1700144255115819,0.8245684818163916,-0.0014711920030536997)
(0.19503010046865826,0.7014541367605445,0.10775042962535582)
(0.16624750501933555,0.716163506353193,0.10623930724138998)
(0.18410764492457315,0.7410030362387322,0.06451016079463379)
(0.14075490058728765,0.8131199192451865,0.012010905675644336)
(0.2478042877043924,0.7410618318076143,0.019687814622474917)
(0.20135683118394757,0.6083640922986624,0.16369135993038678)
(0.18630082328113787,0.7488729791894375,0.08376915427124416)
(0.22136999263521312,0.6559154833014039,0.1412565341029806)
(0.20195457542949208,0.7648563972335098,0.048061902157652964)
(0.1505591840487286,0.7204629065362692,0.11664694825203588)
(0.1447633519343445,0.6173693738547192,0.2214802880568524)
(0.15205123533846326,0.6726042977790515,0.16511527858330605)
(0.21392818666381366,0.7322836420252075,0.05091633883422072)
(0.2352215724264589,0.8250077789742918,-0.04775844307609183)
(0.180753253942286,0.6437069889623964,0.14627437596582682)
(0.21134023059121823,0.6652533719891005,0.13160563979185483)
(0.2111674008633551,0.6623001369457253,0.12094958723020476)
(0.21602097429462228,0.738129910137594,0.07418909041226246)
(0.2208354354844036,0.7272081556953204,0.03244503584727557)
(0.23513872106556216,0.7142057944685739,0.06651208265893407)
(0.16203491646666857,0.7002627070259427,0.12641753835772604)
(0.2166199217494296,0.6966101917346044,0.0989804593835486)
(0.23079518052697,0.6970148674959624,0.08454252378502344)
(0.25162363809682986,0.7813807138886217,-0.03161672848171032)
(0.23523185651759249,0.7888390251407089,-0.0017049771450226552)
(0.19979422165126345,0.6783040503067912,0.10114127216763036)
(0.19518367042787205,0.6542940329253822,0.1390198107306857)
(0.11342473789564059,0.7303720233020412,0.1425332403602396)
(0.1966038169183972,0.56811686640917,0.2056262454993924)
(0.22433154181790596,0.6905249217407718,0.09732398953628554)
(0.150139199995602,0.7629675450274191,0.09102257326594941)
(0.2470764367091849,0.7759810553224086,-0.016024165154560167)
(0.18403596525906898,0.7057826230106947,0.10340872684987634)
(0.17488467958581533,0.7092237207096898,0.1114257268660974)
(0.23933844166950524,0.7344350381171197,0.03881273165843083)
(0.19728497706203246,0.5847488590561317,0.20056133194246964)
(0.21286986956548193,0.6230719519384329,0.1852804794549416)
(0.2164381962814218,0.6181859545298084,0.1854407893044425)
(0.18322796967187516,0.7391394880936607,0.07598293886117918)
(0.18613464572537972,0.7915501553301487,0.017914477352929916)
(0.22161067245974156,0.7436304374731117,0.05263099555419756)
(0.19399772199206733,0.6072194755127054,0.19693530131554687)
(0.22243148445480396,0.712840247627307,0.08161150853622423)
(0.19920215586802614,0.8175114468210896,0.0010705815373664978)
(0.21466947463501673,0.836677973306955,-0.03271557093299538)
(0.17910715290527768,0.699159084115076,0.1070376714942519)
(0.2970174101924094,0.8634716050134893,-0.14753681641697425)
