(1.1742672229315734,-0.1677431628417134)
(1.0163435366500988,-0.0004861165554749675)
(0.878778000766825,0.10884496784172913)
(1.0774910025499715,-0.09996647011484316)
(0.6949397973104607,0.30213588268478686)
(1.1368419647999697,-0.1309730188282379)
(0.9544700462072715,0.049834735310699554)
(0.8935797112182822,0.09837443991713327)
(0.9153854162278308,0.07385828528631996)
(0.9958321443229781,-0.009746567616447753)
(1.0160019071554447,-0.01920112208567901)
(1.1231110100774124,-0.1297633782838432)
(1.2153702713683607,-0.1905935942849262)
(0.592033594283678,0.39496799022897333)
(0.7746328233058423,0.2171781485018749)
(0.7500781636126941,0.252860750032522)
(0.8829013617291013,0.12124949059855498)
(0.6784713259181342,0.310801398456083)
(0.6838765746778821,0.33669243222707473)
(1.0153125450879303,-0.058640539411664826)
(0.6501175415133267,0.34754407768152623)
(1.0053193049148113,0.0111119005829347)
(0.8827796002263748,0.1322155761063155)
(0.9271249522768314,0.06595540219858954)
(0.7988606317137535,0.20361800523439133)
(0.7635016508300142,0.24553450855440997)
(1.1707100715871925,-0.149918160513997)
(0.6469439657324055,0.34114929923649145)
(1.084291293718645,-0.06891392469694305)
(0.6966638030293907,0.29861792065853093)
(1.1084084589210543,-0.11178371562988705)
(1.0458131620257913,-0.04683977873281202)
(0.6626490404122866,0.3276199117008286)
(0.82780657556695,0.1679040835375537)
(0.8021702620147521,0.22381645915127937)
(0.7636259852288066,0.24916174208742806)
(0.6375629093473897,0.3712389390559936)
(0.7374841491379992,0.2267695120400076)
(0.8269320123022726,0.16662571007891303)
(0.8151670865603345,0.2006959656620168)
(0.7754241904943167,0.23931247611156237)
(0.6269116564932311,0.3668010721332136)
(0.6964334828750427,0.30924298606960676)
(0.7528353564935694,0.24953638991222202)
(0.9108607937448661,0.08687148466016323)
(0.6457189783645364,0.36957778957151755)
(0.9178949908110199,0.08636514856037932)
(0.8056304065478201,0.20130276606666814)
(0.836158612352254,0.17109323258832232)
(1.0103937920270107,-0.0002909209579007088)
(0.8187219867317027,0.18998703187094595)
(0.7661607787138532,0.23504916563144632)
(0.7734906990871271,0.2275006992494191)
(1.2182316194894585,-0.20469201726455083)
(0.9891330695933902,0.009157567307896743)
(0.7791530164028394,0.21141579776707828)
(0.7754258660876716,0.21216719737775133)
(0.8756553547841289,0.11315480846342049)
(1.0855485762090202,-0.09803609795637608)
(0.9207221069742251,0.10115584500541788)
(0.7817744460318197,0.2186145819891768)
(0.8063963816195281,0.19233154686504936)
(0.9521321875324693,0.015423835249445988)
(0.8852049042735379,0.10446577224791183)
(0.6805804880654518,0.30526024116793904)
(0.8019474119670158,0.1971489858258851)
(0.753906436601449,0.2457292770176169)
(0.6564219954321945,0.3540461947662291)
(1.0212130620386621,-0.03465920891722312)
(1.07642655305157,-0.08662355944025261)
(1.0202654798966306,0.016153698613421946)
(0.6153193464938491,0.41455069346068185)
(1.2755336820879974,-0.26718412349728055)
(0.7589927268428937,0.22098050388172005)
(0.8670664290303584,0.13944267263010082)
(0.7220217991882548,0.28981225800671806)
(0.6679087350341498,0.33341385661422895)
(0.9820005630374644,0.020785433209761638)
(0.7812343125616157,0.22864495003006033)
(0.9167484430113988,0.05611491943653874)
(1.2399718261976933,-0.2384845462150295)
(0.8669888915212394,0.16291753126327144)
(0.8414680995214884,0.17414736661667884)
(1.2950405632787423,-0.29722166081811097)
(0.9152783556758247,0.07474611700575017)
(1.6258562109089583,-0.6350553962708834)
(0.8445004201307793,0.14182903536176686)
(1.1243954569426893,-0.1202960028410364)
(1.120210742853813,-0.1270810621611653)
(0.6933367996185562,0.3041748590612568)
(0.8387704251213896,0.17467524788539512)
(0.6738268058499316,0.32775464994026476)
(0.7054333113383455,0.27606865152266297)
(1.0119673552408888,-0.030842991822082593)
(1.0186961156127454,-0.020265102697821773)
(0.8684252605947573,0.12202623955244236)
(0.7605809748773376,0.2409176093610892)
(0.8970736059232918,0.08313117338072185)
(1.0206924169518503,-0.014939874330140705)
(1.2564645164805592,-0.23077216332264208)
(1.0224604002528859,-0.023931702562673938)
(0.9267828766811578,0.07550234631472323)
(0.7204235548439631,0.28928612632929107)
(0.8780475343666637,0.10667225151503214)
(0.9796970157185879,0.03699675492876584)
(0.6037277383988194,0.37018462312808187)
(0.8711585426219652,0.12803778698128676)
(0.9690461649193751,0.02785209679520624)
(1.0714159681792719,-0.07819925394047776)
(1.268586901580032,-0.2549960474335105)
(0.9039113625945785,0.11602425901181762)
(0.9210957863303285,0.0956703117627985)
(0.733093041354552,0.26952334950350876)
(0.686418002628397,0.3213863356741299)
(0.8999327156424815,0.11717476875300976)
(0.7449352719146687,0.23954462204246885)
(0.8304227679939828,0.1611845712259772)
(0.6106895636347976,0.3972192766018815)
(0.8045650253657167,0.17933405831642948)
(1.130812856935366,-0.0951880447539773)
(0.6441720227437698,0.33509454123353927)
(1.0269836439332578,-0.02895542976562171)
(0.8568909978209024,0.11138342163891567)
(0.9249877408244429,0.06929177165469194)
(1.1720555896054086,-0.13937304410566298)
(1.254924883278569,-0.2579488307676984)
(0.9014785016909572,0.10479811255367484)
(1.0152139239698683,0.016211993786011285)
(0.7804265404022819,0.24404856440851525)
(0.6060658582829475,0.3995221402994929)
(0.7567699621778091,0.24500880618654097)
(0.9468554153327576,0.06448910827631835)
(1.0336978811932915,-0.03317923466923181)
(1.3857436528457345,-0.39766478421420315)
(0.8747369148915228,0.1137530951882389)
(0.7805901131138273,0.2062678444437426)
(0.7888913237311308,0.20797843335997582)
(0.5007917612060105,0.4820153213595993)
(1.2978075369242827,-0.2875166189563105)
(0.957242988217882,0.05176585005557577)
(0.911723191219446,0.08018737688949082)
(0.927679091871077,0.10469454068831995)
(1.0164794485779463,-0.0306073856844383)
(0.7184517238539857,0.29910631861445697)
(1.0394476707162332,-0.037045955097267796)
(1.0357179281413857,-0.02616913753988899)
(0.8962047472486062,0.10638484905825962)
(0.6309368381735082,0.36711317026759527)
(0.7552463795679616,0.2256452115297659)
(0.8551010892703863,0.13959473111378942)
(1.0026495766053398,0.02451533276259218)
(1.0528998603933046,-0.053274546548439015)
(1.1675535837006419,-0.15005935679778126)
(1.0899982655443983,-0.08909233619223557)
(0.6466674243112854,0.3157978439707471)
(0.711671610959725,0.28786872775769673)
(0.7717286241977818,0.24665352432209592)
(1.0864003403312918,-0.07958550856935376)
(0.8356281457995456,0.18755923899011792)
(1.175703202623324,-0.1625419080516527)
(0.7186795387950405,0.27495625114027133)
(1.3180140016694224,-0.32493372705364043)
(0.7618344143311302,0.24187054182967865)
(1.128263939246118,-0.13073362471475944)
(0.6966425969769804,0.30797478874323486)
(0.7483297049918086,0.24271860200397796)
(1.0666734270373937,-0.08730409601266743)
(0.6175467991867579,0.4159201955147739)
(0.9285672222683331,0.06778707196028051)
(0.9152821795733324,0.04366514734084686)
(0.6640619269716767,0.3389173121608368)
(0.740375349818315,0.2689165614801668)
(0.868309062499663,0.10900202126726753)
(0.8513364926958676,0.1264846960222956)
(1.1493494219991462,-0.1667262351322063)
(0.7339509249093361,0.25854203037228857)
(0.6457691995664921,0.3703688371959514)
(0.9722749906618235,0.029952487713304762)
(1.038347414703687,-0.02636136013857629)
(0.6072923619094125,0.41344480891707125)
(0.8389224008885935,0.1556008479837971)
(1.1703699481338445,-0.14751189063306558)
(0.6297122955966233,0.3810290201944467)
(0.7142070066732741,0.2937349397934382)
(0.751907486188602,0.2555719936822102)
(0.6935912308366644,0.31664223368352484)
(0.8840447948289171,0.11314334116956838)
(0.6045998110916607,0.4189671411645634)
(0.7285505010564037,0.2781328907782189)
(0.8343469030460052,0.17413756479197512)
(0.9553859815755161,0.047877886640301084)
(1.2983185470356207,-0.29525587427081146)
(0.6457331618680051,0.3448929827586222)
(0.7977918410379264,0.23315243335416644)
(0.8023735467036451,0.21402970184720269)
(1.0212840198891107,-0.028622346619540114)
(0.7107428591978057,0.2545640942576304)
(0.8430580421991581,0.17486985563697438)
(0.7820804435399371,0.2114210507346904)
(0.9360681397400982,0.06672821409074453)
(0.7243811400283591,0.2693034979418803)
(0.8794299355035207,0.1580613107266293)
(0.9343600836589306,0.06508615807763012)
(0.7651749538198507,0.23762982331076435)
(0.5355035817765467,0.4508660874783442)
(1.1064879309783242,-0.12021608899697715)
(0.7866187032597428,0.21392263170436648)
(0.8247161508743845,0.1704416968360819)
(1.078431612621544,-0.08912327557429374)
(0.9336107689769794,0.0459003345116449)
(0.5755220578191562,0.4110905226174797)
(1.141257456186546,-0.16993525204038493)
(1.040769343303402,-0.03094673770649536)
(0.7482636761245893,0.2407819536321634)
(0.8220909440687325,0.19230814355812856)
(0.8255911528369487,0.14196413232990795)
(0.8094061141625979,0.18716490792028337)
(1.1628597122185895,-0.16773019925824467)
(0.7169107420606957,0.27242490632812816)
(0.6742734340436544,0.31974983584680716)
(0.7007592417879938,0.29762386416432873)
(0.8162817315227955,0.16024369732542953)
(0.8001951624029545,0.18795859159088563)
(0.8353786796395422,0.14087568874279557)
(1.053353698969354,-0.04814301438486154)
(1.1347200778090052,-0.10803514284905547)
(0.9581656473735005,0.03807915520231875)
(0.9938617486974646,0.005308605606843924)
(0.9700626969692144,0.030953754050054346)
(0.8982505079202032,0.11105332822965737)
(0.5961127342658425,0.4028207445599792)
(1.1119133199055498,-0.10221256058065221)
(0.9168790013622711,0.06441520619160272)
(0.899316680053301,0.09889819008698106)
(0.7911823688840431,0.19476554768983426)
(0.8963140899179571,0.096464509678895)
(1.077207331910099,-0.053710698418362186)
(0.7424532484329146,0.2624444800701813)
(1.0901923745950954,-0.05889038320313095)
(1.7086090098891362,-0.6960756551646808)
(1.0710634192804473,-0.0738182728174808)
(1.1057100282799386,-0.08335378313271713)
(0.9480157902168429,0.05475931125185295)
(0.9746308303889398,0.04478195179578634)
(0.802051266063028,0.18934382281129913)
(0.7048612340572652,0.28427425383648)
(0.9009530097755922,0.11218367654603588)
(0.6122010241668464,0.3810955520548414)
(0.9523229347253732,0.036294411657208064)
(0.7584922765366396,0.2350932027586143)
(0.6385313586720589,0.3676408901291289)
(1.1114890567272075,-0.13541855732579813)
(0.8620506813493232,0.13891029340853817)
(0.7726339556571948,0.22250376575781255)
(0.7635275010934532,0.22378004623084852)
(1.0764101726365012,-0.07771080624217751)
(0.7454888061531688,0.2650763939171923)
(1.2289060527456481,-0.22684349606241136)
(0.8574846369647157,0.13780942789832842)
(0.8982838658392487,0.09892410438708037)
(1.0903322234959436,-0.1079978113751947)
(0.7920543514145635,0.20183500396295745)
(0.6614605155021701,0.37623280160852685)
(0.8998619630630184,0.10642166766916282)
(0.7027421484723259,0.2886497927031736)
(0.6773230813348685,0.3552172059213045)
(1.193058960954252,-0.19396957010030846)
(0.6755094141944581,0.31640714079074483)
(0.7608281246322204,0.2556973959699652)
(0.9147827587322642,0.08516404904541165)
(0.7764860676058424,0.22721552234586567)
(0.9368911449306114,0.06874732732922945)
(0.678878830745033,0.3302547868939543)
(0.8567785187098652,0.1351612246816828)
(0.8576312810858945,0.10134112619361763)
(0.8147948696095778,0.20000193706278485)
(0.9245331454300437,0.08355643753550868)
(1.11322522011891,-0.12172738267670588)
(0.8357394404062959,0.1721204976604784)
(0.8376720597805284,0.17159218644442392)
(0.885463017554455,0.1396203996527089)
(0.6772081656154313,0.3453759198001471)
(0.5289375816133531,0.441605846881159)
(1.0652012759251381,-0.05573460308609656)
(0.9084531439471595,0.08335062978581254)
(0.8766841550527896,0.12041149408778962)
(1.0775088702406723,-0.08632112949731362)
(0.7823127365932844,0.2047853578389873)
(1.4419051719972023,-0.4348307901741129)
(0.8007104059461537,0.18544831111605434)
(0.5720560472555544,0.41752274709060433)
(0.483016847381686,0.5082729606927309)
(0.6205453224836324,0.3640848727923192)
(0.9346458158527142,0.057793892412611444)
(0.8093975931386058,0.20087868974909234)
(1.0225302393559907,-0.0425798357930863)
(1.28029034435893,-0.27263624571908074)
(0.6625795807638237,0.33410082725947954)
(0.6666485565176491,0.3466019664724934)
(0.894092236108148,0.09517653231436092)
