(0.8462249859705955,0.15331881002610606)
(0.9278070422733548,0.06594100981485257)
(0.8953714200388974,0.10643887534636888)
(0.8932574453144048,0.10672644152846468)
(0.9419238124200883,0.057795212487745676)
(0.9212632472742299,0.08008910254315725)
(0.891717252564674,0.10950792908111363)
(0.8969889559459071,0.10647685114269209)
(0.9667767444193318,0.030249289120699404)
(0.91656043159234,0.08875234765842087)
(0.9193836400196473,0.08185741196669839)
(0.8657169849981997,0.13187396576417174)
(0.9228465138776372,0.07490530984734764)
(0.859459281230666,0.13403182162059019)
(0.918548870516409,0.08412806102219364)
(0.9034944268701809,0.09928014769380172)
(0.9387126780161198,0.06821597484380156)
(0.8996208825699936,0.097398409602442)
(0.9380678613225907,0.05484540226230977)
(0.9064033277407442,0.09125745148609408)
(0.892490702841056,0.10101364146928338)
(0.9540522030496829,0.05538571398451325)
(0.9024011992014626,0.08845395228653746)
(0.8864463555067006,0.1072388599410803)
(0.8534750499118874,0.13868444291856538)
(0.9493587873182389,0.05024423991786433)
(0.9040078061526454,0.09584078445813614)
(0.8822979350473739,0.1167012667873854)
(0.8532927810607532,0.14770726475723567)
(0.9005357516612644,0.09847395195798368)
(0.9143190037788997,0.09053332085337627)
(0.8894505063414717,0.10373477649166889)
(0.8891807697688732,0.11609450859563226)
(0.8708911890778295,0.13180192493842902)
(0.8737674433025319,0.12792731770435783)
(0.8748690960333493,0.13392417713570567)
(0.9142978065560614,0.07872253172337214)
(0.9640573098001975,0.04120013151852322)
(0.8596397116983654,0.1447122697812153)
(0.880968960102213,0.11608817635136395)
(0.8697520383129638,0.12916933764057678)
(0.8752060787238214,0.12407713789664412)
(0.8889569778508682,0.10670989116095592)
(0.898101109143305,0.10932393491116059)
(0.9227426221446807,0.07287973520629361)
(0.8986849210832722,0.10920405752694778)
(0.9120017668241478,0.08122225637035624)
(0.890801510968046,0.11010763100368819)
(0.9369577833172431,0.061603164663825156)
(0.8718356399325385,0.13047777676634403)
(0.8534003834661015,0.14829760057796093)
(0.9341006890597546,0.07450219992648686)
(0.9054360714969204,0.10392617302164013)
(0.9723648784507554,0.028113999741261806)
(0.9429264505956648,0.05214459659941358)
(0.8963469756352466,0.09869503777368788)
(0.9074258240897484,0.0959713656606844)
(0.869637335230999,0.12918873837818176)
(0.8515605712880625,0.14708996104587127)
(0.8650842893590996,0.13012984345373046)
(0.87580215970466,0.1352512526598956)
(0.9066346794345963,0.09693925782847389)
(0.9253916959102959,0.07405130557916717)
(0.874969974019463,0.12077080213071613)
(0.9430908535743904,0.06160878603392168)
(0.8775373302412336,0.12216759362545512)
(0.8819603694096704,0.11382991584735981)
(0.865703478194347,0.13533029204103378)
(0.904602212529436,0.09159042073589987)
(0.9058849999301223,0.08923854492304818)
(0.8558797571474206,0.14549854043045754)
(0.9188927873276967,0.08053008734594425)
(0.9179545404763295,0.0853733576925673)
(0.897162318231231,0.09818134069986467)
(0.9349930652476551,0.07286277928108309)
(0.8911818084104239,0.11094657406276924)
(0.8987414959914806,0.1015210597005461)
(0.899536456731781,0.09647699719906232)
(0.8664088215496298,0.13235000998714408)
(0.921585912387754,0.07416253080479082)
(0.9465468626623071,0.05497570503829123)
(0.9455372433207737,0.052013080198643126)
(0.8835086886937823,0.12195937399930698)
(0.9243038485066957,0.07539028929389324)
(0.8912414971876192,0.11004942848591562)
(0.8958278345867825,0.10432354466275913)
(0.9195207412085132,0.0801028480861052)
(0.8978542432689902,0.09387349782960139)
(0.8896225648961504,0.10444254894532028)
(0.9414193731131416,0.06203637593981259)
(0.8958597533360924,0.10397337872835433)
(0.9183426335459887,0.08616397320957095)
(0.9113431521222374,0.08602335475677193)
(0.9405854123950248,0.062210268773467595)
(0.8955482557177005,0.10577482296260314)
(0.8818685337307152,0.11271554013858973)
(0.9116499433677401,0.09305127876800552)
(0.8644101521736204,0.1376350199404163)
(0.9110449995062988,0.09476096928664571)
(0.8842399540749097,0.11975843460384328)
(0.8935545120900026,0.10892213618682947)
(0.8660684379459349,0.1436920868587733)
(0.8878535833897768,0.10761060388107388)
(0.970782143511089,0.03331098539450449)
(0.9206306744167119,0.0801024296164893)
(0.8949797036775279,0.09905313403776499)
(0.9277134814532492,0.07214232487356122)
(0.9601669104743846,0.04255776000850723)
(0.9176105999612603,0.08020040328407953)
(0.9282109948456323,0.07035281901926321)
(0.8569044321067496,0.1392985185018828)
(0.8957724454541529,0.10096638391688183)
(0.8874668872269852,0.1143723842476174)
(0.8686117864395514,0.1275192990207774)
(0.8919143667236881,0.10579058008700218)
(0.8482101879913058,0.15390994131377178)
(0.9264020074987402,0.07557212500577615)
(0.8900976751960674,0.09879705840212448)
(0.8713948866105409,0.11728741246386204)
(0.9070102594739898,0.10494821850706874)
(0.8924811529363289,0.11091407150478111)
(0.892191102491818,0.11262390440221218)
(0.9415944560118394,0.05170451747241634)
(0.9187597133513583,0.07070163514728045)
(0.9127696494630898,0.08790219797205476)
(0.8669874885724016,0.1331798787562463)
(0.9471791524656502,0.04824388422099416)
(0.9051059588195469,0.09920358836986207)
(0.9250051733373701,0.07245974429660386)
(0.873344493895844,0.12126460103394843)
(0.9748393302543444,0.019416241192844203)
(0.958443978206295,0.03960055949624031)
(0.8850647316226419,0.11051892363009874)
(0.9338615041947782,0.06722255207791095)
(0.8830169928660252,0.11711364876116165)
(0.8960736630090677,0.11317338363898541)
(0.87516990015908,0.12020987965976464)
(0.988187303145786,0.01755946027431918)
(0.9079786111093278,0.09152691111239804)
(0.9915403674419041,0.006746706147372154)
(0.9059503144634677,0.09376067538439278)
(0.8669405382756195,0.13200940761944896)
(0.8787063900496739,0.1182627563214328)
(0.9491212986329928,0.05224949847406572)
(0.8857579261638129,0.11226642874435479)
(0.8886010957896672,0.11412839837408074)
(0.856434624570061,0.14944077813952567)
(0.9367846467017705,0.06098167188780763)
(0.9324653554209025,0.07295302411929869)
(0.9004920809852951,0.10076946696326819)
(0.9362739637084032,0.05453678233345625)
(0.9784806133125883,0.020080498015379047)
(0.9081450375790937,0.09082934350797459)
(0.900922522684202,0.10424904149424147)
(0.9220990050831778,0.07051255596953267)
(0.9589916198172904,0.04182864374442071)
(0.8838923469861659,0.11970600589663388)
(0.9053512292918809,0.09501613441819735)
(0.9448124766976849,0.04587720701419236)
(0.8927769726957995,0.1018084978114228)
(0.8875486332895139,0.10517732350290786)
(0.9127631314252291,0.09142252068785715)
(0.8441295911069527,0.1585541101212407)
(0.8584437748797045,0.14455577746405832)
(0.8854278302804722,0.10599677061887111)
(0.8967442546160882,0.09907777197340471)
(0.8596173267831436,0.142128289009071)
(0.8750189521790882,0.12763716631594157)
(0.9178098172838883,0.08261572948120405)
(0.9046225890395947,0.09486051512480069)
(0.9366672740996302,0.06221788004065166)
(0.8949368294576547,0.10112456329303576)
(0.8580731552401826,0.14996720939532635)
(0.9167699051234609,0.07702782649634958)
(0.8939630645466413,0.10164558348692285)
(0.913307038219147,0.08132830961827987)
(0.9354450419939127,0.054711904225921974)
(0.9115408095756702,0.09189559258609144)
(0.9385478803601502,0.06346863972544269)
(0.8982530600214653,0.10334265284497325)
(0.9059808306494542,0.09514810266671048)
(0.9006192219595992,0.1007947841863924)
(0.9338014640719484,0.06686251879808558)
(0.8783557416790105,0.12840503939520145)
(0.9068649085101523,0.09860690801099416)
(0.930850367314986,0.06997903977757641)
(0.9577188825056986,0.045126762423956183)
(0.9621844158853584,0.034744099316878024)
(0.9109135481205749,0.08551617490065903)
(0.8975019054206733,0.09494911416783598)
(0.8749784329748695,0.1182934482380089)
(0.8778668783926369,0.1173322675377131)
(0.9189866030401251,0.08452411870023221)
(0.8987595316949094,0.09818795555231735)
(0.9599633588238258,0.04080263402231628)
(0.9681111394527607,0.04200139505373377)
(0.972668291141938,0.037802431795146176)
(0.8927964896371813,0.11181555225145422)
(0.9182238956782403,0.08735579715050801)
(0.8845158922394476,0.11771292815630634)
(0.9196783483709603,0.08510546365476271)
(0.8992238091659431,0.09264809979882609)
(0.8932366125786595,0.10015595690084253)
(0.9093419100024682,0.0943330777145452)
(0.8644421116257769,0.13999279240557547)
(0.9203164717648418,0.07237929292472801)
(0.8687771250713023,0.12877338017580756)
(0.9090252524700208,0.0889677303831645)
(0.8761269870881854,0.12452812536949787)
(0.9326538589012778,0.07120189719015625)
(0.911791650764959,0.08423842282148687)
(0.9362406446662962,0.06303067214753479)
(0.9244511307964508,0.08338984707330964)
(0.9686054399242726,0.02652956754679613)
(0.8180008412453003,0.17791387435612013)
(0.9154156809117685,0.08645910068274254)
(0.8962234674886859,0.09937280905278045)
(0.8255995487853007,0.17594658560694468)
(0.8923558251385288,0.1089668869881109)
(0.9298464073740944,0.06332564351655762)
(0.9230420649457213,0.07822088432941225)
(0.8512444908704949,0.14743720484900694)
(0.8552118336402742,0.1549421441510238)
(0.8405035911988686,0.15781082825066747)
(0.91071302561474,0.09113057955423781)
(0.8894808812423046,0.10774074081371836)
(0.8914060733959498,0.11172246637668343)
(0.8903355419529374,0.10662639898092068)
(0.8851226876309979,0.11830096657839824)
(0.8843789033471833,0.10498890106058996)
(0.9159532220621394,0.08131181411559439)
(0.8904373920125229,0.10750887119788602)
(0.8658406153100934,0.13178568714332572)
(0.9829453990044995,0.024212215374464923)
(0.8438489703088314,0.1542337890295614)
(0.9559369462805983,0.04713228836350606)
(0.9209868415129422,0.08628205725134017)
(0.8869151804879962,0.10736686025170972)
(0.9190899456199804,0.08362178338693683)
(0.8833055607364659,0.11659585336904407)
(0.8672754890514079,0.1358388344570313)
(0.8765396657204769,0.11602500603022008)
(0.8857020269391761,0.1094452468109456)
(0.8509512554063824,0.14142789367306796)
(0.9098109584018856,0.0865115795126089)
(0.9079385281746014,0.09193172544144003)
(0.9386794611088,0.0514753337682893)
(0.9072655239248626,0.10012788395021162)
(0.9332975240511057,0.06834250004391482)
(0.9271856460157581,0.07683313346285672)
(0.8966599591950656,0.10875319996708188)
(0.9191540087111275,0.07876157321984152)
(0.8723754740390486,0.1245927627220784)
(0.8895341732264572,0.10640068837318328)
(0.9256235012558621,0.07279629408729477)
(0.9446272668444134,0.06136647746195701)
(0.847839784053369,0.15961139618977221)
(0.8915133059414214,0.10646457796532732)
(0.9097685671286484,0.0897474279355219)
(0.9129139784790733,0.08794934492541111)
(0.8557769107255689,0.14178610698621688)
(0.9038641986668102,0.09825315322085806)
(0.8075705786589122,0.1944868282688941)
(0.8801380672036374,0.11269689572182179)
(0.8175806151236318,0.18295100674468426)
(0.8749566156785653,0.12206832971523676)
(0.8896994769604977,0.11719770010922113)
(0.858280832920701,0.14595904401990267)
(0.9334736305172597,0.06921626755258542)
(0.9076930811619475,0.09934102179361862)
(0.8581423486694328,0.14373799998002276)
(0.8494363794910771,0.14287654297438176)
(0.9034798871268332,0.0999620626125173)
(0.8849233542563603,0.11142678887175125)
(0.9009635276356381,0.0987803310312601)
(0.892974460328691,0.10502020090177061)
(0.8539719427593107,0.14346245478928202)
(0.8695536769101417,0.13041768008585286)
(0.9039352549033052,0.10126821301254942)
(0.8711473724591902,0.12817293009242092)
(0.8479398719733788,0.15115199813830796)
(0.8905429946174739,0.1095675714905438)
(0.8531123899075186,0.14054092311234734)
(0.9543602384071143,0.046099070480950084)
(0.9134632141841709,0.08411834346669732)
(0.8565124680080205,0.14084533860505946)
(0.8893731679980466,0.1200311308649047)
(0.9070582236928814,0.09233103751909456)
(0.8953789221706181,0.09710237066819784)
(0.9105182907861303,0.09382288820594357)
(0.8992148981678802,0.09869639601182228)
(0.8808892778753609,0.11844327572611017)
(0.8318861457588975,0.16422459290897948)
(0.8679304863757819,0.12904473736408842)
(0.919373946124323,0.07381744486739866)
(0.9190373451760424,0.07697499602651538)
(0.9384362412082465,0.060580013233665825)
(0.8737205283107816,0.13525800201932997)
(0.8972262980389483,0.10009512396418811)
(0.892275804286269,0.1062545331634832)
